year,city,state,skill,category,subcategory,job_type
2019,Köln,Nordrhein-Westfalen,nlp,Specialized ML,NLP,Both AI & ML
2019,Köln,Nordrhein-Westfalen,python,Occupational Attributes,Programming,Both AI & ML
2019,Bielefeld,Nordrhein-Westfalen,verantwortlich,Communication,Generic,ML
2019,Bielefeld,Nordrhein-Westfalen,integration,Occupational Attributes,EnterpriseSystem,ML
2019,Bielefeld,Nordrhein-Westfalen,analyse,Decision Making and Analytical,DecisionMaking,ML
2019,Bielefeld,Nordrhein-Westfalen,zusammenarbeit,Decision Making and Analytical,Interpersonal,ML
2019,Köln,Nordrhein-Westfalen,machine learning,Statistics and Data,DataMining,Both AI & ML
2019,Köln,Nordrhein-Westfalen,analytisch,Decision Making and Analytical,Analytical,Both AI & ML
2019,Köln,Nordrhein-Westfalen,machine learning,Statistics and Data,DataMining,Both AI & ML
2019,Köln,Nordrhein-Westfalen,statistik,Statistics and Data,Statistics,Both AI & ML
2019,Köln,Nordrhein-Westfalen,python,Occupational Attributes,Programming,Both AI & ML
2019,Köln,Nordrhein-Westfalen,sql,Statistics and Data,StructuredData,Both AI & ML
2019,Köln,Nordrhein-Westfalen,big data,Statistics and Data,BigData,Both AI & ML
2019,Köln,Nordrhein-Westfalen,machine learning,Statistics and Data,DataMining,Both AI & ML
2019,Köln,Nordrhein-Westfalen,machine learning,Statistics and Data,DataMining,Both AI & ML
2019,Köln,Nordrhein-Westfalen,zusammenarbeit,Decision Making and Analytical,Interpersonal,Both AI & ML
2019,Köln,Nordrhein-Westfalen,skalierung,Generative AI,Serving,Both AI & ML
2019,Köln,Nordrhein-Westfalen,statistik,Statistics and Data,Statistics,Both AI & ML
2019,Köln,Nordrhein-Westfalen,python,Occupational Attributes,Programming,Both AI & ML
2019,Köln,Nordrhein-Westfalen,big data,Statistics and Data,BigData,Both AI & ML
2019,Köln,Nordrhein-Westfalen,kommunikation,Decision Making and Analytical,MSOffice,Both AI & ML
2019,Frankfurt am Main,Hessen,machine learning,Statistics and Data,DataMining,ML
2019,Frankfurt am Main,Hessen,machine learning,Statistics and Data,DataMining,ML
2019,Frankfurt am Main,Hessen,analyse,Decision Making and Analytical,DecisionMaking,ML
2019,Frankfurt am Main,Hessen,mathematik,General,Numeracy,ML
2019,Frankfurt am Main,Hessen,statistik,Statistics and Data,Statistics,ML
2019,Frankfurt am Main,Hessen,machine learning,Statistics and Data,DataMining,ML
2019,Frankfurt am Main,Hessen,sql,Statistics and Data,StructuredData,ML
2019,Frankfurt am Main,Hessen,python,Occupational Attributes,Programming,ML
2019,Frankfurt am Main,Hessen,java,Occupational Attributes,Programming,ML
2019,Frankfurt am Main,Hessen,c + +,Occupational Attributes,Programming,ML
2019,Frankfurt am Main,Hessen,deutsch,General,ForeignLanguage,ML
2019,Frankfurt am Main,Hessen,englisch,General,ForeignLanguage,ML
2019,Esslingen,Baden-Württemberg,machine learning,Statistics and Data,DataMining,Both AI & ML
2019,Esslingen,Baden-Württemberg,programmierung,Occupational Attributes,Programming,Both AI & ML
2019,Esslingen,Baden-Württemberg,machine learning,Statistics and Data,DataMining,Both AI & ML
2019,Esslingen,Baden-Württemberg,integration,Occupational Attributes,EnterpriseSystem,Both AI & ML
2019,Esslingen,Baden-Württemberg,c #,Occupational Attributes,Programming,Both AI & ML
2019,Esslingen,Baden-Württemberg,integration,Occupational Attributes,EnterpriseSystem,Both AI & ML
2019,Esslingen,Baden-Württemberg,machine learning,Statistics and Data,DataMining,Both AI & ML
2019,Esslingen,Baden-Württemberg,analyse,Decision Making and Analytical,DecisionMaking,Both AI & ML
2019,Esslingen,Baden-Württemberg,integration,Occupational Attributes,EnterpriseSystem,Both AI & ML
2019,Esslingen,Baden-Württemberg,hardware,Occupational Attributes,Hardware,Both AI & ML
2019,Esslingen,Baden-Württemberg,programmierung,Occupational Attributes,Programming,Both AI & ML
2019,Esslingen,Baden-Württemberg,c + +,Occupational Attributes,Programming,Both AI & ML
2019,Esslingen,Baden-Württemberg,docker,MLOps,Tools,Both AI & ML
2019,Esslingen,Baden-Württemberg,machine learning,Statistics and Data,DataMining,Both AI & ML
2019,Esslingen,Baden-Württemberg,machine learning,Statistics and Data,DataMining,Both AI & ML
2019,Esslingen,Baden-Württemberg,analyse,Decision Making and Analytical,DecisionMaking,Both AI & ML
2019,Esslingen,Baden-Württemberg,mathematik,General,Numeracy,Both AI & ML
2019,Esslingen,Baden-Württemberg,python,Occupational Attributes,Programming,Both AI & ML
2019,Esslingen,Baden-Württemberg,programmierung,Occupational Attributes,Programming,Both AI & ML
2019,Esslingen,Baden-Württemberg,implementierung,Decision Making and Analytical,DecisionMaking,Both AI & ML
2019,München,Bayern,analyse,Decision Making and Analytical,DecisionMaking,ML
2019,München,Bayern,machine learning,Statistics and Data,DataMining,ML
2019,München,Bayern,machine learning,Statistics and Data,DataMining,ML
2019,München,Bayern,mathematik,General,Numeracy,ML
2019,München,Bayern,datenanalyse,General,Research,ML
2019,München,Bayern,python,Occupational Attributes,Programming,ML
2019,München,Bayern,sql,Statistics and Data,StructuredData,ML
2019,Köln,Nordrhein-Westfalen,verantwortlich,Communication,Generic,Both AI & ML
2019,Köln,Nordrhein-Westfalen,machine learning,Statistics and Data,DataMining,Both AI & ML
2019,Köln,Nordrhein-Westfalen,datenanalyse,General,Research,Both AI & ML
2019,Köln,Nordrhein-Westfalen,prognose,Statistics and Data,DataMining,Both AI & ML
2019,Köln,Nordrhein-Westfalen,implementierung,Decision Making and Analytical,DecisionMaking,Both AI & ML
2019,Köln,Nordrhein-Westfalen,pandas,Statistics and Data,Statistics,Both AI & ML
2019,Köln,Nordrhein-Westfalen,zusammenarbeit,Decision Making and Analytical,Interpersonal,Both AI & ML
2019,Köln,Nordrhein-Westfalen,mathematik,General,Numeracy,Both AI & ML
2019,Köln,Nordrhein-Westfalen,python,Occupational Attributes,Programming,Both AI & ML
2019,Köln,Nordrhein-Westfalen,sql,Statistics and Data,StructuredData,Both AI & ML
2019,Köln,Nordrhein-Westfalen,machine learning,Statistics and Data,DataMining,Both AI & ML
2019,Köln,Nordrhein-Westfalen,sql,Statistics and Data,StructuredData,Both AI & ML
2019,Köln,Nordrhein-Westfalen,nosql,Statistics and Data,BigData,Both AI & ML
2019,Köln,Nordrhein-Westfalen,aws,Cloud Platforms,AWS,Both AI & ML
2019,Köln,Nordrhein-Westfalen,azure,Cloud Platforms,Azure,Both AI & ML
2019,Köln,Nordrhein-Westfalen,datenanalyse,General,Research,Both AI & ML
2019,Stuttgart,Baden-Württemberg,sap,Occupational Attributes,EnterpriseSystem,AI
2019,Stuttgart,Baden-Württemberg,verantwortlich,Communication,Generic,AI
2019,Stuttgart,Baden-Württemberg,sap,Occupational Attributes,EnterpriseSystem,AI
2019,Stuttgart,Baden-Württemberg,sap,Occupational Attributes,EnterpriseSystem,AI
2019,Stuttgart,Baden-Württemberg,zusammenarbeit,Decision Making and Analytical,Interpersonal,AI
2019,Stuttgart,Baden-Württemberg,sap,Occupational Attributes,EnterpriseSystem,AI
2019,Stuttgart,Baden-Württemberg,integration,Occupational Attributes,EnterpriseSystem,AI
2019,Stuttgart,Baden-Württemberg,sap,Occupational Attributes,EnterpriseSystem,AI
2019,Berlin,Berlin,sap,Occupational Attributes,EnterpriseSystem,AI
2019,Berlin,Berlin,sap,Occupational Attributes,EnterpriseSystem,AI
2019,Berlin,Berlin,sap,Occupational Attributes,EnterpriseSystem,AI
2019,Berlin,Berlin,verantwortlich,Communication,Generic,AI
2019,Berlin,Berlin,sap,Occupational Attributes,EnterpriseSystem,AI
2019,Berlin,Berlin,sap,Occupational Attributes,EnterpriseSystem,AI
2019,Berlin,Berlin,sap,Occupational Attributes,EnterpriseSystem,AI
2019,Berlin,Berlin,sap,Occupational Attributes,EnterpriseSystem,AI
2019,Berlin,Berlin,sap,Occupational Attributes,EnterpriseSystem,AI
2019,Berlin,Berlin,sap,Occupational Attributes,EnterpriseSystem,AI
2019,Köln,Nordrhein-Westfalen,verantwortlich,Communication,Generic,ML
2019,Köln,Nordrhein-Westfalen,analyse,Decision Making and Analytical,DecisionMaking,ML
2019,Köln,Nordrhein-Westfalen,analyse,Decision Making and Analytical,DecisionMaking,ML
2019,Köln,Nordrhein-Westfalen,datenanalyse,General,Research,ML
2019,Köln,Nordrhein-Westfalen,zusammenarbeit,Decision Making and Analytical,Interpersonal,ML
2019,Köln,Nordrhein-Westfalen,implementierung,Decision Making and Analytical,DecisionMaking,ML
2019,Köln,Nordrhein-Westfalen,mathematik,General,Numeracy,ML
2019,Köln,Nordrhein-Westfalen,python,Occupational Attributes,Programming,ML
2019,Köln,Nordrhein-Westfalen,sql,Statistics and Data,StructuredData,ML
2019,Köln,Nordrhein-Westfalen,statistik,Statistics and Data,Statistics,ML
2019,Köln,Nordrhein-Westfalen,modellierung,Decision Making and Analytical,DecisionMaking,ML
2019,Leipzig,Sachsen,machine learning,Statistics and Data,DataMining,Both AI & ML
2019,Leipzig,Sachsen,analyse,Decision Making and Analytical,DecisionMaking,Both AI & ML
2019,Leipzig,Sachsen,machine learning,Statistics and Data,DataMining,Both AI & ML
2019,Leipzig,Sachsen,implementierung,Decision Making and Analytical,DecisionMaking,Both AI & ML
2019,Leipzig,Sachsen,nlp,Specialized ML,NLP,Both AI & ML
2019,Leipzig,Sachsen,zusammenarbeit,Decision Making and Analytical,Interpersonal,Both AI & ML
2019,Leipzig,Sachsen,integration,Occupational Attributes,EnterpriseSystem,Both AI & ML
2019,Leipzig,Sachsen,python,Occupational Attributes,Programming,Both AI & ML
2019,Leipzig,Sachsen,sql,Statistics and Data,StructuredData,Both AI & ML
2019,Leipzig,Sachsen,mathematik,General,Numeracy,Both AI & ML
2019,Leipzig,Sachsen,statistik,Statistics and Data,Statistics,Both AI & ML
2019,Leipzig,Sachsen,python,Occupational Attributes,Programming,Both AI & ML
2019,Leipzig,Sachsen,sql,Statistics and Data,StructuredData,Both AI & ML
2019,Leipzig,Sachsen,machine learning,Statistics and Data,DataMining,Both AI & ML
2019,Leipzig,Sachsen,nlp,Specialized ML,NLP,Both AI & ML
2019,Köln,Nordrhein-Westfalen,datenanalyse,General,Research,Both AI & ML
2019,Köln,Nordrhein-Westfalen,segmentierung,Specialized ML,ComputerVision,Both AI & ML
2019,Köln,Nordrhein-Westfalen,tableau,Occupational Attributes,Visualization,Both AI & ML
2019,Köln,Nordrhein-Westfalen,mathematik,General,Numeracy,Both AI & ML
2019,Köln,Nordrhein-Westfalen,big data,Statistics and Data,BigData,Both AI & ML
2019,Köln,Nordrhein-Westfalen,tableau,Occupational Attributes,Visualization,Both AI & ML
2019,Köln,Nordrhein-Westfalen,python,Occupational Attributes,Programming,Both AI & ML
2019,Köln,Nordrhein-Westfalen,sql,Statistics and Data,StructuredData,Both AI & ML
2019,Köln,Nordrhein-Westfalen,analyse,Decision Making and Analytical,DecisionMaking,Both AI & ML
2019,Köln,Nordrhein-Westfalen,implementierung,Decision Making and Analytical,DecisionMaking,Both AI & ML
2019,Köln,Nordrhein-Westfalen,maschinelles lernen,Statistics and Data,DataMining,Both AI & ML
2019,Köln,Nordrhein-Westfalen,zusammenarbeit,Decision Making and Analytical,Interpersonal,Both AI & ML
2019,Köln,Nordrhein-Westfalen,mathematik,General,Numeracy,Both AI & ML
2019,Köln,Nordrhein-Westfalen,machine learning,Statistics and Data,DataMining,Both AI & ML
2019,Köln,Nordrhein-Westfalen,python,Occupational Attributes,Programming,Both AI & ML
2019,Köln,Nordrhein-Westfalen,sql,Statistics and Data,StructuredData,Both AI & ML
2019,Köln,Nordrhein-Westfalen,pandas,Statistics and Data,Statistics,Both AI & ML
2019,Köln,Nordrhein-Westfalen,datenanalyse,General,Research,Both AI & ML
2019,Köln,Nordrhein-Westfalen,implementierung,Decision Making and Analytical,DecisionMaking,Both AI & ML
2019,Köln,Nordrhein-Westfalen,python,Occupational Attributes,Programming,Both AI & ML
2019,Köln,Nordrhein-Westfalen,sql,Statistics and Data,StructuredData,Both AI & ML
2019,Köln,Nordrhein-Westfalen,machine learning,Statistics and Data,DataMining,Both AI & ML
2019,Köln,Nordrhein-Westfalen,vorhersage,Statistics and Data,DataMining,Both AI & ML
2019,Köln,Nordrhein-Westfalen,zusammenarbeit,Decision Making and Analytical,Interpersonal,Both AI & ML
2019,Köln,Nordrhein-Westfalen,integration,Occupational Attributes,EnterpriseSystem,Both AI & ML
2019,Köln,Nordrhein-Westfalen,mathematik,General,Numeracy,Both AI & ML
2019,Köln,Nordrhein-Westfalen,machine learning,Statistics and Data,DataMining,Both AI & ML
2019,Köln,Nordrhein-Westfalen,pandas,Statistics and Data,Statistics,Both AI & ML
2019,Köln,Nordrhein-Westfalen,sql,Statistics and Data,StructuredData,Both AI & ML
2019,Köln,Nordrhein-Westfalen,big data,Statistics and Data,BigData,Both AI & ML
2019,Köln,Nordrhein-Westfalen,spark,Statistics and Data,BigData,Both AI & ML
2019,Köln,Nordrhein-Westfalen,hadoop,Statistics and Data,BigData,Both AI & ML
2019,Köln,Nordrhein-Westfalen,datenanalyse,General,Research,Both AI & ML
2019,Köln,Nordrhein-Westfalen,implementierung,Decision Making and Analytical,DecisionMaking,Both AI & ML
2019,Köln,Nordrhein-Westfalen,mathematik,General,Numeracy,Both AI & ML
2019,Köln,Nordrhein-Westfalen,statistik,Statistics and Data,Statistics,Both AI & ML
2019,Köln,Nordrhein-Westfalen,python,Occupational Attributes,Programming,Both AI & ML
2019,Köln,Nordrhein-Westfalen,sql,Statistics and Data,StructuredData,Both AI & ML
2019,Köln,Nordrhein-Westfalen,datenanalyse,General,Research,Both AI & ML
2019,Köln,Nordrhein-Westfalen,pandas,Statistics and Data,Statistics,Both AI & ML
2019,Köln,Nordrhein-Westfalen,machine learning,Statistics and Data,DataMining,Both AI & ML
2019,Köln,Nordrhein-Westfalen,tableau,Occupational Attributes,Visualization,Both AI & ML
2019,Köln,Nordrhein-Westfalen,big data,Statistics and Data,BigData,Both AI & ML
2019,Köln,Nordrhein-Westfalen,spark,Statistics and Data,BigData,Both AI & ML
2019,Köln,Nordrhein-Westfalen,hadoop,Statistics and Data,BigData,Both AI & ML
2019,Köln,Nordrhein-Westfalen,verantwortlich,Communication,Generic,Both AI & ML
2019,Köln,Nordrhein-Westfalen,implementierung,Decision Making and Analytical,DecisionMaking,Both AI & ML
2019,Köln,Nordrhein-Westfalen,machine learning,Statistics and Data,DataMining,Both AI & ML
2019,Köln,Nordrhein-Westfalen,machine learning,Statistics and Data,DataMining,Both AI & ML
2019,Köln,Nordrhein-Westfalen,vorhersage,Statistics and Data,DataMining,Both AI & ML
2019,Köln,Nordrhein-Westfalen,datenanalyse,General,Research,Both AI & ML
2019,Köln,Nordrhein-Westfalen,python,Occupational Attributes,Programming,Both AI & ML
2019,Köln,Nordrhein-Westfalen,sql,Statistics and Data,StructuredData,Both AI & ML
2019,Köln,Nordrhein-Westfalen,pandas,Statistics and Data,Statistics,Both AI & ML
2019,Köln,Nordrhein-Westfalen,zusammenarbeit,Decision Making and Analytical,Interpersonal,Both AI & ML
2019,Köln,Nordrhein-Westfalen,implementierung,Decision Making and Analytical,DecisionMaking,Both AI & ML
2019,Köln,Nordrhein-Westfalen,mathematik,General,Numeracy,Both AI & ML
2019,Köln,Nordrhein-Westfalen,statistik,Statistics and Data,Statistics,Both AI & ML
2019,Köln,Nordrhein-Westfalen,machine learning,Statistics and Data,DataMining,Both AI & ML
2019,Köln,Nordrhein-Westfalen,big data,Statistics and Data,BigData,Both AI & ML
2019,Köln,Nordrhein-Westfalen,spark,Statistics and Data,BigData,Both AI & ML
2019,Köln,Nordrhein-Westfalen,hadoop,Statistics and Data,BigData,Both AI & ML
2019,Köln,Nordrhein-Westfalen,analyse,Decision Making and Analytical,DecisionMaking,Both AI & ML
2019,Köln,Nordrhein-Westfalen,python,Occupational Attributes,Programming,Both AI & ML
2019,Köln,Nordrhein-Westfalen,sql,Statistics and Data,StructuredData,Both AI & ML
2019,Köln,Nordrhein-Westfalen,implementierung,Decision Making and Analytical,DecisionMaking,Both AI & ML
2019,Köln,Nordrhein-Westfalen,machine learning,Statistics and Data,DataMining,Both AI & ML
2019,Köln,Nordrhein-Westfalen,zusammenarbeit,Decision Making and Analytical,Interpersonal,Both AI & ML
2019,Köln,Nordrhein-Westfalen,mathematik,General,Numeracy,Both AI & ML
2019,Köln,Nordrhein-Westfalen,statistik,Statistics and Data,Statistics,Both AI & ML
2019,Köln,Nordrhein-Westfalen,python,Occupational Attributes,Programming,Both AI & ML
2019,Köln,Nordrhein-Westfalen,sql,Statistics and Data,StructuredData,Both AI & ML
2019,Köln,Nordrhein-Westfalen,machine learning,Statistics and Data,DataMining,Both AI & ML
2019,Köln,Nordrhein-Westfalen,machine learning,Statistics and Data,DataMining,Both AI & ML
2019,Köln,Nordrhein-Westfalen,implementierung,Decision Making and Analytical,DecisionMaking,Both AI & ML
2019,Köln,Nordrhein-Westfalen,machine learning,Statistics and Data,DataMining,Both AI & ML
2019,Köln,Nordrhein-Westfalen,analyse,Decision Making and Analytical,DecisionMaking,Both AI & ML
2019,Köln,Nordrhein-Westfalen,python,Occupational Attributes,Programming,Both AI & ML
2019,Köln,Nordrhein-Westfalen,pandas,Statistics and Data,Statistics,Both AI & ML
2019,Köln,Nordrhein-Westfalen,zusammenarbeit,Decision Making and Analytical,Interpersonal,Both AI & ML
2019,Köln,Nordrhein-Westfalen,integration,Occupational Attributes,EnterpriseSystem,Both AI & ML
2019,Köln,Nordrhein-Westfalen,mathematik,General,Numeracy,Both AI & ML
2019,Köln,Nordrhein-Westfalen,machine learning,Statistics and Data,DataMining,Both AI & ML
2019,Köln,Nordrhein-Westfalen,python,Occupational Attributes,Programming,Both AI & ML
2019,Köln,Nordrhein-Westfalen,datenanalyse,General,Research,Both AI & ML
2019,Köln,Nordrhein-Westfalen,pandas,Statistics and Data,Statistics,Both AI & ML
2019,Köln,Nordrhein-Westfalen,machine learning,Statistics and Data,DataMining,Both AI & ML
2019,Düsseldorf,Nordrhein-Westfalen,analyse,Decision Making and Analytical,DecisionMaking,Both AI & ML
2019,Düsseldorf,Nordrhein-Westfalen,analyse,Decision Making and Analytical,DecisionMaking,Both AI & ML
2019,Düsseldorf,Nordrhein-Westfalen,implementierung,Decision Making and Analytical,DecisionMaking,Both AI & ML
2019,Düsseldorf,Nordrhein-Westfalen,machine learning,Statistics and Data,DataMining,Both AI & ML
2019,Düsseldorf,Nordrhein-Westfalen,mathematik,General,Numeracy,Both AI & ML
2019,Düsseldorf,Nordrhein-Westfalen,statistik,Statistics and Data,Statistics,Both AI & ML
2019,Düsseldorf,Nordrhein-Westfalen,python,Occupational Attributes,Programming,Both AI & ML
2019,Düsseldorf,Nordrhein-Westfalen,sql,Statistics and Data,StructuredData,Both AI & ML
2019,Düsseldorf,Nordrhein-Westfalen,machine learning,Statistics and Data,DataMining,Both AI & ML
2019,Düsseldorf,Nordrhein-Westfalen,datenanalyse,General,Research,Both AI & ML
2019,Düsseldorf,Nordrhein-Westfalen,pandas,Statistics and Data,Statistics,Both AI & ML
2019,Düsseldorf,Nordrhein-Westfalen,big data,Statistics and Data,BigData,Both AI & ML
2019,Düsseldorf,Nordrhein-Westfalen,spark,Statistics and Data,BigData,Both AI & ML
2019,Düsseldorf,Nordrhein-Westfalen,hadoop,Statistics and Data,BigData,Both AI & ML
2019,Düsseldorf,Nordrhein-Westfalen,verantwortlich,Communication,Generic,Both AI & ML
2019,Düsseldorf,Nordrhein-Westfalen,integration,Occupational Attributes,EnterpriseSystem,Both AI & ML
2019,Düsseldorf,Nordrhein-Westfalen,implementierung,Decision Making and Analytical,DecisionMaking,Both AI & ML
2019,Düsseldorf,Nordrhein-Westfalen,zusammenarbeit,Decision Making and Analytical,Interpersonal,Both AI & ML
2019,Düsseldorf,Nordrhein-Westfalen,integration,Occupational Attributes,EnterpriseSystem,Both AI & ML
2019,Düsseldorf,Nordrhein-Westfalen,programmierung,Occupational Attributes,Programming,Both AI & ML
2019,Düsseldorf,Nordrhein-Westfalen,dokumentation,Decision Making and Analytical,MSOffice,Both AI & ML
2019,Düsseldorf,Nordrhein-Westfalen,programmierung,Occupational Attributes,Programming,Both AI & ML
2019,München,Bayern,analyse,Decision Making and Analytical,DecisionMaking,Both AI & ML
2019,München,Bayern,analyse,Decision Making and Analytical,DecisionMaking,Both AI & ML
2019,München,Bayern,implementierung,Decision Making and Analytical,DecisionMaking,Both AI & ML
2019,München,Bayern,prognose,Statistics and Data,DataMining,Both AI & ML
2019,München,Bayern,zusammenarbeit,Decision Making and Analytical,Interpersonal,Both AI & ML
2019,München,Bayern,integration,Occupational Attributes,EnterpriseSystem,Both AI & ML
2019,München,Bayern,mathematik,General,Numeracy,Both AI & ML
2019,München,Bayern,statistik,Statistics and Data,Statistics,Both AI & ML
2019,München,Bayern,python,Occupational Attributes,Programming,Both AI & ML
2019,München,Bayern,sql,Statistics and Data,StructuredData,Both AI & ML
2019,München,Bayern,machine learning,Statistics and Data,DataMining,Both AI & ML
2019,München,Bayern,pandas,Statistics and Data,Statistics,Both AI & ML
2019,Stuttgart,Baden-Württemberg,big data,Statistics and Data,BigData,Both AI & ML
2019,Stuttgart,Baden-Württemberg,big data,Statistics and Data,BigData,Both AI & ML
2019,Stuttgart,Baden-Württemberg,verantwortlich,Communication,Generic,Both AI & ML
2019,Stuttgart,Baden-Württemberg,implementierung,Decision Making and Analytical,DecisionMaking,Both AI & ML
2019,Stuttgart,Baden-Württemberg,machine learning,Statistics and Data,DataMining,Both AI & ML
2019,Stuttgart,Baden-Württemberg,big data,Statistics and Data,BigData,Both AI & ML
2019,Stuttgart,Baden-Württemberg,spark,Statistics and Data,BigData,Both AI & ML
2019,Stuttgart,Baden-Württemberg,hadoop,Statistics and Data,BigData,Both AI & ML
2019,Stuttgart,Baden-Württemberg,implementierung,Decision Making and Analytical,DecisionMaking,Both AI & ML
2019,Stuttgart,Baden-Württemberg,machine learning,Statistics and Data,DataMining,Both AI & ML
2019,Stuttgart,Baden-Württemberg,analyse,Decision Making and Analytical,DecisionMaking,Both AI & ML
2019,Stuttgart,Baden-Württemberg,python,Occupational Attributes,Programming,Both AI & ML
2019,Stuttgart,Baden-Württemberg,pandas,Statistics and Data,Statistics,Both AI & ML
2019,Stuttgart,Baden-Württemberg,sql,Statistics and Data,StructuredData,Both AI & ML
2019,Stuttgart,Baden-Württemberg,integration,Occupational Attributes,EnterpriseSystem,Both AI & ML
2019,Stuttgart,Baden-Württemberg,python,Occupational Attributes,Programming,Both AI & ML
2019,Stuttgart,Baden-Württemberg,pandas,Statistics and Data,Statistics,Both AI & ML
2019,Stuttgart,Baden-Württemberg,spark,Statistics and Data,BigData,Both AI & ML
2019,Stuttgart,Baden-Württemberg,hadoop,Statistics and Data,BigData,Both AI & ML
2019,Stuttgart,Baden-Württemberg,machine learning,Statistics and Data,DataMining,Both AI & ML
2019,Düsseldorf,Nordrhein-Westfalen,machine learning,Statistics and Data,DataMining,Both AI & ML
2019,Düsseldorf,Nordrhein-Westfalen,python,Occupational Attributes,Programming,Both AI & ML
2019,Düsseldorf,Nordrhein-Westfalen,datenanalyse,General,Research,Both AI & ML
2019,Düsseldorf,Nordrhein-Westfalen,pandas,Statistics and Data,Statistics,Both AI & ML
2019,Münster,Nordrhein-Westfalen,analyse,Decision Making and Analytical,DecisionMaking,ML
2019,Münster,Nordrhein-Westfalen,implementierung,Decision Making and Analytical,DecisionMaking,ML
2019,Münster,Nordrhein-Westfalen,sql,Statistics and Data,StructuredData,ML
2019,Münster,Nordrhein-Westfalen,selbstständig,Employee Attributes,Independence,ML
2019,Ludwigshafen am Rhein,Rheinland-Pfalz,implementierung,Decision Making and Analytical,DecisionMaking,Both AI & ML
2019,Ludwigshafen am Rhein,Rheinland-Pfalz,analyse,Decision Making and Analytical,DecisionMaking,Both AI & ML
2019,Ludwigshafen am Rhein,Rheinland-Pfalz,implementierung,Decision Making and Analytical,DecisionMaking,Both AI & ML
2019,Ludwigshafen am Rhein,Rheinland-Pfalz,datenanalyse,General,Research,Both AI & ML
2019,Ludwigshafen am Rhein,Rheinland-Pfalz,analyse,Decision Making and Analytical,DecisionMaking,Both AI & ML
2019,Köln,Nordrhein-Westfalen,implementierung,Decision Making and Analytical,DecisionMaking,Both AI & ML
2019,Köln,Nordrhein-Westfalen,python,Occupational Attributes,Programming,Both AI & ML
2019,Köln,Nordrhein-Westfalen,zusammenarbeit,Decision Making and Analytical,Interpersonal,Both AI & ML
2019,Köln,Nordrhein-Westfalen,integration,Occupational Attributes,EnterpriseSystem,Both AI & ML
2019,Köln,Nordrhein-Westfalen,mathematik,General,Numeracy,Both AI & ML
2019,Köln,Nordrhein-Westfalen,python,Occupational Attributes,Programming,Both AI & ML
2019,Köln,Nordrhein-Westfalen,sql,Statistics and Data,StructuredData,Both AI & ML
2019,Köln,Nordrhein-Westfalen,machine learning,Statistics and Data,DataMining,Both AI & ML
2019,Köln,Nordrhein-Westfalen,big data,Statistics and Data,BigData,Both AI & ML
2019,Köln,Nordrhein-Westfalen,spark,Statistics and Data,BigData,Both AI & ML
2019,Köln,Nordrhein-Westfalen,hadoop,Statistics and Data,BigData,Both AI & ML
2019,Köln,Nordrhein-Westfalen,zusammenarbeit,Decision Making and Analytical,Interpersonal,Both AI & ML
2019,Düsseldorf,Nordrhein-Westfalen,implementierung,Decision Making and Analytical,DecisionMaking,Both AI & ML
2019,Düsseldorf,Nordrhein-Westfalen,implementierung,Decision Making and Analytical,DecisionMaking,Both AI & ML
2019,Düsseldorf,Nordrhein-Westfalen,implementierung,Decision Making and Analytical,DecisionMaking,Both AI & ML
2019,Köln,Nordrhein-Westfalen,machine learning,Statistics and Data,DataMining,Both AI & ML
2019,Köln,Nordrhein-Westfalen,analyse,Decision Making and Analytical,DecisionMaking,Both AI & ML
2019,Köln,Nordrhein-Westfalen,python,Occupational Attributes,Programming,Both AI & ML
2019,Köln,Nordrhein-Westfalen,sql,Statistics and Data,StructuredData,Both AI & ML
2019,Köln,Nordrhein-Westfalen,implementierung,Decision Making and Analytical,DecisionMaking,Both AI & ML
2019,Köln,Nordrhein-Westfalen,zusammenarbeit,Decision Making and Analytical,Interpersonal,Both AI & ML
2019,Köln,Nordrhein-Westfalen,integration,Occupational Attributes,EnterpriseSystem,Both AI & ML
2019,Köln,Nordrhein-Westfalen,mathematik,General,Numeracy,Both AI & ML
2019,Köln,Nordrhein-Westfalen,statistik,Statistics and Data,Statistics,Both AI & ML
2019,Köln,Nordrhein-Westfalen,python,Occupational Attributes,Programming,Both AI & ML
2019,Köln,Nordrhein-Westfalen,pandas,Statistics and Data,Statistics,Both AI & ML
2019,Köln,Nordrhein-Westfalen,datenanalyse,General,Research,Both AI & ML
2019,Berlin,Berlin,reporting,Decision Making and Analytical,DecisionMaking,ML
2019,Berlin,Berlin,machine learning,Statistics and Data,DataMining,ML
2019,Berlin,Berlin,reporting,Decision Making and Analytical,DecisionMaking,ML
2019,Berlin,Berlin,analyse,Decision Making and Analytical,DecisionMaking,ML
2019,Berlin,Berlin,machine learning,Statistics and Data,DataMining,ML
2019,Berlin,Berlin,reporting,Decision Making and Analytical,DecisionMaking,ML
2019,Berlin,Berlin,zusammenarbeit,Decision Making and Analytical,Interpersonal,ML
2019,Berlin,Berlin,machine learning,Statistics and Data,DataMining,ML
2019,Berlin,Berlin,reporting,Decision Making and Analytical,DecisionMaking,ML
2019,Köln,Nordrhein-Westfalen,implementierung,Decision Making and Analytical,DecisionMaking,Both AI & ML
2019,Köln,Nordrhein-Westfalen,machine learning,Statistics and Data,DataMining,Both AI & ML
2019,Köln,Nordrhein-Westfalen,datenanalyse,General,Research,Both AI & ML
2019,Köln,Nordrhein-Westfalen,vorhersage,Statistics and Data,DataMining,Both AI & ML
2019,Köln,Nordrhein-Westfalen,analyse,Decision Making and Analytical,DecisionMaking,Both AI & ML
2019,Köln,Nordrhein-Westfalen,implementierung,Decision Making and Analytical,DecisionMaking,Both AI & ML
2019,Köln,Nordrhein-Westfalen,python,Occupational Attributes,Programming,Both AI & ML
2019,Köln,Nordrhein-Westfalen,sql,Statistics and Data,StructuredData,Both AI & ML
2019,Köln,Nordrhein-Westfalen,mathematik,General,Numeracy,Both AI & ML
2019,Köln,Nordrhein-Westfalen,machine learning,Statistics and Data,DataMining,Both AI & ML
2019,Köln,Nordrhein-Westfalen,verantwortlich,Communication,Generic,Both AI & ML
2019,Köln,Nordrhein-Westfalen,analyse,Decision Making and Analytical,DecisionMaking,Both AI & ML
2019,Köln,Nordrhein-Westfalen,machine learning,Statistics and Data,DataMining,Both AI & ML
2019,Köln,Nordrhein-Westfalen,analyse,Decision Making and Analytical,DecisionMaking,Both AI & ML
2019,Köln,Nordrhein-Westfalen,python,Occupational Attributes,Programming,Both AI & ML
2019,Köln,Nordrhein-Westfalen,sql,Statistics and Data,StructuredData,Both AI & ML
2019,Köln,Nordrhein-Westfalen,tableau,Occupational Attributes,Visualization,Both AI & ML
2019,Köln,Nordrhein-Westfalen,zusammenarbeit,Decision Making and Analytical,Interpersonal,Both AI & ML
2019,Köln,Nordrhein-Westfalen,mathematik,General,Numeracy,Both AI & ML
2019,Köln,Nordrhein-Westfalen,statistik,Statistics and Data,Statistics,Both AI & ML
2019,Köln,Nordrhein-Westfalen,python,Occupational Attributes,Programming,Both AI & ML
2019,Köln,Nordrhein-Westfalen,sql,Statistics and Data,StructuredData,Both AI & ML
2019,Köln,Nordrhein-Westfalen,tableau,Occupational Attributes,Visualization,Both AI & ML
2019,Köln,Nordrhein-Westfalen,statistik,Statistics and Data,Statistics,Both AI & ML
2019,Düsseldorf,Nordrhein-Westfalen,machine learning,Statistics and Data,DataMining,Both AI & ML
2019,Düsseldorf,Nordrhein-Westfalen,implementierung,Decision Making and Analytical,DecisionMaking,Both AI & ML
2019,Düsseldorf,Nordrhein-Westfalen,machine learning,Statistics and Data,DataMining,Both AI & ML
2019,Düsseldorf,Nordrhein-Westfalen,datenanalyse,General,Research,Both AI & ML
2019,Düsseldorf,Nordrhein-Westfalen,prognose,Statistics and Data,DataMining,Both AI & ML
2019,Düsseldorf,Nordrhein-Westfalen,big data,Statistics and Data,BigData,Both AI & ML
2019,Düsseldorf,Nordrhein-Westfalen,spark,Statistics and Data,BigData,Both AI & ML
2019,Düsseldorf,Nordrhein-Westfalen,hadoop,Statistics and Data,BigData,Both AI & ML
2019,Düsseldorf,Nordrhein-Westfalen,zusammenarbeit,Decision Making and Analytical,Interpersonal,Both AI & ML
2019,Düsseldorf,Nordrhein-Westfalen,mathematik,General,Numeracy,Both AI & ML
2019,Düsseldorf,Nordrhein-Westfalen,sql,Statistics and Data,StructuredData,Both AI & ML
2019,Düsseldorf,Nordrhein-Westfalen,nosql,Statistics and Data,BigData,Both AI & ML
2019,Düsseldorf,Nordrhein-Westfalen,machine learning,Statistics and Data,DataMining,Both AI & ML
2019,Düsseldorf,Nordrhein-Westfalen,big data,Statistics and Data,BigData,Both AI & ML
2019,Düsseldorf,Nordrhein-Westfalen,aws,Cloud Platforms,AWS,Both AI & ML
2019,Düsseldorf,Nordrhein-Westfalen,azure,Cloud Platforms,Azure,Both AI & ML
2019,Düsseldorf,Nordrhein-Westfalen,python,Occupational Attributes,Programming,Both AI & ML
2019,Düsseldorf,Nordrhein-Westfalen,datenanalyse,General,Research,Both AI & ML
2019,Düsseldorf,Nordrhein-Westfalen,pandas,Statistics and Data,Statistics,Both AI & ML
2019,Dortmund,Nordrhein-Westfalen,analyse,Decision Making and Analytical,DecisionMaking,Both AI & ML
2019,Dortmund,Nordrhein-Westfalen,machine learning,Statistics and Data,DataMining,Both AI & ML
2019,Dortmund,Nordrhein-Westfalen,implementierung,Decision Making and Analytical,DecisionMaking,Both AI & ML
2019,Dortmund,Nordrhein-Westfalen,machine learning,Statistics and Data,DataMining,Both AI & ML
2019,Dortmund,Nordrhein-Westfalen,datenanalyse,General,Research,Both AI & ML
2019,Dortmund,Nordrhein-Westfalen,prognose,Statistics and Data,DataMining,Both AI & ML
2019,Dortmund,Nordrhein-Westfalen,zusammenarbeit,Decision Making and Analytical,Interpersonal,Both AI & ML
2019,Dortmund,Nordrhein-Westfalen,integration,Occupational Attributes,EnterpriseSystem,Both AI & ML
2019,Dortmund,Nordrhein-Westfalen,pandas,Statistics and Data,Statistics,Both AI & ML
2019,Dortmund,Nordrhein-Westfalen,mathematik,General,Numeracy,Both AI & ML
2019,Dortmund,Nordrhein-Westfalen,statistik,Statistics and Data,Statistics,Both AI & ML
2019,Dortmund,Nordrhein-Westfalen,programmierung,Occupational Attributes,Programming,Both AI & ML
2019,Dortmund,Nordrhein-Westfalen,python,Occupational Attributes,Programming,Both AI & ML
2019,Dortmund,Nordrhein-Westfalen,sql,Statistics and Data,StructuredData,Both AI & ML
2019,Dortmund,Nordrhein-Westfalen,machine learning,Statistics and Data,DataMining,Both AI & ML
2019,Dortmund,Nordrhein-Westfalen,big data,Statistics and Data,BigData,Both AI & ML
2019,Dortmund,Nordrhein-Westfalen,spark,Statistics and Data,BigData,Both AI & ML
2019,Dortmund,Nordrhein-Westfalen,hadoop,Statistics and Data,BigData,Both AI & ML
2019,München,Bayern,machine learning,Statistics and Data,DataMining,ML
2019,München,Bayern,analyse,Decision Making and Analytical,DecisionMaking,ML
2019,München,Bayern,mathematik,General,Numeracy,ML
2019,München,Bayern,python,Occupational Attributes,Programming,ML
2019,München,Bayern,sql,Statistics and Data,StructuredData,ML
2019,München,Bayern,sql,Statistics and Data,StructuredData,ML
2019,München,Bayern,statistik,Statistics and Data,Statistics,ML
2019,München,Bayern,machine learning,Statistics and Data,DataMining,ML
2019,München,Bayern,deutsch,General,ForeignLanguage,ML
2019,Köln,Nordrhein-Westfalen,verantwortlich,Communication,Generic,Both AI & ML
2019,Köln,Nordrhein-Westfalen,analyse,Decision Making and Analytical,DecisionMaking,Both AI & ML
2019,Köln,Nordrhein-Westfalen,analyse,Decision Making and Analytical,DecisionMaking,Both AI & ML
2019,Köln,Nordrhein-Westfalen,implementierung,Decision Making and Analytical,DecisionMaking,Both AI & ML
2019,Köln,Nordrhein-Westfalen,machine learning,Statistics and Data,DataMining,Both AI & ML
2019,Köln,Nordrhein-Westfalen,zusammenarbeit,Decision Making and Analytical,Interpersonal,Both AI & ML
2019,Köln,Nordrhein-Westfalen,präsentation,Communication,Presentation,Both AI & ML
2019,Köln,Nordrhein-Westfalen,mathematik,General,Numeracy,Both AI & ML
2019,Köln,Nordrhein-Westfalen,statistik,Statistics and Data,Statistics,Both AI & ML
2019,Köln,Nordrhein-Westfalen,python,Occupational Attributes,Programming,Both AI & ML
2019,Köln,Nordrhein-Westfalen,sql,Statistics and Data,StructuredData,Both AI & ML
2019,Köln,Nordrhein-Westfalen,machine learning,Statistics and Data,DataMining,Both AI & ML
2019,Köln,Nordrhein-Westfalen,pandas,Statistics and Data,Statistics,Both AI & ML
2019,Köln,Nordrhein-Westfalen,big data,Statistics and Data,BigData,Both AI & ML
2019,Köln,Nordrhein-Westfalen,spark,Statistics and Data,BigData,Both AI & ML
2019,Köln,Nordrhein-Westfalen,hadoop,Statistics and Data,BigData,Both AI & ML
2019,Köln,Nordrhein-Westfalen,verantwortlich,Communication,Generic,ML
2019,Köln,Nordrhein-Westfalen,analyse,Decision Making and Analytical,DecisionMaking,ML
2019,Köln,Nordrhein-Westfalen,datenanalyse,General,Research,ML
2019,Köln,Nordrhein-Westfalen,zusammenarbeit,Decision Making and Analytical,Interpersonal,ML
2019,Köln,Nordrhein-Westfalen,implementierung,Decision Making and Analytical,DecisionMaking,ML
2019,Köln,Nordrhein-Westfalen,python,Occupational Attributes,Programming,ML
2019,Köln,Nordrhein-Westfalen,sql,Statistics and Data,StructuredData,ML
2019,Köln,Nordrhein-Westfalen,sql,Statistics and Data,StructuredData,ML
2019,Köln,Nordrhein-Westfalen,nosql,Statistics and Data,BigData,ML
2019,Köln,Nordrhein-Westfalen,analyse,Decision Making and Analytical,DecisionMaking,ML
2019,Köln,Nordrhein-Westfalen,pandas,Statistics and Data,Statistics,ML
2019,Köln,Nordrhein-Westfalen,tableau,Occupational Attributes,Visualization,ML
2019,Köln,Nordrhein-Westfalen,implementierung,Decision Making and Analytical,DecisionMaking,Both AI & ML
2019,Köln,Nordrhein-Westfalen,analyse,Decision Making and Analytical,DecisionMaking,Both AI & ML
2019,Köln,Nordrhein-Westfalen,implementierung,Decision Making and Analytical,DecisionMaking,Both AI & ML
2019,Köln,Nordrhein-Westfalen,analyse,Decision Making and Analytical,DecisionMaking,Both AI & ML
2019,Köln,Nordrhein-Westfalen,zusammenarbeit,Decision Making and Analytical,Interpersonal,Both AI & ML
2019,Köln,Nordrhein-Westfalen,programmierung,Occupational Attributes,Programming,Both AI & ML
2019,Köln,Nordrhein-Westfalen,python,Occupational Attributes,Programming,Both AI & ML
2019,Köln,Nordrhein-Westfalen,sql,Statistics and Data,StructuredData,Both AI & ML
2019,Köln,Nordrhein-Westfalen,machine learning,Statistics and Data,DataMining,Both AI & ML
2019,Köln,Nordrhein-Westfalen,big data,Statistics and Data,BigData,Both AI & ML
2019,Köln,Nordrhein-Westfalen,integration,Occupational Attributes,EnterpriseSystem,Both AI & ML
2019,Köln,Nordrhein-Westfalen,machine learning,Statistics and Data,DataMining,Both AI & ML
2019,Köln,Nordrhein-Westfalen,zusammenarbeit,Decision Making and Analytical,Interpersonal,Both AI & ML
2019,Köln,Nordrhein-Westfalen,big data,Statistics and Data,BigData,Both AI & ML
2019,Köln,Nordrhein-Westfalen,integration,Occupational Attributes,EnterpriseSystem,Both AI & ML
2019,Köln,Nordrhein-Westfalen,machine learning,Statistics and Data,DataMining,Both AI & ML
2019,Köln,Nordrhein-Westfalen,implementierung,Decision Making and Analytical,DecisionMaking,Both AI & ML
2019,Köln,Nordrhein-Westfalen,docker,MLOps,Tools,Both AI & ML
2019,Köln,Nordrhein-Westfalen,kubernetes,MLOps,Tools,Both AI & ML
2019,Köln,Nordrhein-Westfalen,python,Occupational Attributes,Programming,Both AI & ML
2019,Köln,Nordrhein-Westfalen,sql,Statistics and Data,StructuredData,Both AI & ML
2019,Köln,Nordrhein-Westfalen,machine learning,Statistics and Data,DataMining,Both AI & ML
2019,Köln,Nordrhein-Westfalen,aws,Cloud Platforms,AWS,Both AI & ML
2019,Köln,Nordrhein-Westfalen,azure,Cloud Platforms,Azure,Both AI & ML
2019,Köln,Nordrhein-Westfalen,big data,Statistics and Data,BigData,Both AI & ML
2019,Köln,Nordrhein-Westfalen,spark,Statistics and Data,BigData,Both AI & ML
2019,Köln,Nordrhein-Westfalen,hadoop,Statistics and Data,BigData,Both AI & ML
2019,Köln,Nordrhein-Westfalen,analyse,Decision Making and Analytical,DecisionMaking,Both AI & ML
2019,Köln,Nordrhein-Westfalen,implementierung,Decision Making and Analytical,DecisionMaking,Both AI & ML
2019,Köln,Nordrhein-Westfalen,machine learning,Statistics and Data,DataMining,Both AI & ML
2019,Köln,Nordrhein-Westfalen,analyse,Decision Making and Analytical,DecisionMaking,Both AI & ML
2019,Köln,Nordrhein-Westfalen,python,Occupational Attributes,Programming,Both AI & ML
2019,Köln,Nordrhein-Westfalen,sql,Statistics and Data,StructuredData,Both AI & ML
2019,Köln,Nordrhein-Westfalen,machine learning,Statistics and Data,DataMining,Both AI & ML
2019,Köln,Nordrhein-Westfalen,präsentation,Communication,Presentation,Both AI & ML
2019,Köln,Nordrhein-Westfalen,zusammenarbeit,Decision Making and Analytical,Interpersonal,Both AI & ML
2019,Köln,Nordrhein-Westfalen,mathematik,General,Numeracy,Both AI & ML
2019,Köln,Nordrhein-Westfalen,python,Occupational Attributes,Programming,Both AI & ML
2019,Köln,Nordrhein-Westfalen,sql,Statistics and Data,StructuredData,Both AI & ML
2019,Köln,Nordrhein-Westfalen,machine learning,Statistics and Data,DataMining,Both AI & ML
2019,Köln,Nordrhein-Westfalen,pandas,Statistics and Data,Statistics,Both AI & ML
2019,Köln,Nordrhein-Westfalen,statistik,Statistics and Data,Statistics,Both AI & ML
2019,Düsseldorf,Nordrhein-Westfalen,verantwortlich,Communication,Generic,AI
2019,Düsseldorf,Nordrhein-Westfalen,planung,Data Engineering,Orchestration,AI
2019,Düsseldorf,Nordrhein-Westfalen,integration,Occupational Attributes,EnterpriseSystem,AI
2019,Düsseldorf,Nordrhein-Westfalen,zusammenarbeit,Decision Making and Analytical,Interpersonal,AI
2019,Düsseldorf,Nordrhein-Westfalen,integration,Occupational Attributes,EnterpriseSystem,AI
2019,Köln,Nordrhein-Westfalen,machine learning,Statistics and Data,DataMining,Both AI & ML
2019,Köln,Nordrhein-Westfalen,machine learning,Statistics and Data,DataMining,Both AI & ML
2019,Köln,Nordrhein-Westfalen,machine learning,Statistics and Data,DataMining,Both AI & ML
2019,Köln,Nordrhein-Westfalen,analyse,Decision Making and Analytical,DecisionMaking,Both AI & ML
2019,Köln,Nordrhein-Westfalen,python,Occupational Attributes,Programming,Both AI & ML
2019,Köln,Nordrhein-Westfalen,sql,Statistics and Data,StructuredData,Both AI & ML
2019,Köln,Nordrhein-Westfalen,implementierung,Decision Making and Analytical,DecisionMaking,Both AI & ML
2019,Köln,Nordrhein-Westfalen,zusammenarbeit,Decision Making and Analytical,Interpersonal,Both AI & ML
2019,Köln,Nordrhein-Westfalen,integration,Occupational Attributes,EnterpriseSystem,Both AI & ML
2019,Köln,Nordrhein-Westfalen,mathematik,General,Numeracy,Both AI & ML
2019,Köln,Nordrhein-Westfalen,python,Occupational Attributes,Programming,Both AI & ML
2019,Köln,Nordrhein-Westfalen,sql,Statistics and Data,StructuredData,Both AI & ML
2019,Köln,Nordrhein-Westfalen,machine learning,Statistics and Data,DataMining,Both AI & ML
2019,Essen,Nordrhein-Westfalen,big data,Statistics and Data,BigData,ML
2019,Essen,Nordrhein-Westfalen,big data,Statistics and Data,BigData,ML
2019,Essen,Nordrhein-Westfalen,big data,Statistics and Data,BigData,ML
2019,Essen,Nordrhein-Westfalen,implementierung,Decision Making and Analytical,DecisionMaking,ML
2019,Essen,Nordrhein-Westfalen,machine learning,Statistics and Data,DataMining,ML
2019,Essen,Nordrhein-Westfalen,big data,Statistics and Data,BigData,ML
2019,Essen,Nordrhein-Westfalen,big data,Statistics and Data,BigData,ML
2019,Essen,Nordrhein-Westfalen,implementierung,Decision Making and Analytical,DecisionMaking,ML
2019,Essen,Nordrhein-Westfalen,big data,Statistics and Data,BigData,ML
2019,Essen,Nordrhein-Westfalen,spark,Statistics and Data,BigData,ML
2019,Essen,Nordrhein-Westfalen,tableau,Occupational Attributes,Visualization,ML
2019,Essen,Nordrhein-Westfalen,machine learning,Statistics and Data,DataMining,ML
2019,Essen,Nordrhein-Westfalen,datenanalyse,General,Research,ML
2019,Essen,Nordrhein-Westfalen,big data,Statistics and Data,BigData,ML
2019,Essen,Nordrhein-Westfalen,spark,Statistics and Data,BigData,ML
2019,Essen,Nordrhein-Westfalen,tableau,Occupational Attributes,Visualization,ML
2019,Essen,Nordrhein-Westfalen,python,Occupational Attributes,Programming,ML
2019,Essen,Nordrhein-Westfalen,sql,Statistics and Data,StructuredData,ML
2019,Essen,Nordrhein-Westfalen,datenanalyse,General,Research,ML
2019,Essen,Nordrhein-Westfalen,implementierung,Decision Making and Analytical,DecisionMaking,ML
2019,Essen,Nordrhein-Westfalen,machine learning,Statistics and Data,DataMining,ML
2019,Münster,Nordrhein-Westfalen,machine learning,Statistics and Data,DataMining,Both AI & ML
2019,Münster,Nordrhein-Westfalen,machine learning,Statistics and Data,DataMining,Both AI & ML
2019,Münster,Nordrhein-Westfalen,datenanalyse,General,Research,Both AI & ML
2019,Münster,Nordrhein-Westfalen,python,Occupational Attributes,Programming,Both AI & ML
2019,Münster,Nordrhein-Westfalen,sql,Statistics and Data,StructuredData,Both AI & ML
2019,Münster,Nordrhein-Westfalen,zusammenarbeit,Decision Making and Analytical,Interpersonal,Both AI & ML
2019,Münster,Nordrhein-Westfalen,implementierung,Decision Making and Analytical,DecisionMaking,Both AI & ML
2019,Münster,Nordrhein-Westfalen,mathematik,General,Numeracy,Both AI & ML
2019,Münster,Nordrhein-Westfalen,statistik,Statistics and Data,Statistics,Both AI & ML
2019,Münster,Nordrhein-Westfalen,machine learning,Statistics and Data,DataMining,Both AI & ML
2019,Münster,Nordrhein-Westfalen,python,Occupational Attributes,Programming,Both AI & ML
2019,Münster,Nordrhein-Westfalen,sql,Statistics and Data,StructuredData,Both AI & ML
2019,Münster,Nordrhein-Westfalen,big data,Statistics and Data,BigData,Both AI & ML
2019,Münster,Nordrhein-Westfalen,spark,Statistics and Data,BigData,Both AI & ML
2019,Münster,Nordrhein-Westfalen,hadoop,Statistics and Data,BigData,Both AI & ML
2019,Münster,Nordrhein-Westfalen,aws,Cloud Platforms,AWS,Both AI & ML
2019,Münster,Nordrhein-Westfalen,azure,Cloud Platforms,Azure,Both AI & ML
2019,Köln,Nordrhein-Westfalen,machine learning,Statistics and Data,DataMining,Both AI & ML
2019,Köln,Nordrhein-Westfalen,machine learning,Statistics and Data,DataMining,Both AI & ML
2019,Köln,Nordrhein-Westfalen,prognose,Statistics and Data,DataMining,Both AI & ML
2019,Köln,Nordrhein-Westfalen,analyse,Decision Making and Analytical,DecisionMaking,Both AI & ML
2019,Köln,Nordrhein-Westfalen,implementierung,Decision Making and Analytical,DecisionMaking,Both AI & ML
2019,Köln,Nordrhein-Westfalen,zusammenarbeit,Decision Making and Analytical,Interpersonal,Both AI & ML
2019,Köln,Nordrhein-Westfalen,integration,Occupational Attributes,EnterpriseSystem,Both AI & ML
2019,Köln,Nordrhein-Westfalen,mathematik,General,Numeracy,Both AI & ML
2019,Köln,Nordrhein-Westfalen,statistik,Statistics and Data,Statistics,Both AI & ML
2019,Köln,Nordrhein-Westfalen,python,Occupational Attributes,Programming,Both AI & ML
2019,Köln,Nordrhein-Westfalen,sql,Statistics and Data,StructuredData,Both AI & ML
2019,Köln,Nordrhein-Westfalen,machine learning,Statistics and Data,DataMining,Both AI & ML
2019,Köln,Nordrhein-Westfalen,big data,Statistics and Data,BigData,Both AI & ML
2019,Köln,Nordrhein-Westfalen,spark,Statistics and Data,BigData,Both AI & ML
2019,Köln,Nordrhein-Westfalen,hadoop,Statistics and Data,BigData,Both AI & ML
2019,Sindelfingen,Baden-Württemberg,analyse,Decision Making and Analytical,DecisionMaking,Both AI & ML
2019,Sindelfingen,Baden-Württemberg,machine learning,Statistics and Data,DataMining,Both AI & ML
2019,Sindelfingen,Baden-Württemberg,machine learning,Statistics and Data,DataMining,Both AI & ML
2019,Sindelfingen,Baden-Württemberg,datenanalyse,General,Research,Both AI & ML
2019,Sindelfingen,Baden-Württemberg,python,Occupational Attributes,Programming,Both AI & ML
2019,Sindelfingen,Baden-Württemberg,sql,Statistics and Data,StructuredData,Both AI & ML
2019,Sindelfingen,Baden-Württemberg,machine learning,Statistics and Data,DataMining,Both AI & ML
2019,,,machine learning,Statistics and Data,DataMining,Both AI & ML
2019,,,verantwortlich,Communication,Generic,Both AI & ML
2019,,,implementierung,Decision Making and Analytical,DecisionMaking,Both AI & ML
2019,,,machine learning,Statistics and Data,DataMining,Both AI & ML
2019,,,zusammenarbeit,Decision Making and Analytical,Interpersonal,Both AI & ML
2019,,,python,Occupational Attributes,Programming,Both AI & ML
2019,,,pandas,Statistics and Data,Statistics,Both AI & ML
2019,,,sql,Statistics and Data,StructuredData,Both AI & ML
2019,,,mathematik,General,Numeracy,Both AI & ML
2019,,,implementierung,Decision Making and Analytical,DecisionMaking,Both AI & ML
2019,,,python,Occupational Attributes,Programming,Both AI & ML
2019,,,pandas,Statistics and Data,Statistics,Both AI & ML
2019,,,sql,Statistics and Data,StructuredData,Both AI & ML
2019,,,projektmanagement,Occupational Attributes,ProjectManagement,Both AI & ML
2019,,,zusammenarbeit,Decision Making and Analytical,Interpersonal,Both AI & ML
2019,Hamburg,Hamburg,implementierung,Decision Making and Analytical,DecisionMaking,Both AI & ML
2019,Hamburg,Hamburg,machine learning,Statistics and Data,DataMining,Both AI & ML
2019,Hamburg,Hamburg,analyse,Decision Making and Analytical,DecisionMaking,Both AI & ML
2019,Hamburg,Hamburg,python,Occupational Attributes,Programming,Both AI & ML
2019,Hamburg,Hamburg,sql,Statistics and Data,StructuredData,Both AI & ML
2019,Hamburg,Hamburg,zusammenarbeit,Decision Making and Analytical,Interpersonal,Both AI & ML
2019,Hamburg,Hamburg,integration,Occupational Attributes,EnterpriseSystem,Both AI & ML
2019,Hamburg,Hamburg,mathematik,General,Numeracy,Both AI & ML
2019,Hamburg,Hamburg,python,Occupational Attributes,Programming,Both AI & ML
2019,Hamburg,Hamburg,sql,Statistics and Data,StructuredData,Both AI & ML
2019,Hamburg,Hamburg,machine learning,Statistics and Data,DataMining,Both AI & ML
2019,Hamburg,Hamburg,statistik,Statistics and Data,Statistics,Both AI & ML
2019,Köln,Nordrhein-Westfalen,verantwortlich,Communication,Generic,Both AI & ML
2019,Köln,Nordrhein-Westfalen,implementierung,Decision Making and Analytical,DecisionMaking,Both AI & ML
2019,Köln,Nordrhein-Westfalen,analyse,Decision Making and Analytical,DecisionMaking,Both AI & ML
2019,Köln,Nordrhein-Westfalen,python,Occupational Attributes,Programming,Both AI & ML
2019,Köln,Nordrhein-Westfalen,sql,Statistics and Data,StructuredData,Both AI & ML
2019,Köln,Nordrhein-Westfalen,zusammenarbeit,Decision Making and Analytical,Interpersonal,Both AI & ML
2019,Köln,Nordrhein-Westfalen,mathematik,General,Numeracy,Both AI & ML
2019,Köln,Nordrhein-Westfalen,python,Occupational Attributes,Programming,Both AI & ML
2019,Köln,Nordrhein-Westfalen,sql,Statistics and Data,StructuredData,Both AI & ML
2019,Köln,Nordrhein-Westfalen,machine learning,Statistics and Data,DataMining,Both AI & ML
2019,Köln,Nordrhein-Westfalen,spark,Statistics and Data,BigData,Both AI & ML
2019,Köln,Nordrhein-Westfalen,hadoop,Statistics and Data,BigData,Both AI & ML
2019,Köln,Nordrhein-Westfalen,verantwortlich,Communication,Generic,Both AI & ML
2019,Köln,Nordrhein-Westfalen,implementierung,Decision Making and Analytical,DecisionMaking,Both AI & ML
2019,Köln,Nordrhein-Westfalen,analyse,Decision Making and Analytical,DecisionMaking,Both AI & ML
2019,Köln,Nordrhein-Westfalen,python,Occupational Attributes,Programming,Both AI & ML
2019,Köln,Nordrhein-Westfalen,sql,Statistics and Data,StructuredData,Both AI & ML
2019,Köln,Nordrhein-Westfalen,implementierung,Decision Making and Analytical,DecisionMaking,Both AI & ML
2019,Köln,Nordrhein-Westfalen,machine learning,Statistics and Data,DataMining,Both AI & ML
2019,Köln,Nordrhein-Westfalen,zusammenarbeit,Decision Making and Analytical,Interpersonal,Both AI & ML
2019,Köln,Nordrhein-Westfalen,integration,Occupational Attributes,EnterpriseSystem,Both AI & ML
2019,Köln,Nordrhein-Westfalen,mathematik,General,Numeracy,Both AI & ML
2019,Köln,Nordrhein-Westfalen,machine learning,Statistics and Data,DataMining,Both AI & ML
2019,Köln,Nordrhein-Westfalen,python,Occupational Attributes,Programming,Both AI & ML
2019,Köln,Nordrhein-Westfalen,sql,Statistics and Data,StructuredData,Both AI & ML
2019,Köln,Nordrhein-Westfalen,machine learning,Statistics and Data,DataMining,Both AI & ML
2019,Köln,Nordrhein-Westfalen,implementierung,Decision Making and Analytical,DecisionMaking,Both AI & ML
2019,Köln,Nordrhein-Westfalen,analyse,Decision Making and Analytical,DecisionMaking,Both AI & ML
2019,Köln,Nordrhein-Westfalen,pandas,Statistics and Data,Statistics,Both AI & ML
2019,Köln,Nordrhein-Westfalen,mathematik,General,Numeracy,Both AI & ML
2019,Köln,Nordrhein-Westfalen,python,Occupational Attributes,Programming,Both AI & ML
2019,Köln,Nordrhein-Westfalen,sql,Statistics and Data,StructuredData,Both AI & ML
2019,Köln,Nordrhein-Westfalen,analyse,Decision Making and Analytical,DecisionMaking,Both AI & ML
2019,Köln,Nordrhein-Westfalen,machine learning,Statistics and Data,DataMining,Both AI & ML
2019,Köln,Nordrhein-Westfalen,computer vision,Specialized ML,ComputerVision,Both AI & ML
2019,Köln,Nordrhein-Westfalen,machine learning,Statistics and Data,DataMining,Both AI & ML
2019,Köln,Nordrhein-Westfalen,analyse,Decision Making and Analytical,DecisionMaking,Both AI & ML
2019,Köln,Nordrhein-Westfalen,python,Occupational Attributes,Programming,Both AI & ML
2019,Köln,Nordrhein-Westfalen,sql,Statistics and Data,StructuredData,Both AI & ML
2019,Köln,Nordrhein-Westfalen,implementierung,Decision Making and Analytical,DecisionMaking,Both AI & ML
2019,Köln,Nordrhein-Westfalen,computer vision,Specialized ML,ComputerVision,Both AI & ML
2019,Köln,Nordrhein-Westfalen,opencv,Specialized ML,ComputerVision,Both AI & ML
2019,Köln,Nordrhein-Westfalen,zusammenarbeit,Decision Making and Analytical,Interpersonal,Both AI & ML
2019,Köln,Nordrhein-Westfalen,integration,Occupational Attributes,EnterpriseSystem,Both AI & ML
2019,Köln,Nordrhein-Westfalen,mathematik,General,Numeracy,Both AI & ML
2019,Köln,Nordrhein-Westfalen,python,Occupational Attributes,Programming,Both AI & ML
2019,Köln,Nordrhein-Westfalen,pandas,Statistics and Data,Statistics,Both AI & ML
2019,Köln,Nordrhein-Westfalen,computer vision,Specialized ML,ComputerVision,Both AI & ML
2019,Köln,Nordrhein-Westfalen,analyse,Decision Making and Analytical,DecisionMaking,Both AI & ML
2019,Köln,Nordrhein-Westfalen,pandas,Statistics and Data,Statistics,Both AI & ML
2019,Köln,Nordrhein-Westfalen,machine learning,Statistics and Data,DataMining,Both AI & ML
2019,Köln,Nordrhein-Westfalen,implementierung,Decision Making and Analytical,DecisionMaking,Both AI & ML
2019,Köln,Nordrhein-Westfalen,machine learning,Statistics and Data,DataMining,Both AI & ML
2019,Köln,Nordrhein-Westfalen,analyse,Decision Making and Analytical,DecisionMaking,Both AI & ML
2019,Köln,Nordrhein-Westfalen,pandas,Statistics and Data,Statistics,Both AI & ML
2019,Köln,Nordrhein-Westfalen,zusammenarbeit,Decision Making and Analytical,Interpersonal,Both AI & ML
2019,Köln,Nordrhein-Westfalen,integration,Occupational Attributes,EnterpriseSystem,Both AI & ML
2019,Köln,Nordrhein-Westfalen,python,Occupational Attributes,Programming,Both AI & ML
2019,Köln,Nordrhein-Westfalen,datenanalyse,General,Research,Both AI & ML
2019,Köln,Nordrhein-Westfalen,machine learning,Statistics and Data,DataMining,Both AI & ML
2019,Köln,Nordrhein-Westfalen,implementierung,Decision Making and Analytical,DecisionMaking,AI
2019,Köln,Nordrhein-Westfalen,zusammenarbeit,Decision Making and Analytical,Interpersonal,AI
2019,Köln,Nordrhein-Westfalen,analyse,Decision Making and Analytical,DecisionMaking,AI
2019,Köln,Nordrhein-Westfalen,projektmanagement,Occupational Attributes,ProjectManagement,AI
2019,Bonn,Nordrhein-Westfalen,verantwortlich,Communication,Generic,Both AI & ML
2019,Bonn,Nordrhein-Westfalen,implementierung,Decision Making and Analytical,DecisionMaking,Both AI & ML
2019,Bonn,Nordrhein-Westfalen,implementierung,Decision Making and Analytical,DecisionMaking,Both AI & ML
2019,Bonn,Nordrhein-Westfalen,analyse,Decision Making and Analytical,DecisionMaking,Both AI & ML
2019,Bonn,Nordrhein-Westfalen,machine learning,Statistics and Data,DataMining,Both AI & ML
2019,Bonn,Nordrhein-Westfalen,zusammenarbeit,Decision Making and Analytical,Interpersonal,Both AI & ML
2019,Bonn,Nordrhein-Westfalen,integration,Occupational Attributes,EnterpriseSystem,Both AI & ML
2019,Bonn,Nordrhein-Westfalen,aws,Cloud Platforms,AWS,Both AI & ML
2019,Bonn,Nordrhein-Westfalen,azure,Cloud Platforms,Azure,Both AI & ML
2019,Bonn,Nordrhein-Westfalen,mathematik,General,Numeracy,Both AI & ML
2019,Bonn,Nordrhein-Westfalen,python,Occupational Attributes,Programming,Both AI & ML
2019,Bonn,Nordrhein-Westfalen,sql,Statistics and Data,StructuredData,Both AI & ML
2019,Bonn,Nordrhein-Westfalen,big data,Statistics and Data,BigData,Both AI & ML
2019,Bonn,Nordrhein-Westfalen,spark,Statistics and Data,BigData,Both AI & ML
2019,Bonn,Nordrhein-Westfalen,docker,MLOps,Tools,Both AI & ML
2019,Bonn,Nordrhein-Westfalen,kubernetes,MLOps,Tools,Both AI & ML
2019,Bonn,Nordrhein-Westfalen,projektmanagement,Occupational Attributes,ProjectManagement,Both AI & ML
2019,Köln,Nordrhein-Westfalen,implementierung,Decision Making and Analytical,DecisionMaking,ML
2019,Köln,Nordrhein-Westfalen,zusammenarbeit,Decision Making and Analytical,Interpersonal,ML
2019,Köln,Nordrhein-Westfalen,integration,Occupational Attributes,EnterpriseSystem,ML
2019,Köln,Nordrhein-Westfalen,analyse,Decision Making and Analytical,DecisionMaking,ML
2019,Köln,Nordrhein-Westfalen,python,Occupational Attributes,Programming,ML
2019,Köln,Nordrhein-Westfalen,datenanalyse,General,Research,ML
2019,Köln,Nordrhein-Westfalen,pandas,Statistics and Data,Statistics,ML
2019,Köln,Nordrhein-Westfalen,big data,Statistics and Data,BigData,ML
2019,Köln,Nordrhein-Westfalen,spark,Statistics and Data,BigData,ML
2019,Köln,Nordrhein-Westfalen,hadoop,Statistics and Data,BigData,ML
2019,München,Bayern,implementierung,Decision Making and Analytical,DecisionMaking,AI
2019,München,Bayern,analyse,Decision Making and Analytical,DecisionMaking,AI
2019,München,Bayern,zusammenarbeit,Decision Making and Analytical,Interpersonal,AI
2019,München,Bayern,implementierung,Decision Making and Analytical,DecisionMaking,AI
2019,München,Bayern,integration,Occupational Attributes,EnterpriseSystem,AI
2019,München,Bayern,python,Occupational Attributes,Programming,AI
2019,München,Bayern,datenanalyse,General,Research,AI
2019,München,Bayern,pandas,Statistics and Data,Statistics,AI
2019,München,Bayern,aws,Cloud Platforms,AWS,AI
2019,München,Bayern,azure,Cloud Platforms,Azure,AI
2019,Mannheim,Baden-Württemberg,machine learning,Statistics and Data,DataMining,Both AI & ML
2019,Mannheim,Baden-Württemberg,implementierung,Decision Making and Analytical,DecisionMaking,Both AI & ML
2019,Mannheim,Baden-Württemberg,machine learning,Statistics and Data,DataMining,Both AI & ML
2019,Mannheim,Baden-Württemberg,analyse,Decision Making and Analytical,DecisionMaking,Both AI & ML
2019,Mannheim,Baden-Württemberg,zusammenarbeit,Decision Making and Analytical,Interpersonal,Both AI & ML
2019,Mannheim,Baden-Württemberg,machine learning,Statistics and Data,DataMining,Both AI & ML
2019,Mannheim,Baden-Württemberg,python,Occupational Attributes,Programming,Both AI & ML
2019,Mannheim,Baden-Württemberg,datenanalyse,General,Research,Both AI & ML
2019,Mannheim,Baden-Württemberg,pandas,Statistics and Data,Statistics,Both AI & ML
2019,Nürnberg,Bayern,machine learning,Statistics and Data,DataMining,Both AI & ML
2019,Nürnberg,Bayern,implementierung,Decision Making and Analytical,DecisionMaking,Both AI & ML
2019,Nürnberg,Bayern,machine learning,Statistics and Data,DataMining,Both AI & ML
2019,Nürnberg,Bayern,analyse,Decision Making and Analytical,DecisionMaking,Both AI & ML
2019,Nürnberg,Bayern,zusammenarbeit,Decision Making and Analytical,Interpersonal,Both AI & ML
2019,Nürnberg,Bayern,integration,Occupational Attributes,EnterpriseSystem,Both AI & ML
2019,Nürnberg,Bayern,machine learning,Statistics and Data,DataMining,Both AI & ML
2019,Nürnberg,Bayern,python,Occupational Attributes,Programming,Both AI & ML
2019,Nürnberg,Bayern,sql,Statistics and Data,StructuredData,Both AI & ML
2019,Nürnberg,Bayern,datenanalyse,General,Research,Both AI & ML
2019,Nürnberg,Bayern,pandas,Statistics and Data,Statistics,Both AI & ML
2019,Stuttgart,Baden-Württemberg,verantwortlich,Communication,Generic,Both AI & ML
2019,Stuttgart,Baden-Württemberg,implementierung,Decision Making and Analytical,DecisionMaking,Both AI & ML
2019,Stuttgart,Baden-Württemberg,implementierung,Decision Making and Analytical,DecisionMaking,Both AI & ML
2019,Stuttgart,Baden-Württemberg,analyse,Decision Making and Analytical,DecisionMaking,Both AI & ML
2019,Stuttgart,Baden-Württemberg,zusammenarbeit,Decision Making and Analytical,Interpersonal,Both AI & ML
2019,Stuttgart,Baden-Württemberg,python,Occupational Attributes,Programming,Both AI & ML
2019,Stuttgart,Baden-Württemberg,sql,Statistics and Data,StructuredData,Both AI & ML
2019,Stuttgart,Baden-Württemberg,datenanalyse,General,Research,Both AI & ML
2019,Stuttgart,Baden-Württemberg,modellierung,Decision Making and Analytical,DecisionMaking,Both AI & ML
2019,Stuttgart,Baden-Württemberg,machine learning,Statistics and Data,DataMining,Both AI & ML
2019,Stuttgart,Baden-Württemberg,big data,Statistics and Data,BigData,Both AI & ML
2019,Stuttgart,Baden-Württemberg,spark,Statistics and Data,BigData,Both AI & ML
2019,Stuttgart,Baden-Württemberg,hadoop,Statistics and Data,BigData,Both AI & ML
2019,Stuttgart,Baden-Württemberg,aws,Cloud Platforms,AWS,Both AI & ML
2019,Stuttgart,Baden-Württemberg,azure,Cloud Platforms,Azure,Both AI & ML
2019,Köln,Nordrhein-Westfalen,implementierung,Decision Making and Analytical,DecisionMaking,Both AI & ML
2019,Köln,Nordrhein-Westfalen,machine learning,Statistics and Data,DataMining,Both AI & ML
2019,Köln,Nordrhein-Westfalen,zusammenarbeit,Decision Making and Analytical,Interpersonal,Both AI & ML
2019,Köln,Nordrhein-Westfalen,machine learning,Statistics and Data,DataMining,Both AI & ML
2019,Köln,Nordrhein-Westfalen,analyse,Decision Making and Analytical,DecisionMaking,Both AI & ML
2019,Köln,Nordrhein-Westfalen,machine learning,Statistics and Data,DataMining,Both AI & ML
2019,Köln,Nordrhein-Westfalen,python,Occupational Attributes,Programming,Both AI & ML
2019,Köln,Nordrhein-Westfalen,sql,Statistics and Data,StructuredData,Both AI & ML
2019,Köln,Nordrhein-Westfalen,modellbewertung,Generative AI,EvaluationMonitoring,Both AI & ML
2019,Düsseldorf,Nordrhein-Westfalen,analyse,Decision Making and Analytical,DecisionMaking,Both AI & ML
2019,Düsseldorf,Nordrhein-Westfalen,python,Occupational Attributes,Programming,Both AI & ML
2019,Düsseldorf,Nordrhein-Westfalen,sql,Statistics and Data,StructuredData,Both AI & ML
2019,Düsseldorf,Nordrhein-Westfalen,zusammenarbeit,Decision Making and Analytical,Interpersonal,Both AI & ML
2019,Düsseldorf,Nordrhein-Westfalen,implementierung,Decision Making and Analytical,DecisionMaking,Both AI & ML
2019,Düsseldorf,Nordrhein-Westfalen,python,Occupational Attributes,Programming,Both AI & ML
2019,Düsseldorf,Nordrhein-Westfalen,sql,Statistics and Data,StructuredData,Both AI & ML
2019,Düsseldorf,Nordrhein-Westfalen,machine learning,Statistics and Data,DataMining,Both AI & ML
2019,Köln,Nordrhein-Westfalen,machine learning,Statistics and Data,DataMining,Both AI & ML
2019,Köln,Nordrhein-Westfalen,machine learning,Statistics and Data,DataMining,Both AI & ML
2019,Köln,Nordrhein-Westfalen,datenanalyse,General,Research,Both AI & ML
2019,Köln,Nordrhein-Westfalen,python,Occupational Attributes,Programming,Both AI & ML
2019,Köln,Nordrhein-Westfalen,pandas,Statistics and Data,Statistics,Both AI & ML
2019,Köln,Nordrhein-Westfalen,sql,Statistics and Data,StructuredData,Both AI & ML
2019,Köln,Nordrhein-Westfalen,implementierung,Decision Making and Analytical,DecisionMaking,Both AI & ML
2019,Köln,Nordrhein-Westfalen,zusammenarbeit,Decision Making and Analytical,Interpersonal,Both AI & ML
2019,Köln,Nordrhein-Westfalen,integration,Occupational Attributes,EnterpriseSystem,Both AI & ML
2019,Köln,Nordrhein-Westfalen,mathematik,General,Numeracy,Both AI & ML
2019,Köln,Nordrhein-Westfalen,statistik,Statistics and Data,Statistics,Both AI & ML
2019,Köln,Nordrhein-Westfalen,python,Occupational Attributes,Programming,Both AI & ML
2019,Köln,Nordrhein-Westfalen,pandas,Statistics and Data,Statistics,Both AI & ML
2019,Köln,Nordrhein-Westfalen,sql,Statistics and Data,StructuredData,Both AI & ML
2019,Köln,Nordrhein-Westfalen,datenanalyse,General,Research,Both AI & ML
2019,Köln,Nordrhein-Westfalen,machine learning,Statistics and Data,DataMining,Both AI & ML
2019,Köln,Nordrhein-Westfalen,big data,Statistics and Data,BigData,Both AI & ML
2019,Köln,Nordrhein-Westfalen,spark,Statistics and Data,BigData,Both AI & ML
2019,Köln,Nordrhein-Westfalen,hadoop,Statistics and Data,BigData,Both AI & ML
2019,Tübingen,Baden-Württemberg,machine learning,Statistics and Data,DataMining,Both AI & ML
2019,Tübingen,Baden-Württemberg,machine learning,Statistics and Data,DataMining,Both AI & ML
2019,Tübingen,Baden-Württemberg,implementierung,Decision Making and Analytical,DecisionMaking,Both AI & ML
2019,Tübingen,Baden-Württemberg,datenanalyse,General,Research,Both AI & ML
2019,Tübingen,Baden-Württemberg,c #,Occupational Attributes,Programming,Both AI & ML
2019,Tübingen,Baden-Württemberg,machine learning,Statistics and Data,DataMining,Both AI & ML
2019,Tübingen,Baden-Württemberg,pandas,Statistics and Data,Statistics,Both AI & ML
2019,Tübingen,Baden-Württemberg,aws,Cloud Platforms,AWS,Both AI & ML
2019,Tübingen,Baden-Württemberg,azure,Cloud Platforms,Azure,Both AI & ML
2019,Münster,Nordrhein-Westfalen,machine learning,Statistics and Data,DataMining,Both AI & ML
2019,Münster,Nordrhein-Westfalen,implementierung,Decision Making and Analytical,DecisionMaking,Both AI & ML
2019,Münster,Nordrhein-Westfalen,mathematik,General,Numeracy,Both AI & ML
2019,Münster,Nordrhein-Westfalen,python,Occupational Attributes,Programming,Both AI & ML
2019,Münster,Nordrhein-Westfalen,sql,Statistics and Data,StructuredData,Both AI & ML
2019,Münster,Nordrhein-Westfalen,machine learning,Statistics and Data,DataMining,Both AI & ML
2019,Wuppertal,Nordrhein-Westfalen,machine learning,Statistics and Data,DataMining,Both AI & ML
2019,Wuppertal,Nordrhein-Westfalen,implementierung,Decision Making and Analytical,DecisionMaking,Both AI & ML
2019,Wuppertal,Nordrhein-Westfalen,machine learning,Statistics and Data,DataMining,Both AI & ML
2019,Wuppertal,Nordrhein-Westfalen,prognose,Statistics and Data,DataMining,Both AI & ML
2019,Wuppertal,Nordrhein-Westfalen,analyse,Decision Making and Analytical,DecisionMaking,Both AI & ML
2019,Wuppertal,Nordrhein-Westfalen,python,Occupational Attributes,Programming,Both AI & ML
2019,Wuppertal,Nordrhein-Westfalen,sql,Statistics and Data,StructuredData,Both AI & ML
2019,Wuppertal,Nordrhein-Westfalen,zusammenarbeit,Decision Making and Analytical,Interpersonal,Both AI & ML
2019,Wuppertal,Nordrhein-Westfalen,integration,Occupational Attributes,EnterpriseSystem,Both AI & ML
2019,Wuppertal,Nordrhein-Westfalen,mathematik,General,Numeracy,Both AI & ML
2019,Wuppertal,Nordrhein-Westfalen,python,Occupational Attributes,Programming,Both AI & ML
2019,Wuppertal,Nordrhein-Westfalen,sql,Statistics and Data,StructuredData,Both AI & ML
2019,Wuppertal,Nordrhein-Westfalen,machine learning,Statistics and Data,DataMining,Both AI & ML
2019,Wuppertal,Nordrhein-Westfalen,modellbewertung,Generative AI,EvaluationMonitoring,Both AI & ML
2019,Hannover,Niedersachsen,analyse,Decision Making and Analytical,DecisionMaking,Both AI & ML
2019,Hannover,Niedersachsen,big data,Statistics and Data,BigData,Both AI & ML
2019,Hannover,Niedersachsen,machine learning,Statistics and Data,DataMining,Both AI & ML
2019,Hannover,Niedersachsen,prognose,Statistics and Data,DataMining,Both AI & ML
2019,Hannover,Niedersachsen,analyse,Decision Making and Analytical,DecisionMaking,Both AI & ML
2019,Hannover,Niedersachsen,python,Occupational Attributes,Programming,Both AI & ML
2019,Hannover,Niedersachsen,sql,Statistics and Data,StructuredData,Both AI & ML
2019,Hannover,Niedersachsen,präsentation,Communication,Presentation,Both AI & ML
2019,Hannover,Niedersachsen,mathematik,General,Numeracy,Both AI & ML
2019,Hannover,Niedersachsen,statistik,Statistics and Data,Statistics,Both AI & ML
2019,Hannover,Niedersachsen,python,Occupational Attributes,Programming,Both AI & ML
2019,Hannover,Niedersachsen,sql,Statistics and Data,StructuredData,Both AI & ML
2019,Hannover,Niedersachsen,machine learning,Statistics and Data,DataMining,Both AI & ML
2019,Hannover,Niedersachsen,big data,Statistics and Data,BigData,Both AI & ML
2019,Hannover,Niedersachsen,spark,Statistics and Data,BigData,Both AI & ML
2019,Hannover,Niedersachsen,hadoop,Statistics and Data,BigData,Both AI & ML
2019,Düsseldorf,Nordrhein-Westfalen,analyse,Decision Making and Analytical,DecisionMaking,ML
2019,Düsseldorf,Nordrhein-Westfalen,prognose,Statistics and Data,DataMining,ML
2019,Düsseldorf,Nordrhein-Westfalen,machine learning,Statistics and Data,DataMining,ML
2019,Düsseldorf,Nordrhein-Westfalen,analyse,Decision Making and Analytical,DecisionMaking,ML
2019,Düsseldorf,Nordrhein-Westfalen,prognose,Statistics and Data,DataMining,ML
2019,Düsseldorf,Nordrhein-Westfalen,machine learning,Statistics and Data,DataMining,ML
2019,Düsseldorf,Nordrhein-Westfalen,mathematik,General,Numeracy,ML
2019,Düsseldorf,Nordrhein-Westfalen,machine learning,Statistics and Data,DataMining,ML
2019,Düsseldorf,Nordrhein-Westfalen,python,Occupational Attributes,Programming,ML
2019,Düsseldorf,Nordrhein-Westfalen,sql,Statistics and Data,StructuredData,ML
2019,Düsseldorf,Nordrhein-Westfalen,statistik,Statistics and Data,Statistics,ML
2019,Hamburg,Hamburg,machine learning,Statistics and Data,DataMining,Both AI & ML
2019,Hamburg,Hamburg,datenanalyse,General,Research,Both AI & ML
2019,Hamburg,Hamburg,python,Occupational Attributes,Programming,Both AI & ML
2019,Hamburg,Hamburg,sql,Statistics and Data,StructuredData,Both AI & ML
2019,Hamburg,Hamburg,statistik,Statistics and Data,Statistics,Both AI & ML
2019,Hamburg,Hamburg,zusammenarbeit,Decision Making and Analytical,Interpersonal,Both AI & ML
2019,Hamburg,Hamburg,implementierung,Decision Making and Analytical,DecisionMaking,Both AI & ML
2019,Hamburg,Hamburg,mathematik,General,Numeracy,Both AI & ML
2019,Hamburg,Hamburg,python,Occupational Attributes,Programming,Both AI & ML
2019,Hamburg,Hamburg,sql,Statistics and Data,StructuredData,Both AI & ML
2019,Hamburg,Hamburg,machine learning,Statistics and Data,DataMining,Both AI & ML
2019,Hamburg,Hamburg,modellbewertung,Generative AI,EvaluationMonitoring,Both AI & ML
2019,Nürnberg,Bayern,machine learning,Statistics and Data,DataMining,Both AI & ML
2019,Nürnberg,Bayern,analyse,Decision Making and Analytical,DecisionMaking,Both AI & ML
2019,Nürnberg,Bayern,prognose,Statistics and Data,DataMining,Both AI & ML
2019,Nürnberg,Bayern,analyse,Decision Making and Analytical,DecisionMaking,Both AI & ML
2019,Nürnberg,Bayern,zusammenarbeit,Decision Making and Analytical,Interpersonal,Both AI & ML
2019,Nürnberg,Bayern,implementierung,Decision Making and Analytical,DecisionMaking,Both AI & ML
2019,Nürnberg,Bayern,präsentation,Communication,Presentation,Both AI & ML
2019,Nürnberg,Bayern,mathematik,General,Numeracy,Both AI & ML
2019,Nürnberg,Bayern,statistik,Statistics and Data,Statistics,Both AI & ML
2019,Nürnberg,Bayern,python,Occupational Attributes,Programming,Both AI & ML
2019,Nürnberg,Bayern,sql,Statistics and Data,StructuredData,Both AI & ML
2019,Nürnberg,Bayern,machine learning,Statistics and Data,DataMining,Both AI & ML
2019,Nürnberg,Bayern,pandas,Statistics and Data,Statistics,Both AI & ML
2019,Nürnberg,Bayern,big data,Statistics and Data,BigData,Both AI & ML
2019,Nürnberg,Bayern,spark,Statistics and Data,BigData,Both AI & ML
2019,Nürnberg,Bayern,hadoop,Statistics and Data,BigData,Both AI & ML
2019,Düsseldorf,Nordrhein-Westfalen,machine learning,Statistics and Data,DataMining,ML
2019,Düsseldorf,Nordrhein-Westfalen,machine learning,Statistics and Data,DataMining,ML
2019,Düsseldorf,Nordrhein-Westfalen,machine learning,Statistics and Data,DataMining,ML
2019,Düsseldorf,Nordrhein-Westfalen,implementierung,Decision Making and Analytical,DecisionMaking,ML
2019,Düsseldorf,Nordrhein-Westfalen,zusammenarbeit,Decision Making and Analytical,Interpersonal,ML
2019,Düsseldorf,Nordrhein-Westfalen,big data,Statistics and Data,BigData,ML
2019,Düsseldorf,Nordrhein-Westfalen,machine learning,Statistics and Data,DataMining,ML
2019,Düsseldorf,Nordrhein-Westfalen,zusammenarbeit,Decision Making and Analytical,Interpersonal,ML
2019,Nürnberg,Bayern,verantwortlich,Communication,Generic,AI
2019,Nürnberg,Bayern,integration,Occupational Attributes,EnterpriseSystem,AI
2019,Nürnberg,Bayern,netzwerke,Occupational Attributes,Networks,AI
2019,Nürnberg,Bayern,server,Occupational Attributes,Hardware,AI
2019,Nürnberg,Bayern,implementierung,Decision Making and Analytical,DecisionMaking,AI
2019,Nürnberg,Bayern,planung,Data Engineering,Orchestration,AI
2019,Nürnberg,Bayern,deutsch,General,ForeignLanguage,AI
2019,Köln,Nordrhein-Westfalen,verantwortlich,Communication,Generic,Both AI & ML
2019,Köln,Nordrhein-Westfalen,implementierung,Decision Making and Analytical,DecisionMaking,Both AI & ML
2019,Köln,Nordrhein-Westfalen,integration,Occupational Attributes,EnterpriseSystem,Both AI & ML
2019,Köln,Nordrhein-Westfalen,zusammenarbeit,Decision Making and Analytical,Interpersonal,Both AI & ML
2019,Köln,Nordrhein-Westfalen,analyse,Decision Making and Analytical,DecisionMaking,Both AI & ML
2019,Köln,Nordrhein-Westfalen,python,Occupational Attributes,Programming,Both AI & ML
2019,Köln,Nordrhein-Westfalen,sql,Statistics and Data,StructuredData,Both AI & ML
2019,Köln,Nordrhein-Westfalen,machine learning,Statistics and Data,DataMining,Both AI & ML
2019,Köln,Nordrhein-Westfalen,machine learning,Statistics and Data,DataMining,Both AI & ML
2019,Köln,Nordrhein-Westfalen,implementierung,Decision Making and Analytical,DecisionMaking,Both AI & ML
2019,Köln,Nordrhein-Westfalen,machine learning,Statistics and Data,DataMining,Both AI & ML
2019,Köln,Nordrhein-Westfalen,analyse,Decision Making and Analytical,DecisionMaking,Both AI & ML
2019,Köln,Nordrhein-Westfalen,python,Occupational Attributes,Programming,Both AI & ML
2019,Köln,Nordrhein-Westfalen,pandas,Statistics and Data,Statistics,Both AI & ML
2019,Köln,Nordrhein-Westfalen,zusammenarbeit,Decision Making and Analytical,Interpersonal,Both AI & ML
2019,Köln,Nordrhein-Westfalen,mathematik,General,Numeracy,Both AI & ML
2019,Köln,Nordrhein-Westfalen,machine learning,Statistics and Data,DataMining,Both AI & ML
2019,Köln,Nordrhein-Westfalen,sql,Statistics and Data,StructuredData,Both AI & ML
2019,Köln,Nordrhein-Westfalen,modellbewertung,Generative AI,EvaluationMonitoring,Both AI & ML
2019,Köln,Nordrhein-Westfalen,verantwortlich,Communication,Generic,AI
2019,Köln,Nordrhein-Westfalen,planung,Data Engineering,Orchestration,AI
2019,Köln,Nordrhein-Westfalen,implementierung,Decision Making and Analytical,DecisionMaking,AI
2019,Köln,Nordrhein-Westfalen,implementierung,Decision Making and Analytical,DecisionMaking,AI
2019,Köln,Nordrhein-Westfalen,integration,Occupational Attributes,EnterpriseSystem,AI
2019,Köln,Nordrhein-Westfalen,zusammenarbeit,Decision Making and Analytical,Interpersonal,AI
2019,Köln,Nordrhein-Westfalen,planung,Data Engineering,Orchestration,AI
2019,Köln,Nordrhein-Westfalen,implementierung,Decision Making and Analytical,DecisionMaking,AI
2019,Köln,Nordrhein-Westfalen,docker,MLOps,Tools,AI
2019,Köln,Nordrhein-Westfalen,kubernetes,MLOps,Tools,AI
2019,Köln,Nordrhein-Westfalen,aws,Cloud Platforms,AWS,AI
2019,Köln,Nordrhein-Westfalen,azure,Cloud Platforms,Azure,AI
2019,Köln,Nordrhein-Westfalen,machine learning,Statistics and Data,DataMining,Both AI & ML
2019,Köln,Nordrhein-Westfalen,implementierung,Decision Making and Analytical,DecisionMaking,Both AI & ML
2019,Köln,Nordrhein-Westfalen,machine learning,Statistics and Data,DataMining,Both AI & ML
2019,Köln,Nordrhein-Westfalen,datenanalyse,General,Research,Both AI & ML
2019,Köln,Nordrhein-Westfalen,zusammenarbeit,Decision Making and Analytical,Interpersonal,Both AI & ML
2019,Köln,Nordrhein-Westfalen,python,Occupational Attributes,Programming,Both AI & ML
2019,Köln,Nordrhein-Westfalen,pandas,Statistics and Data,Statistics,Both AI & ML
2019,Köln,Nordrhein-Westfalen,mathematik,General,Numeracy,Both AI & ML
2019,Köln,Nordrhein-Westfalen,machine learning,Statistics and Data,DataMining,Both AI & ML
2019,Köln,Nordrhein-Westfalen,python,Occupational Attributes,Programming,Both AI & ML
2019,Köln,Nordrhein-Westfalen,sql,Statistics and Data,StructuredData,Both AI & ML
2019,Köln,Nordrhein-Westfalen,verantwortlich,Communication,Generic,AI
2019,Köln,Nordrhein-Westfalen,analyse,Decision Making and Analytical,DecisionMaking,AI
2019,Köln,Nordrhein-Westfalen,planung,Data Engineering,Orchestration,AI
2019,Köln,Nordrhein-Westfalen,dokumentation,Decision Making and Analytical,MSOffice,AI
2019,Schwäbisch Gmünd,Baden-Württemberg,verantwortlich,Communication,Generic,AI
2019,Schwäbisch Gmünd,Baden-Württemberg,planung,Data Engineering,Orchestration,AI
2019,Schwäbisch Gmünd,Baden-Württemberg,integration,Occupational Attributes,EnterpriseSystem,AI
2019,Schwäbisch Gmünd,Baden-Württemberg,planung,Data Engineering,Orchestration,AI
2019,Schwäbisch Gmünd,Baden-Württemberg,implementierung,Decision Making and Analytical,DecisionMaking,AI
2019,Schwäbisch Gmünd,Baden-Württemberg,dokumentation,Decision Making and Analytical,MSOffice,AI
2019,Köln,Nordrhein-Westfalen,verantwortlich,Communication,Generic,Both AI & ML
2019,Köln,Nordrhein-Westfalen,implementierung,Decision Making and Analytical,DecisionMaking,Both AI & ML
2019,Köln,Nordrhein-Westfalen,analyse,Decision Making and Analytical,DecisionMaking,Both AI & ML
2019,Köln,Nordrhein-Westfalen,planung,Data Engineering,Orchestration,Both AI & ML
2019,Köln,Nordrhein-Westfalen,machine learning,Statistics and Data,DataMining,Both AI & ML
2019,Köln,Nordrhein-Westfalen,datenanalyse,General,Research,Both AI & ML
2019,Köln,Nordrhein-Westfalen,python,Occupational Attributes,Programming,Both AI & ML
2019,Köln,Nordrhein-Westfalen,pandas,Statistics and Data,Statistics,Both AI & ML
2019,Köln,Nordrhein-Westfalen,implementierung,Decision Making and Analytical,DecisionMaking,Both AI & ML
2019,Köln,Nordrhein-Westfalen,zusammenarbeit,Decision Making and Analytical,Interpersonal,Both AI & ML
2019,Köln,Nordrhein-Westfalen,integration,Occupational Attributes,EnterpriseSystem,Both AI & ML
2019,Köln,Nordrhein-Westfalen,mathematik,General,Numeracy,Both AI & ML
2019,Köln,Nordrhein-Westfalen,programmierung,Occupational Attributes,Programming,Both AI & ML
2019,Köln,Nordrhein-Westfalen,python,Occupational Attributes,Programming,Both AI & ML
2019,Köln,Nordrhein-Westfalen,pandas,Statistics and Data,Statistics,Both AI & ML
2019,Köln,Nordrhein-Westfalen,machine learning,Statistics and Data,DataMining,Both AI & ML
2019,Köln,Nordrhein-Westfalen,modellbewertung,Generative AI,EvaluationMonitoring,Both AI & ML
2019,Berlin,Berlin,zusammenarbeit,Decision Making and Analytical,Interpersonal,ML
2019,Berlin,Berlin,analyse,Decision Making and Analytical,DecisionMaking,ML
2019,Berlin,Berlin,datenanalyse,General,Research,ML
2019,Berlin,Berlin,python,Occupational Attributes,Programming,ML
2019,Berlin,Berlin,sql,Statistics and Data,StructuredData,ML
2019,Köln,Nordrhein-Westfalen,big data,Statistics and Data,BigData,Both AI & ML
2019,Köln,Nordrhein-Westfalen,big data,Statistics and Data,BigData,Both AI & ML
2019,Köln,Nordrhein-Westfalen,machine learning,Statistics and Data,DataMining,Both AI & ML
2019,Köln,Nordrhein-Westfalen,machine learning,Statistics and Data,DataMining,Both AI & ML
2019,Köln,Nordrhein-Westfalen,analyse,Decision Making and Analytical,DecisionMaking,Both AI & ML
2019,Köln,Nordrhein-Westfalen,python,Occupational Attributes,Programming,Both AI & ML
2019,Köln,Nordrhein-Westfalen,sql,Statistics and Data,StructuredData,Both AI & ML
2019,Köln,Nordrhein-Westfalen,zusammenarbeit,Decision Making and Analytical,Interpersonal,Both AI & ML
2019,Köln,Nordrhein-Westfalen,implementierung,Decision Making and Analytical,DecisionMaking,Both AI & ML
2019,Köln,Nordrhein-Westfalen,mathematik,General,Numeracy,Both AI & ML
2019,Köln,Nordrhein-Westfalen,statistik,Statistics and Data,Statistics,Both AI & ML
2019,Köln,Nordrhein-Westfalen,python,Occupational Attributes,Programming,Both AI & ML
2019,Köln,Nordrhein-Westfalen,pandas,Statistics and Data,Statistics,Both AI & ML
2019,Köln,Nordrhein-Westfalen,datenanalyse,General,Research,Both AI & ML
2019,Köln,Nordrhein-Westfalen,big data,Statistics and Data,BigData,Both AI & ML
2019,Köln,Nordrhein-Westfalen,spark,Statistics and Data,BigData,Both AI & ML
2019,Köln,Nordrhein-Westfalen,hadoop,Statistics and Data,BigData,Both AI & ML
2019,Düsseldorf,Nordrhein-Westfalen,big data,Statistics and Data,BigData,Both AI & ML
2019,Düsseldorf,Nordrhein-Westfalen,big data,Statistics and Data,BigData,Both AI & ML
2019,Düsseldorf,Nordrhein-Westfalen,implementierung,Decision Making and Analytical,DecisionMaking,Both AI & ML
2019,Düsseldorf,Nordrhein-Westfalen,big data,Statistics and Data,BigData,Both AI & ML
2019,Düsseldorf,Nordrhein-Westfalen,analyse,Decision Making and Analytical,DecisionMaking,Both AI & ML
2019,Düsseldorf,Nordrhein-Westfalen,machine learning,Statistics and Data,DataMining,Both AI & ML
2019,Düsseldorf,Nordrhein-Westfalen,implementierung,Decision Making and Analytical,DecisionMaking,Both AI & ML
2019,Düsseldorf,Nordrhein-Westfalen,big data,Statistics and Data,BigData,Both AI & ML
2019,Düsseldorf,Nordrhein-Westfalen,spark,Statistics and Data,BigData,Both AI & ML
2019,Düsseldorf,Nordrhein-Westfalen,hadoop,Statistics and Data,BigData,Both AI & ML
2019,Düsseldorf,Nordrhein-Westfalen,machine learning,Statistics and Data,DataMining,Both AI & ML
2019,Düsseldorf,Nordrhein-Westfalen,analyse,Decision Making and Analytical,DecisionMaking,Both AI & ML
2019,Düsseldorf,Nordrhein-Westfalen,python,Occupational Attributes,Programming,Both AI & ML
2019,Düsseldorf,Nordrhein-Westfalen,sql,Statistics and Data,StructuredData,Both AI & ML
2019,Düsseldorf,Nordrhein-Westfalen,integration,Occupational Attributes,EnterpriseSystem,Both AI & ML
2019,Düsseldorf,Nordrhein-Westfalen,analyse,Decision Making and Analytical,DecisionMaking,Both AI & ML
2019,Düsseldorf,Nordrhein-Westfalen,zusammenarbeit,Decision Making and Analytical,Interpersonal,Both AI & ML
2019,Düsseldorf,Nordrhein-Westfalen,mathematik,General,Numeracy,Both AI & ML
2019,Düsseldorf,Nordrhein-Westfalen,statistik,Statistics and Data,Statistics,Both AI & ML
2019,Düsseldorf,Nordrhein-Westfalen,big data,Statistics and Data,BigData,Both AI & ML
2019,Düsseldorf,Nordrhein-Westfalen,spark,Statistics and Data,BigData,Both AI & ML
2019,Düsseldorf,Nordrhein-Westfalen,hadoop,Statistics and Data,BigData,Both AI & ML
2019,Düsseldorf,Nordrhein-Westfalen,python,Occupational Attributes,Programming,Both AI & ML
2019,Düsseldorf,Nordrhein-Westfalen,sql,Statistics and Data,StructuredData,Both AI & ML
2019,Düsseldorf,Nordrhein-Westfalen,pandas,Statistics and Data,Statistics,Both AI & ML
2019,Düsseldorf,Nordrhein-Westfalen,machine learning,Statistics and Data,DataMining,Both AI & ML
2019,Düsseldorf,Nordrhein-Westfalen,big data,Statistics and Data,BigData,Both AI & ML
2019,Düsseldorf,Nordrhein-Westfalen,big data,Statistics and Data,BigData,Both AI & ML
2019,Düsseldorf,Nordrhein-Westfalen,big data,Statistics and Data,BigData,Both AI & ML
2019,Düsseldorf,Nordrhein-Westfalen,implementierung,Decision Making and Analytical,DecisionMaking,Both AI & ML
2019,Düsseldorf,Nordrhein-Westfalen,big data,Statistics and Data,BigData,Both AI & ML
2019,Düsseldorf,Nordrhein-Westfalen,machine learning,Statistics and Data,DataMining,Both AI & ML
2019,Düsseldorf,Nordrhein-Westfalen,analyse,Decision Making and Analytical,DecisionMaking,Both AI & ML
2019,Düsseldorf,Nordrhein-Westfalen,machine learning,Statistics and Data,DataMining,Both AI & ML
2019,Düsseldorf,Nordrhein-Westfalen,implementierung,Decision Making and Analytical,DecisionMaking,Both AI & ML
2019,Düsseldorf,Nordrhein-Westfalen,nlp,Specialized ML,NLP,Both AI & ML
2019,Düsseldorf,Nordrhein-Westfalen,analyse,Decision Making and Analytical,DecisionMaking,Both AI & ML
2019,Düsseldorf,Nordrhein-Westfalen,python,Occupational Attributes,Programming,Both AI & ML
2019,Düsseldorf,Nordrhein-Westfalen,pandas,Statistics and Data,Statistics,Both AI & ML
2019,Düsseldorf,Nordrhein-Westfalen,mathematik,General,Numeracy,Both AI & ML
2019,Düsseldorf,Nordrhein-Westfalen,python,Occupational Attributes,Programming,Both AI & ML
2019,Düsseldorf,Nordrhein-Westfalen,sql,Statistics and Data,StructuredData,Both AI & ML
2019,Düsseldorf,Nordrhein-Westfalen,big data,Statistics and Data,BigData,Both AI & ML
2019,Düsseldorf,Nordrhein-Westfalen,spark,Statistics and Data,BigData,Both AI & ML
2019,Düsseldorf,Nordrhein-Westfalen,hadoop,Statistics and Data,BigData,Both AI & ML
2019,Düsseldorf,Nordrhein-Westfalen,machine learning,Statistics and Data,DataMining,Both AI & ML
2019,Düsseldorf,Nordrhein-Westfalen,nlp,Specialized ML,NLP,Both AI & ML
2019,Düsseldorf,Nordrhein-Westfalen,aws,Cloud Platforms,AWS,Both AI & ML
2019,Düsseldorf,Nordrhein-Westfalen,azure,Cloud Platforms,Azure,Both AI & ML
2019,Köln,Nordrhein-Westfalen,machine learning,Statistics and Data,DataMining,Both AI & ML
2019,Köln,Nordrhein-Westfalen,implementierung,Decision Making and Analytical,DecisionMaking,Both AI & ML
2019,Köln,Nordrhein-Westfalen,machine learning,Statistics and Data,DataMining,Both AI & ML
2019,Köln,Nordrhein-Westfalen,analyse,Decision Making and Analytical,DecisionMaking,Both AI & ML
2019,Köln,Nordrhein-Westfalen,analyse,Decision Making and Analytical,DecisionMaking,Both AI & ML
2019,Köln,Nordrhein-Westfalen,zusammenarbeit,Decision Making and Analytical,Interpersonal,Both AI & ML
2019,Köln,Nordrhein-Westfalen,mathematik,General,Numeracy,Both AI & ML
2019,Köln,Nordrhein-Westfalen,statistik,Statistics and Data,Statistics,Both AI & ML
2019,Köln,Nordrhein-Westfalen,machine learning,Statistics and Data,DataMining,Both AI & ML
2019,Köln,Nordrhein-Westfalen,python,Occupational Attributes,Programming,Both AI & ML
2019,Köln,Nordrhein-Westfalen,sql,Statistics and Data,StructuredData,Both AI & ML
2019,Köln,Nordrhein-Westfalen,machine learning,Statistics and Data,DataMining,Both AI & ML
2019,Köln,Nordrhein-Westfalen,big data,Statistics and Data,BigData,Both AI & ML
2019,Köln,Nordrhein-Westfalen,spark,Statistics and Data,BigData,Both AI & ML
2019,Köln,Nordrhein-Westfalen,hadoop,Statistics and Data,BigData,Both AI & ML
2019,Köln,Nordrhein-Westfalen,tableau,Occupational Attributes,Visualization,Both AI & ML
2019,Köln,Nordrhein-Westfalen,machine learning,Statistics and Data,DataMining,Both AI & ML
2019,Köln,Nordrhein-Westfalen,implementierung,Decision Making and Analytical,DecisionMaking,Both AI & ML
2019,Köln,Nordrhein-Westfalen,machine learning,Statistics and Data,DataMining,Both AI & ML
2019,Köln,Nordrhein-Westfalen,analyse,Decision Making and Analytical,DecisionMaking,Both AI & ML
2019,Köln,Nordrhein-Westfalen,zusammenarbeit,Decision Making and Analytical,Interpersonal,Both AI & ML
2019,Köln,Nordrhein-Westfalen,machine learning,Statistics and Data,DataMining,Both AI & ML
2019,Köln,Nordrhein-Westfalen,python,Occupational Attributes,Programming,Both AI & ML
2019,Köln,Nordrhein-Westfalen,pandas,Statistics and Data,Statistics,Both AI & ML
2019,Köln,Nordrhein-Westfalen,erp,Occupational Attributes,EnterpriseSystem,Both AI & ML
2019,Köln,Nordrhein-Westfalen,integration,Occupational Attributes,EnterpriseSystem,Both AI & ML
2019,Münster,Nordrhein-Westfalen,machine learning,Statistics and Data,DataMining,Both AI & ML
2019,Münster,Nordrhein-Westfalen,machine learning,Statistics and Data,DataMining,Both AI & ML
2019,Münster,Nordrhein-Westfalen,maschinelles lernen,Statistics and Data,DataMining,Both AI & ML
2019,Münster,Nordrhein-Westfalen,implementierung,Decision Making and Analytical,DecisionMaking,Both AI & ML
2019,Münster,Nordrhein-Westfalen,machine learning,Statistics and Data,DataMining,Both AI & ML
2019,Münster,Nordrhein-Westfalen,analyse,Decision Making and Analytical,DecisionMaking,Both AI & ML
2019,Münster,Nordrhein-Westfalen,python,Occupational Attributes,Programming,Both AI & ML
2019,Münster,Nordrhein-Westfalen,pandas,Statistics and Data,Statistics,Both AI & ML
2019,Münster,Nordrhein-Westfalen,zusammenarbeit,Decision Making and Analytical,Interpersonal,Both AI & ML
2019,Münster,Nordrhein-Westfalen,integration,Occupational Attributes,EnterpriseSystem,Both AI & ML
2019,Münster,Nordrhein-Westfalen,machine learning,Statistics and Data,DataMining,Both AI & ML
2019,Münster,Nordrhein-Westfalen,machine learning,Statistics and Data,DataMining,Both AI & ML
2019,Münster,Nordrhein-Westfalen,mathematik,General,Numeracy,Both AI & ML
2019,Münster,Nordrhein-Westfalen,machine learning,Statistics and Data,DataMining,Both AI & ML
2019,Münster,Nordrhein-Westfalen,programmierung,Occupational Attributes,Programming,Both AI & ML
2019,Münster,Nordrhein-Westfalen,python,Occupational Attributes,Programming,Both AI & ML
2019,Münster,Nordrhein-Westfalen,sql,Statistics and Data,StructuredData,Both AI & ML
2019,Münster,Nordrhein-Westfalen,analyse,Decision Making and Analytical,DecisionMaking,Both AI & ML
2019,Münster,Nordrhein-Westfalen,modellbewertung,Generative AI,EvaluationMonitoring,Both AI & ML
2019,München,Bayern,machine learning,Statistics and Data,DataMining,Both AI & ML
2019,München,Bayern,prognose,Statistics and Data,DataMining,Both AI & ML
2019,München,Bayern,datenanalyse,General,Research,Both AI & ML
2019,München,Bayern,python,Occupational Attributes,Programming,Both AI & ML
2019,München,Bayern,sql,Statistics and Data,StructuredData,Both AI & ML
2019,München,Bayern,statistik,Statistics and Data,Statistics,Both AI & ML
2019,München,Bayern,präsentation,Communication,Presentation,Both AI & ML
2019,München,Bayern,zusammenarbeit,Decision Making and Analytical,Interpersonal,Both AI & ML
2019,München,Bayern,mathematik,General,Numeracy,Both AI & ML
2019,München,Bayern,statistik,Statistics and Data,Statistics,Both AI & ML
2019,München,Bayern,python,Occupational Attributes,Programming,Both AI & ML
2019,München,Bayern,pandas,Statistics and Data,Statistics,Both AI & ML
2019,München,Bayern,sql,Statistics and Data,StructuredData,Both AI & ML
2019,München,Bayern,big data,Statistics and Data,BigData,Both AI & ML
2019,München,Bayern,spark,Statistics and Data,BigData,Both AI & ML
2019,München,Bayern,hadoop,Statistics and Data,BigData,Both AI & ML
2019,München,Bayern,modellbewertung,Generative AI,EvaluationMonitoring,Both AI & ML
2019,Bonn,Nordrhein-Westfalen,implementierung,Decision Making and Analytical,DecisionMaking,Both AI & ML
2019,Bonn,Nordrhein-Westfalen,analyse,Decision Making and Analytical,DecisionMaking,Both AI & ML
2019,Bonn,Nordrhein-Westfalen,python,Occupational Attributes,Programming,Both AI & ML
2019,Bonn,Nordrhein-Westfalen,sql,Statistics and Data,StructuredData,Both AI & ML
2019,Bonn,Nordrhein-Westfalen,machine learning,Statistics and Data,DataMining,Both AI & ML
2019,Bonn,Nordrhein-Westfalen,zusammenarbeit,Decision Making and Analytical,Interpersonal,Both AI & ML
2019,Bonn,Nordrhein-Westfalen,integration,Occupational Attributes,EnterpriseSystem,Both AI & ML
2019,Bonn,Nordrhein-Westfalen,python,Occupational Attributes,Programming,Both AI & ML
2019,Bonn,Nordrhein-Westfalen,sql,Statistics and Data,StructuredData,Both AI & ML
2019,Bonn,Nordrhein-Westfalen,machine learning,Statistics and Data,DataMining,Both AI & ML
2019,Bonn,Nordrhein-Westfalen,analyse,Decision Making and Analytical,DecisionMaking,Both AI & ML
2019,Bonn,Nordrhein-Westfalen,pandas,Statistics and Data,Statistics,Both AI & ML
2019,Köln,Nordrhein-Westfalen,verantwortlich,Communication,Generic,Both AI & ML
2019,Köln,Nordrhein-Westfalen,kommunikation,Decision Making and Analytical,MSOffice,Both AI & ML
2019,Köln,Nordrhein-Westfalen,problemlösung,Decision Making and Analytical,ProblemSolving,Both AI & ML
2019,Köln,Nordrhein-Westfalen,dokumentation,Decision Making and Analytical,MSOffice,Both AI & ML
2019,Köln,Nordrhein-Westfalen,analyse,Decision Making and Analytical,DecisionMaking,Both AI & ML
2019,Köln,Nordrhein-Westfalen,zusammenarbeit,Decision Making and Analytical,Interpersonal,Both AI & ML
2019,Köln,Nordrhein-Westfalen,crm,Occupational Attributes,EnterpriseSystem,Both AI & ML
2019,Köln,Nordrhein-Westfalen,machine learning,Statistics and Data,DataMining,Both AI & ML
2019,Köln,Nordrhein-Westfalen,machine learning,Statistics and Data,DataMining,Both AI & ML
2019,Köln,Nordrhein-Westfalen,machine learning,Statistics and Data,DataMining,Both AI & ML
2019,Köln,Nordrhein-Westfalen,implementierung,Decision Making and Analytical,DecisionMaking,Both AI & ML
2019,Köln,Nordrhein-Westfalen,machine learning,Statistics and Data,DataMining,Both AI & ML
2019,Köln,Nordrhein-Westfalen,analyse,Decision Making and Analytical,DecisionMaking,Both AI & ML
2019,Köln,Nordrhein-Westfalen,python,Occupational Attributes,Programming,Both AI & ML
2019,Köln,Nordrhein-Westfalen,sql,Statistics and Data,StructuredData,Both AI & ML
2019,Köln,Nordrhein-Westfalen,datenanalyse,General,Research,Both AI & ML
2019,Köln,Nordrhein-Westfalen,zusammenarbeit,Decision Making and Analytical,Interpersonal,Both AI & ML
2019,Köln,Nordrhein-Westfalen,integration,Occupational Attributes,EnterpriseSystem,Both AI & ML
2019,Köln,Nordrhein-Westfalen,mathematik,General,Numeracy,Both AI & ML
2019,Köln,Nordrhein-Westfalen,machine learning,Statistics and Data,DataMining,Both AI & ML
2019,Köln,Nordrhein-Westfalen,python,Occupational Attributes,Programming,Both AI & ML
2019,Köln,Nordrhein-Westfalen,sql,Statistics and Data,StructuredData,Both AI & ML
2019,Köln,Nordrhein-Westfalen,analyse,Decision Making and Analytical,DecisionMaking,Both AI & ML
2019,Köln,Nordrhein-Westfalen,analyse,Decision Making and Analytical,DecisionMaking,ML
2019,Köln,Nordrhein-Westfalen,python,Occupational Attributes,Programming,ML
2019,Köln,Nordrhein-Westfalen,sql,Statistics and Data,StructuredData,ML
2019,Köln,Nordrhein-Westfalen,datenanalyse,General,Research,ML
2019,Köln,Nordrhein-Westfalen,zusammenarbeit,Decision Making and Analytical,Interpersonal,ML
2019,Köln,Nordrhein-Westfalen,mathematik,General,Numeracy,ML
2019,Köln,Nordrhein-Westfalen,statistik,Statistics and Data,Statistics,ML
2019,Köln,Nordrhein-Westfalen,python,Occupational Attributes,Programming,ML
2019,Köln,Nordrhein-Westfalen,sql,Statistics and Data,StructuredData,ML
2019,Düsseldorf,Nordrhein-Westfalen,machine learning,Statistics and Data,DataMining,Both AI & ML
2019,Düsseldorf,Nordrhein-Westfalen,machine learning,Statistics and Data,DataMining,Both AI & ML
2019,Düsseldorf,Nordrhein-Westfalen,datenanalyse,General,Research,Both AI & ML
2019,Düsseldorf,Nordrhein-Westfalen,python,Occupational Attributes,Programming,Both AI & ML
2019,Düsseldorf,Nordrhein-Westfalen,sql,Statistics and Data,StructuredData,Both AI & ML
2019,Düsseldorf,Nordrhein-Westfalen,statistik,Statistics and Data,Statistics,Both AI & ML
2019,Düsseldorf,Nordrhein-Westfalen,mathematik,General,Numeracy,Both AI & ML
2019,Düsseldorf,Nordrhein-Westfalen,python,Occupational Attributes,Programming,Both AI & ML
2019,Düsseldorf,Nordrhein-Westfalen,sql,Statistics and Data,StructuredData,Both AI & ML
2019,Düsseldorf,Nordrhein-Westfalen,machine learning,Statistics and Data,DataMining,Both AI & ML
2019,Düsseldorf,Nordrhein-Westfalen,modellbewertung,Generative AI,EvaluationMonitoring,Both AI & ML
2019,Köln,Nordrhein-Westfalen,machine learning,Statistics and Data,DataMining,Both AI & ML
2019,Köln,Nordrhein-Westfalen,implementierung,Decision Making and Analytical,DecisionMaking,Both AI & ML
2019,Köln,Nordrhein-Westfalen,machine learning,Statistics and Data,DataMining,Both AI & ML
2019,Köln,Nordrhein-Westfalen,datenanalyse,General,Research,Both AI & ML
2019,Köln,Nordrhein-Westfalen,python,Occupational Attributes,Programming,Both AI & ML
2019,Köln,Nordrhein-Westfalen,sql,Statistics and Data,StructuredData,Both AI & ML
2019,Köln,Nordrhein-Westfalen,präsentation,Communication,Presentation,Both AI & ML
2019,Köln,Nordrhein-Westfalen,zusammenarbeit,Decision Making and Analytical,Interpersonal,Both AI & ML
2019,Köln,Nordrhein-Westfalen,integration,Occupational Attributes,EnterpriseSystem,Both AI & ML
2019,Köln,Nordrhein-Westfalen,mathematik,General,Numeracy,Both AI & ML
2019,Köln,Nordrhein-Westfalen,machine learning,Statistics and Data,DataMining,Both AI & ML
2019,Köln,Nordrhein-Westfalen,python,Occupational Attributes,Programming,Both AI & ML
2019,Köln,Nordrhein-Westfalen,pandas,Statistics and Data,Statistics,Both AI & ML
2019,Köln,Nordrhein-Westfalen,modellierung,Decision Making and Analytical,DecisionMaking,Both AI & ML
2019,München,Bayern,machine learning,Statistics and Data,DataMining,Both AI & ML
2019,München,Bayern,machine learning,Statistics and Data,DataMining,Both AI & ML
2019,München,Bayern,datenanalyse,General,Research,Both AI & ML
2019,München,Bayern,prognose,Statistics and Data,DataMining,Both AI & ML
2019,München,Bayern,python,Occupational Attributes,Programming,Both AI & ML
2019,München,Bayern,sql,Statistics and Data,StructuredData,Both AI & ML
2019,München,Bayern,machine learning,Statistics and Data,DataMining,Both AI & ML
2019,Köln,Nordrhein-Westfalen,machine learning,Statistics and Data,DataMining,Both AI & ML
2019,Köln,Nordrhein-Westfalen,implementierung,Decision Making and Analytical,DecisionMaking,Both AI & ML
2019,Köln,Nordrhein-Westfalen,machine learning,Statistics and Data,DataMining,Both AI & ML
2019,Köln,Nordrhein-Westfalen,analyse,Decision Making and Analytical,DecisionMaking,Both AI & ML
2019,Köln,Nordrhein-Westfalen,python,Occupational Attributes,Programming,Both AI & ML
2019,Köln,Nordrhein-Westfalen,pandas,Statistics and Data,Statistics,Both AI & ML
2019,Köln,Nordrhein-Westfalen,machine learning,Statistics and Data,DataMining,Both AI & ML
2019,Köln,Nordrhein-Westfalen,python,Occupational Attributes,Programming,Both AI & ML
2019,Köln,Nordrhein-Westfalen,sql,Statistics and Data,StructuredData,Both AI & ML
2019,Köln,Nordrhein-Westfalen,datenanalyse,General,Research,Both AI & ML
2019,Köln,Nordrhein-Westfalen,pandas,Statistics and Data,Statistics,Both AI & ML
2019,Köln,Nordrhein-Westfalen,analyse,Decision Making and Analytical,DecisionMaking,Both AI & ML
2019,Köln,Nordrhein-Westfalen,datenanalyse,General,Research,Both AI & ML
2019,Köln,Nordrhein-Westfalen,python,Occupational Attributes,Programming,Both AI & ML
2019,Köln,Nordrhein-Westfalen,sql,Statistics and Data,StructuredData,Both AI & ML
2019,Köln,Nordrhein-Westfalen,implementierung,Decision Making and Analytical,DecisionMaking,Both AI & ML
2019,Köln,Nordrhein-Westfalen,machine learning,Statistics and Data,DataMining,Both AI & ML
2019,Köln,Nordrhein-Westfalen,prognose,Statistics and Data,DataMining,Both AI & ML
2019,Köln,Nordrhein-Westfalen,datenanalyse,General,Research,Both AI & ML
2019,Köln,Nordrhein-Westfalen,zusammenarbeit,Decision Making and Analytical,Interpersonal,Both AI & ML
2019,Köln,Nordrhein-Westfalen,mathematik,General,Numeracy,Both AI & ML
2019,Köln,Nordrhein-Westfalen,machine learning,Statistics and Data,DataMining,Both AI & ML
2019,Köln,Nordrhein-Westfalen,python,Occupational Attributes,Programming,Both AI & ML
2019,Köln,Nordrhein-Westfalen,sql,Statistics and Data,StructuredData,Both AI & ML
2019,Köln,Nordrhein-Westfalen,machine learning,Statistics and Data,DataMining,Both AI & ML
2019,Freiburg im Breisgau,Baden-Württemberg,machine learning,Statistics and Data,DataMining,Both AI & ML
2019,Freiburg im Breisgau,Baden-Württemberg,implementierung,Decision Making and Analytical,DecisionMaking,Both AI & ML
2019,Freiburg im Breisgau,Baden-Württemberg,machine learning,Statistics and Data,DataMining,Both AI & ML
2019,Freiburg im Breisgau,Baden-Württemberg,datenanalyse,General,Research,Both AI & ML
2019,Freiburg im Breisgau,Baden-Württemberg,python,Occupational Attributes,Programming,Both AI & ML
2019,Freiburg im Breisgau,Baden-Württemberg,sql,Statistics and Data,StructuredData,Both AI & ML
2019,Freiburg im Breisgau,Baden-Württemberg,statistik,Statistics and Data,Statistics,Both AI & ML
2019,Freiburg im Breisgau,Baden-Württemberg,mathematik,General,Numeracy,Both AI & ML
2019,Freiburg im Breisgau,Baden-Württemberg,python,Occupational Attributes,Programming,Both AI & ML
2019,Freiburg im Breisgau,Baden-Württemberg,sql,Statistics and Data,StructuredData,Both AI & ML
2019,Freiburg im Breisgau,Baden-Württemberg,machine learning,Statistics and Data,DataMining,Both AI & ML
2019,Freiburg im Breisgau,Baden-Württemberg,pandas,Statistics and Data,Statistics,Both AI & ML
2019,Köln,Nordrhein-Westfalen,verantwortlich,Communication,Generic,Both AI & ML
2019,Köln,Nordrhein-Westfalen,implementierung,Decision Making and Analytical,DecisionMaking,Both AI & ML
2019,Köln,Nordrhein-Westfalen,machine learning,Statistics and Data,DataMining,Both AI & ML
2019,Köln,Nordrhein-Westfalen,machine learning,Statistics and Data,DataMining,Both AI & ML
2019,Köln,Nordrhein-Westfalen,datenanalyse,General,Research,Both AI & ML
2019,Köln,Nordrhein-Westfalen,python,Occupational Attributes,Programming,Both AI & ML
2019,Köln,Nordrhein-Westfalen,sql,Statistics and Data,StructuredData,Both AI & ML
2019,Köln,Nordrhein-Westfalen,problemlösung,Decision Making and Analytical,ProblemSolving,Both AI & ML
2019,Köln,Nordrhein-Westfalen,mathematik,General,Numeracy,Both AI & ML
2019,Köln,Nordrhein-Westfalen,machine learning,Statistics and Data,DataMining,Both AI & ML
2019,Köln,Nordrhein-Westfalen,python,Occupational Attributes,Programming,Both AI & ML
2019,Köln,Nordrhein-Westfalen,sql,Statistics and Data,StructuredData,Both AI & ML
2019,Köln,Nordrhein-Westfalen,big data,Statistics and Data,BigData,Both AI & ML
2019,Köln,Nordrhein-Westfalen,spark,Statistics and Data,BigData,Both AI & ML
2019,Köln,Nordrhein-Westfalen,hadoop,Statistics and Data,BigData,Both AI & ML
2019,Köln,Nordrhein-Westfalen,verantwortlich,Communication,Generic,Both AI & ML
2019,Köln,Nordrhein-Westfalen,planung,Data Engineering,Orchestration,Both AI & ML
2019,Köln,Nordrhein-Westfalen,machine learning,Statistics and Data,DataMining,Both AI & ML
2019,Köln,Nordrhein-Westfalen,planung,Data Engineering,Orchestration,Both AI & ML
2019,Köln,Nordrhein-Westfalen,kommunikation,Decision Making and Analytical,MSOffice,Both AI & ML
2019,Köln,Nordrhein-Westfalen,machine learning,Statistics and Data,DataMining,Both AI & ML
2019,Köln,Nordrhein-Westfalen,machine learning,Statistics and Data,DataMining,Both AI & ML
2019,Köln,Nordrhein-Westfalen,python,Occupational Attributes,Programming,Both AI & ML
2019,Köln,Nordrhein-Westfalen,sap,Occupational Attributes,EnterpriseSystem,Both AI & ML
2019,Köln,Nordrhein-Westfalen,sap,Occupational Attributes,EnterpriseSystem,Both AI & ML
2019,Köln,Nordrhein-Westfalen,sap,Occupational Attributes,EnterpriseSystem,Both AI & ML
2019,Köln,Nordrhein-Westfalen,planung,Data Engineering,Orchestration,Both AI & ML
2019,Köln,Nordrhein-Westfalen,sap,Occupational Attributes,EnterpriseSystem,Both AI & ML
2019,Köln,Nordrhein-Westfalen,sap,Occupational Attributes,EnterpriseSystem,Both AI & ML
2019,Köln,Nordrhein-Westfalen,integration,Occupational Attributes,EnterpriseSystem,Both AI & ML
2019,Köln,Nordrhein-Westfalen,sap,Occupational Attributes,EnterpriseSystem,Both AI & ML
2019,Köln,Nordrhein-Westfalen,sql,Statistics and Data,StructuredData,Both AI & ML
2019,Köln,Nordrhein-Westfalen,python,Occupational Attributes,Programming,Both AI & ML
2019,Köln,Nordrhein-Westfalen,datenanalyse,General,Research,Both AI & ML
2019,München,Bayern,verantwortlich,Communication,Generic,Both AI & ML
2019,München,Bayern,analyse,Decision Making and Analytical,DecisionMaking,Both AI & ML
2019,München,Bayern,datenanalyse,General,Research,Both AI & ML
2019,München,Bayern,implementierung,Decision Making and Analytical,DecisionMaking,Both AI & ML
2019,München,Bayern,analyse,Decision Making and Analytical,DecisionMaking,Both AI & ML
2019,München,Bayern,python,Occupational Attributes,Programming,Both AI & ML
2019,München,Bayern,sql,Statistics and Data,StructuredData,Both AI & ML
2019,München,Bayern,machine learning,Statistics and Data,DataMining,Both AI & ML
2019,München,Bayern,mathematik,General,Numeracy,Both AI & ML
2019,München,Bayern,pandas,Statistics and Data,Statistics,Both AI & ML
2019,München,Bayern,python,Occupational Attributes,Programming,Both AI & ML
2019,München,Bayern,sql,Statistics and Data,StructuredData,Both AI & ML
2019,Köln,Nordrhein-Westfalen,analyse,Decision Making and Analytical,DecisionMaking,AI
2019,Köln,Nordrhein-Westfalen,implementierung,Decision Making and Analytical,DecisionMaking,AI
2019,Köln,Nordrhein-Westfalen,integration,Occupational Attributes,EnterpriseSystem,AI
2019,Köln,Nordrhein-Westfalen,berichte,Occupational Attributes,Visualization,AI
2019,Köln,Nordrhein-Westfalen,python,Occupational Attributes,Programming,AI
2019,Köln,Nordrhein-Westfalen,sql,Statistics and Data,StructuredData,AI
2019,Köln,Nordrhein-Westfalen,machine learning,Statistics and Data,DataMining,Both AI & ML
2019,Köln,Nordrhein-Westfalen,machine learning,Statistics and Data,DataMining,Both AI & ML
2019,Köln,Nordrhein-Westfalen,analyse,Decision Making and Analytical,DecisionMaking,Both AI & ML
2019,Köln,Nordrhein-Westfalen,python,Occupational Attributes,Programming,Both AI & ML
2019,Köln,Nordrhein-Westfalen,sql,Statistics and Data,StructuredData,Both AI & ML
2019,Köln,Nordrhein-Westfalen,implementierung,Decision Making and Analytical,DecisionMaking,Both AI & ML
2019,Köln,Nordrhein-Westfalen,big data,Statistics and Data,BigData,Both AI & ML
2019,Köln,Nordrhein-Westfalen,mathematik,General,Numeracy,Both AI & ML
2019,Köln,Nordrhein-Westfalen,python,Occupational Attributes,Programming,Both AI & ML
2019,Köln,Nordrhein-Westfalen,sql,Statistics and Data,StructuredData,Both AI & ML
2019,Köln,Nordrhein-Westfalen,machine learning,Statistics and Data,DataMining,Both AI & ML
2019,Sankt Augustin,Nordrhein-Westfalen,verantwortlich,Communication,Generic,Both AI & ML
2019,Sankt Augustin,Nordrhein-Westfalen,implementierung,Decision Making and Analytical,DecisionMaking,Both AI & ML
2019,Sankt Augustin,Nordrhein-Westfalen,machine learning,Statistics and Data,DataMining,Both AI & ML
2019,Sankt Augustin,Nordrhein-Westfalen,analyse,Decision Making and Analytical,DecisionMaking,Both AI & ML
2019,Sankt Augustin,Nordrhein-Westfalen,python,Occupational Attributes,Programming,Both AI & ML
2019,Sankt Augustin,Nordrhein-Westfalen,sql,Statistics and Data,StructuredData,Both AI & ML
2019,Sankt Augustin,Nordrhein-Westfalen,zusammenarbeit,Decision Making and Analytical,Interpersonal,Both AI & ML
2019,Sankt Augustin,Nordrhein-Westfalen,integration,Occupational Attributes,EnterpriseSystem,Both AI & ML
2019,Sankt Augustin,Nordrhein-Westfalen,machine learning,Statistics and Data,DataMining,Both AI & ML
2019,Sankt Augustin,Nordrhein-Westfalen,python,Occupational Attributes,Programming,Both AI & ML
2019,Sankt Augustin,Nordrhein-Westfalen,sql,Statistics and Data,StructuredData,Both AI & ML
2019,Leuna,Sachsen-Anhalt,sap,Occupational Attributes,EnterpriseSystem,ML
2019,Leuna,Sachsen-Anhalt,sap,Occupational Attributes,EnterpriseSystem,ML
2019,Leuna,Sachsen-Anhalt,verantwortlich,Communication,Generic,ML
2019,Leuna,Sachsen-Anhalt,implementierung,Decision Making and Analytical,DecisionMaking,ML
2019,Leuna,Sachsen-Anhalt,sap,Occupational Attributes,EnterpriseSystem,ML
2019,Leuna,Sachsen-Anhalt,analyse,Decision Making and Analytical,DecisionMaking,ML
2019,Leuna,Sachsen-Anhalt,implementierung,Decision Making and Analytical,DecisionMaking,ML
2019,Leuna,Sachsen-Anhalt,sap,Occupational Attributes,EnterpriseSystem,ML
2019,Leuna,Sachsen-Anhalt,analyse,Decision Making and Analytical,DecisionMaking,ML
2019,Leuna,Sachsen-Anhalt,sap,Occupational Attributes,EnterpriseSystem,ML
2019,Leuna,Sachsen-Anhalt,planung,Data Engineering,Orchestration,ML
2019,Leuna,Sachsen-Anhalt,python,Occupational Attributes,Programming,ML
2019,Leuna,Sachsen-Anhalt,sql,Statistics and Data,StructuredData,ML
2019,Leuna,Sachsen-Anhalt,pandas,Statistics and Data,Statistics,ML
2019,Leuna,Sachsen-Anhalt,sap,Occupational Attributes,EnterpriseSystem,ML
2019,Leuna,Sachsen-Anhalt,implementierung,Decision Making and Analytical,DecisionMaking,ML
2019,Köln,Nordrhein-Westfalen,datenanalyse,General,Research,AI
2019,Köln,Nordrhein-Westfalen,integration,Occupational Attributes,EnterpriseSystem,AI
2019,Köln,Nordrhein-Westfalen,implementierung,Decision Making and Analytical,DecisionMaking,AI
2019,Köln,Nordrhein-Westfalen,datenanalyse,General,Research,AI
2019,Köln,Nordrhein-Westfalen,sql,Statistics and Data,StructuredData,AI
2019,Köln,Nordrhein-Westfalen,pandas,Statistics and Data,Statistics,AI
2019,Köln,Nordrhein-Westfalen,integration,Occupational Attributes,EnterpriseSystem,AI
2019,Köln,Nordrhein-Westfalen,tableau,Occupational Attributes,Visualization,AI
2019,Köln,Nordrhein-Westfalen,zusammenarbeit,Decision Making and Analytical,Interpersonal,AI
2019,Köln,Nordrhein-Westfalen,sql,Statistics and Data,StructuredData,AI
2019,Köln,Nordrhein-Westfalen,python,Occupational Attributes,Programming,AI
2019,Köln,Nordrhein-Westfalen,datenanalyse,General,Research,AI
2019,Köln,Nordrhein-Westfalen,pandas,Statistics and Data,Statistics,AI
2019,Köln,Nordrhein-Westfalen,tableau,Occupational Attributes,Visualization,AI
2019,Köln,Nordrhein-Westfalen,big data,Statistics and Data,BigData,Both AI & ML
2019,Köln,Nordrhein-Westfalen,big data,Statistics and Data,BigData,Both AI & ML
2019,Köln,Nordrhein-Westfalen,machine learning,Statistics and Data,DataMining,Both AI & ML
2019,Köln,Nordrhein-Westfalen,implementierung,Decision Making and Analytical,DecisionMaking,Both AI & ML
2019,Köln,Nordrhein-Westfalen,machine learning,Statistics and Data,DataMining,Both AI & ML
2019,Köln,Nordrhein-Westfalen,datenanalyse,General,Research,Both AI & ML
2019,Köln,Nordrhein-Westfalen,prognose,Statistics and Data,DataMining,Both AI & ML
2019,Köln,Nordrhein-Westfalen,big data,Statistics and Data,BigData,Both AI & ML
2019,Köln,Nordrhein-Westfalen,python,Occupational Attributes,Programming,Both AI & ML
2019,Köln,Nordrhein-Westfalen,sql,Statistics and Data,StructuredData,Both AI & ML
2019,Köln,Nordrhein-Westfalen,pandas,Statistics and Data,Statistics,Both AI & ML
2019,Köln,Nordrhein-Westfalen,machine learning,Statistics and Data,DataMining,Both AI & ML
2019,Köln,Nordrhein-Westfalen,big data,Statistics and Data,BigData,Both AI & ML
2019,Köln,Nordrhein-Westfalen,spark,Statistics and Data,BigData,Both AI & ML
2019,Köln,Nordrhein-Westfalen,hadoop,Statistics and Data,BigData,Both AI & ML
2019,Weikersheim,Baden-Württemberg,verantwortlich,Communication,Generic,Both AI & ML
2019,Weikersheim,Baden-Württemberg,machine learning,Statistics and Data,DataMining,Both AI & ML
2019,Weikersheim,Baden-Württemberg,analyse,Decision Making and Analytical,DecisionMaking,Both AI & ML
2019,Weikersheim,Baden-Württemberg,datenanalyse,General,Research,Both AI & ML
2019,Weikersheim,Baden-Württemberg,machine learning,Statistics and Data,DataMining,Both AI & ML
2019,Weikersheim,Baden-Württemberg,implementierung,Decision Making and Analytical,DecisionMaking,Both AI & ML
2019,Weikersheim,Baden-Württemberg,zusammenarbeit,Decision Making and Analytical,Interpersonal,Both AI & ML
2019,Weikersheim,Baden-Württemberg,integration,Occupational Attributes,EnterpriseSystem,Both AI & ML
2019,Weikersheim,Baden-Württemberg,python,Occupational Attributes,Programming,Both AI & ML
2019,Weikersheim,Baden-Württemberg,sql,Statistics and Data,StructuredData,Both AI & ML
2019,Weikersheim,Baden-Württemberg,machine learning,Statistics and Data,DataMining,Both AI & ML
2019,Weikersheim,Baden-Württemberg,pandas,Statistics and Data,Statistics,Both AI & ML
2019,Frankfurt am Main,Hessen,verantwortlich,Communication,Generic,Both AI & ML
2019,Frankfurt am Main,Hessen,big data,Statistics and Data,BigData,Both AI & ML
2019,Frankfurt am Main,Hessen,modellierung,Decision Making and Analytical,DecisionMaking,Both AI & ML
2019,Frankfurt am Main,Hessen,zusammenarbeit,Decision Making and Analytical,Interpersonal,Both AI & ML
2019,Frankfurt am Main,Hessen,modellierung,Decision Making and Analytical,DecisionMaking,Both AI & ML
2019,Frankfurt am Main,Hessen,zusammenarbeit,Decision Making and Analytical,Interpersonal,Both AI & ML
2019,Frankfurt am Main,Hessen,integration,Occupational Attributes,EnterpriseSystem,Both AI & ML
2019,Frankfurt am Main,Hessen,machine learning,Statistics and Data,DataMining,Both AI & ML
2019,Frankfurt am Main,Hessen,implementierung,Decision Making and Analytical,DecisionMaking,Both AI & ML
2019,Frankfurt am Main,Hessen,big data,Statistics and Data,BigData,Both AI & ML
2019,Frankfurt am Main,Hessen,spark,Statistics and Data,BigData,Both AI & ML
2019,Frankfurt am Main,Hessen,hadoop,Statistics and Data,BigData,Both AI & ML
2019,Frankfurt am Main,Hessen,python,Occupational Attributes,Programming,Both AI & ML
2019,Frankfurt am Main,Hessen,sql,Statistics and Data,StructuredData,Both AI & ML
2019,Frankfurt am Main,Hessen,machine learning,Statistics and Data,DataMining,Both AI & ML
2019,Frankfurt am Main,Hessen,tableau,Occupational Attributes,Visualization,Both AI & ML
2019,München,Bayern,machine learning,Statistics and Data,DataMining,Both AI & ML
2019,München,Bayern,computer vision,Specialized ML,ComputerVision,Both AI & ML
2019,München,Bayern,implementierung,Decision Making and Analytical,DecisionMaking,Both AI & ML
2019,München,Bayern,implementierung,Decision Making and Analytical,DecisionMaking,Both AI & ML
2019,München,Bayern,machine learning,Statistics and Data,DataMining,Both AI & ML
2019,München,Bayern,computer vision,Specialized ML,ComputerVision,Both AI & ML
2019,München,Bayern,opencv,Specialized ML,ComputerVision,Both AI & ML
2019,München,Bayern,analyse,Decision Making and Analytical,DecisionMaking,Both AI & ML
2019,München,Bayern,python,Occupational Attributes,Programming,Both AI & ML
2019,München,Bayern,pandas,Statistics and Data,Statistics,Both AI & ML
2019,München,Bayern,zusammenarbeit,Decision Making and Analytical,Interpersonal,Both AI & ML
2019,München,Bayern,integration,Occupational Attributes,EnterpriseSystem,Both AI & ML
2019,München,Bayern,machine learning,Statistics and Data,DataMining,Both AI & ML
2019,München,Bayern,mathematik,General,Numeracy,Both AI & ML
2019,München,Bayern,machine learning,Statistics and Data,DataMining,Both AI & ML
2019,München,Bayern,computer vision,Specialized ML,ComputerVision,Both AI & ML
2019,München,Bayern,python,Occupational Attributes,Programming,Both AI & ML
2019,München,Bayern,sql,Statistics and Data,StructuredData,Both AI & ML
2019,München,Bayern,machine learning,Statistics and Data,DataMining,Both AI & ML
2019,München,Bayern,computer vision,Specialized ML,ComputerVision,Both AI & ML
2019,München,Bayern,opencv,Specialized ML,ComputerVision,Both AI & ML
2019,Köln,Nordrhein-Westfalen,analyse,Decision Making and Analytical,DecisionMaking,Both AI & ML
2019,Köln,Nordrhein-Westfalen,implementierung,Decision Making and Analytical,DecisionMaking,Both AI & ML
2019,Köln,Nordrhein-Westfalen,machine learning,Statistics and Data,DataMining,Both AI & ML
2019,Köln,Nordrhein-Westfalen,zusammenarbeit,Decision Making and Analytical,Interpersonal,Both AI & ML
2019,Köln,Nordrhein-Westfalen,python,Occupational Attributes,Programming,Both AI & ML
2019,Köln,Nordrhein-Westfalen,sql,Statistics and Data,StructuredData,Both AI & ML
2019,Köln,Nordrhein-Westfalen,machine learning,Statistics and Data,DataMining,Both AI & ML
2019,Köln,Nordrhein-Westfalen,big data,Statistics and Data,BigData,Both AI & ML
2019,Köln,Nordrhein-Westfalen,spark,Statistics and Data,BigData,Both AI & ML
2019,Köln,Nordrhein-Westfalen,hadoop,Statistics and Data,BigData,Both AI & ML
2019,Frankfurt am Main,Hessen,machine learning,Statistics and Data,DataMining,Both AI & ML
2019,Frankfurt am Main,Hessen,machine learning,Statistics and Data,DataMining,Both AI & ML
2019,Frankfurt am Main,Hessen,machine learning,Statistics and Data,DataMining,Both AI & ML
2019,Frankfurt am Main,Hessen,implementierung,Decision Making and Analytical,DecisionMaking,Both AI & ML
2019,Frankfurt am Main,Hessen,machine learning,Statistics and Data,DataMining,Both AI & ML
2019,Frankfurt am Main,Hessen,machine learning,Statistics and Data,DataMining,Both AI & ML
2019,Frankfurt am Main,Hessen,planung,Data Engineering,Orchestration,Both AI & ML
2019,Frankfurt am Main,Hessen,machine learning,Statistics and Data,DataMining,Both AI & ML
2019,Frankfurt am Main,Hessen,design,Decision Making and Analytical,DecisionMaking,Both AI & ML
2019,Frankfurt am Main,Hessen,machine learning,Statistics and Data,DataMining,Both AI & ML
2019,Frankfurt am Main,Hessen,azure,Cloud Platforms,Azure,Both AI & ML
2019,Frankfurt am Main,Hessen,python,Occupational Attributes,Programming,Both AI & ML
2019,Frankfurt am Main,Hessen,sql,Statistics and Data,StructuredData,Both AI & ML
2019,Frankfurt am Main,Hessen,machine learning,Statistics and Data,DataMining,Both AI & ML
2019,Freiburg im Breisgau,Baden-Württemberg,machine learning,Statistics and Data,DataMining,Both AI & ML
2019,Freiburg im Breisgau,Baden-Württemberg,machine learning,Statistics and Data,DataMining,Both AI & ML
2019,Freiburg im Breisgau,Baden-Württemberg,machine learning,Statistics and Data,DataMining,Both AI & ML
2019,Freiburg im Breisgau,Baden-Württemberg,implementierung,Decision Making and Analytical,DecisionMaking,Both AI & ML
2019,Freiburg im Breisgau,Baden-Württemberg,machine learning,Statistics and Data,DataMining,Both AI & ML
2019,Freiburg im Breisgau,Baden-Württemberg,analyse,Decision Making and Analytical,DecisionMaking,Both AI & ML
2019,Freiburg im Breisgau,Baden-Württemberg,pandas,Statistics and Data,Statistics,Both AI & ML
2019,Freiburg im Breisgau,Baden-Württemberg,zusammenarbeit,Decision Making and Analytical,Interpersonal,Both AI & ML
2019,Freiburg im Breisgau,Baden-Württemberg,integration,Occupational Attributes,EnterpriseSystem,Both AI & ML
2019,Freiburg im Breisgau,Baden-Württemberg,machine learning,Statistics and Data,DataMining,Both AI & ML
2019,Freiburg im Breisgau,Baden-Württemberg,machine learning,Statistics and Data,DataMining,Both AI & ML
2019,Freiburg im Breisgau,Baden-Württemberg,python,Occupational Attributes,Programming,Both AI & ML
2019,Freiburg im Breisgau,Baden-Württemberg,sql,Statistics and Data,StructuredData,Both AI & ML
2019,Freiburg im Breisgau,Baden-Württemberg,big data,Statistics and Data,BigData,Both AI & ML
2019,Freiburg im Breisgau,Baden-Württemberg,spark,Statistics and Data,BigData,Both AI & ML
2019,Freiburg im Breisgau,Baden-Württemberg,hadoop,Statistics and Data,BigData,Both AI & ML
2019,Sulzbach (Taunus),Hessen,machine learning,Statistics and Data,DataMining,Both AI & ML
2019,Sulzbach (Taunus),Hessen,machine learning,Statistics and Data,DataMining,Both AI & ML
2019,Sulzbach (Taunus),Hessen,verantwortlich,Communication,Generic,Both AI & ML
2019,Sulzbach (Taunus),Hessen,machine learning,Statistics and Data,DataMining,Both AI & ML
2019,Sulzbach (Taunus),Hessen,implementierung,Decision Making and Analytical,DecisionMaking,Both AI & ML
2019,Sulzbach (Taunus),Hessen,machine learning,Statistics and Data,DataMining,Both AI & ML
2019,Sulzbach (Taunus),Hessen,datenanalyse,General,Research,Both AI & ML
2019,Sulzbach (Taunus),Hessen,python,Occupational Attributes,Programming,Both AI & ML
2019,Sulzbach (Taunus),Hessen,pandas,Statistics and Data,Statistics,Both AI & ML
2019,Sulzbach (Taunus),Hessen,machine learning,Statistics and Data,DataMining,Both AI & ML
2019,Sulzbach (Taunus),Hessen,zusammenarbeit,Decision Making and Analytical,Interpersonal,Both AI & ML
2019,Sulzbach (Taunus),Hessen,integration,Occupational Attributes,EnterpriseSystem,Both AI & ML
2019,Sulzbach (Taunus),Hessen,machine learning,Statistics and Data,DataMining,Both AI & ML
2019,Sulzbach (Taunus),Hessen,mathematik,General,Numeracy,Both AI & ML
2019,Sulzbach (Taunus),Hessen,machine learning,Statistics and Data,DataMining,Both AI & ML
2019,Sulzbach (Taunus),Hessen,datenanalyse,General,Research,Both AI & ML
2019,Sulzbach (Taunus),Hessen,python,Occupational Attributes,Programming,Both AI & ML
2019,Sulzbach (Taunus),Hessen,sql,Statistics and Data,StructuredData,Both AI & ML
2019,Sulzbach (Taunus),Hessen,statistik,Statistics and Data,Statistics,Both AI & ML
2019,Sulzbach (Taunus),Hessen,modellbewertung,Generative AI,EvaluationMonitoring,Both AI & ML
2019,Sulzbach (Taunus),Hessen,aws,Cloud Platforms,AWS,Both AI & ML
2019,Sulzbach (Taunus),Hessen,azure,Cloud Platforms,Azure,Both AI & ML
2019,Teisnach,Bayern,machine learning,Statistics and Data,DataMining,Both AI & ML
2019,Teisnach,Bayern,machine learning,Statistics and Data,DataMining,Both AI & ML
2019,Teisnach,Bayern,machine learning,Statistics and Data,DataMining,Both AI & ML
2019,Teisnach,Bayern,implementierung,Decision Making and Analytical,DecisionMaking,Both AI & ML
2019,Teisnach,Bayern,machine learning,Statistics and Data,DataMining,Both AI & ML
2019,Teisnach,Bayern,analyse,Decision Making and Analytical,DecisionMaking,Both AI & ML
2019,Teisnach,Bayern,pandas,Statistics and Data,Statistics,Both AI & ML
2019,Teisnach,Bayern,zusammenarbeit,Decision Making and Analytical,Interpersonal,Both AI & ML
2019,Teisnach,Bayern,integration,Occupational Attributes,EnterpriseSystem,Both AI & ML
2019,Teisnach,Bayern,machine learning,Statistics and Data,DataMining,Both AI & ML
2019,Teisnach,Bayern,mathematik,General,Numeracy,Both AI & ML
2019,Teisnach,Bayern,implementierung,Decision Making and Analytical,DecisionMaking,Both AI & ML
2019,Teisnach,Bayern,machine learning,Statistics and Data,DataMining,Both AI & ML
2019,Teisnach,Bayern,python,Occupational Attributes,Programming,Both AI & ML
2019,Teisnach,Bayern,pandas,Statistics and Data,Statistics,Both AI & ML
2019,Teisnach,Bayern,big data,Statistics and Data,BigData,Both AI & ML
2019,Teisnach,Bayern,spark,Statistics and Data,BigData,Both AI & ML
2019,Teisnach,Bayern,hadoop,Statistics and Data,BigData,Both AI & ML
2019,Teisnach,Bayern,deutsch,General,ForeignLanguage,Both AI & ML
2019,Köln,Nordrhein-Westfalen,verantwortlich,Communication,Generic,Both AI & ML
2019,Köln,Nordrhein-Westfalen,analyse,Decision Making and Analytical,DecisionMaking,Both AI & ML
2019,Köln,Nordrhein-Westfalen,zusammenarbeit,Decision Making and Analytical,Interpersonal,Both AI & ML
2019,Köln,Nordrhein-Westfalen,python,Occupational Attributes,Programming,Both AI & ML
2019,Köln,Nordrhein-Westfalen,sql,Statistics and Data,StructuredData,Both AI & ML
2019,Köln,Nordrhein-Westfalen,machine learning,Statistics and Data,DataMining,Both AI & ML
2019,Köln,Nordrhein-Westfalen,datenanalyse,General,Research,Both AI & ML
2019,Köln,Nordrhein-Westfalen,modellierung,Decision Making and Analytical,DecisionMaking,Both AI & ML
2019,Köln,Nordrhein-Westfalen,tableau,Occupational Attributes,Visualization,Both AI & ML
2019,Köln,Nordrhein-Westfalen,verantwortlich,Communication,Generic,AI
2019,Köln,Nordrhein-Westfalen,planung,Data Engineering,Orchestration,AI
2019,Köln,Nordrhein-Westfalen,analyse,Decision Making and Analytical,DecisionMaking,AI
2019,Köln,Nordrhein-Westfalen,implementierung,Decision Making and Analytical,DecisionMaking,AI
2019,Köln,Nordrhein-Westfalen,planung,Data Engineering,Orchestration,AI
2019,Köln,Nordrhein-Westfalen,analyse,Decision Making and Analytical,DecisionMaking,AI
2019,Köln,Nordrhein-Westfalen,implementierung,Decision Making and Analytical,DecisionMaking,AI
2019,Köln,Nordrhein-Westfalen,projektmanagement,Occupational Attributes,ProjectManagement,AI
2019,Köln,Nordrhein-Westfalen,machine learning,Statistics and Data,DataMining,Both AI & ML
2019,Köln,Nordrhein-Westfalen,implementierung,Decision Making and Analytical,DecisionMaking,Both AI & ML
2019,Köln,Nordrhein-Westfalen,machine learning,Statistics and Data,DataMining,Both AI & ML
2019,Köln,Nordrhein-Westfalen,analyse,Decision Making and Analytical,DecisionMaking,Both AI & ML
2019,Köln,Nordrhein-Westfalen,python,Occupational Attributes,Programming,Both AI & ML
2019,Köln,Nordrhein-Westfalen,sql,Statistics and Data,StructuredData,Both AI & ML
2019,Köln,Nordrhein-Westfalen,zusammenarbeit,Decision Making and Analytical,Interpersonal,Both AI & ML
2019,Köln,Nordrhein-Westfalen,kommunikation,Decision Making and Analytical,MSOffice,Both AI & ML
2019,Köln,Nordrhein-Westfalen,mathematik,General,Numeracy,Both AI & ML
2019,Köln,Nordrhein-Westfalen,statistik,Statistics and Data,Statistics,Both AI & ML
2019,Köln,Nordrhein-Westfalen,machine learning,Statistics and Data,DataMining,Both AI & ML
2019,Köln,Nordrhein-Westfalen,python,Occupational Attributes,Programming,Both AI & ML
2019,Köln,Nordrhein-Westfalen,sql,Statistics and Data,StructuredData,Both AI & ML
2019,Köln,Nordrhein-Westfalen,machine learning,Statistics and Data,DataMining,Both AI & ML
2019,Köln,Nordrhein-Westfalen,big data,Statistics and Data,BigData,Both AI & ML
2019,Köln,Nordrhein-Westfalen,spark,Statistics and Data,BigData,Both AI & ML
2019,Köln,Nordrhein-Westfalen,hadoop,Statistics and Data,BigData,Both AI & ML
2019,Köln,Nordrhein-Westfalen,c + +,Occupational Attributes,Programming,ML
2019,Köln,Nordrhein-Westfalen,c + +,Occupational Attributes,Programming,ML
2019,Köln,Nordrhein-Westfalen,c + +,Occupational Attributes,Programming,ML
2019,Köln,Nordrhein-Westfalen,c + +,Occupational Attributes,Programming,ML
2019,Köln,Nordrhein-Westfalen,datenanalyse,General,Research,ML
2019,Köln,Nordrhein-Westfalen,zusammenarbeit,Decision Making and Analytical,Interpersonal,ML
2019,Köln,Nordrhein-Westfalen,implementierung,Decision Making and Analytical,DecisionMaking,ML
2019,Köln,Nordrhein-Westfalen,mathematik,General,Numeracy,ML
2019,Köln,Nordrhein-Westfalen,c + +,Occupational Attributes,Programming,ML
2019,Köln,Nordrhein-Westfalen,python,Occupational Attributes,Programming,ML
2019,Köln,Nordrhein-Westfalen,sql,Statistics and Data,StructuredData,ML
2019,Köln,Nordrhein-Westfalen,big data,Statistics and Data,BigData,ML
2019,Köln,Nordrhein-Westfalen,spark,Statistics and Data,BigData,ML
2019,Köln,Nordrhein-Westfalen,hadoop,Statistics and Data,BigData,ML
2019,Berlin,Berlin,implementierung,Decision Making and Analytical,DecisionMaking,AI
2019,Berlin,Berlin,implementierung,Decision Making and Analytical,DecisionMaking,AI
2019,Berlin,Berlin,implementierung,Decision Making and Analytical,DecisionMaking,AI
2019,Berlin,Berlin,implementierung,Decision Making and Analytical,DecisionMaking,AI
2019,Berlin,Berlin,python,Occupational Attributes,Programming,AI
2019,Berlin,Berlin,sql,Statistics and Data,StructuredData,AI
2019,Berlin,Berlin,tableau,Occupational Attributes,Visualization,AI
2019,Ingolstadt,Bayern,implementierung,Decision Making and Analytical,DecisionMaking,Both AI & ML
2019,Ingolstadt,Bayern,integration,Occupational Attributes,EnterpriseSystem,Both AI & ML
2019,Ingolstadt,Bayern,analyse,Decision Making and Analytical,DecisionMaking,Both AI & ML
2019,Ingolstadt,Bayern,zusammenarbeit,Decision Making and Analytical,Interpersonal,Both AI & ML
2019,Ingolstadt,Bayern,python,Occupational Attributes,Programming,Both AI & ML
2019,Ingolstadt,Bayern,datenanalyse,General,Research,Both AI & ML
2019,Ingolstadt,Bayern,pandas,Statistics and Data,Statistics,Both AI & ML
2019,Ingolstadt,Bayern,machine learning,Statistics and Data,DataMining,Both AI & ML
2019,Düsseldorf,Nordrhein-Westfalen,verantwortlich,Communication,Generic,AI
2019,Düsseldorf,Nordrhein-Westfalen,integration,Occupational Attributes,EnterpriseSystem,AI
2019,Düsseldorf,Nordrhein-Westfalen,implementierung,Decision Making and Analytical,DecisionMaking,AI
2019,Düsseldorf,Nordrhein-Westfalen,integration,Occupational Attributes,EnterpriseSystem,AI
2019,Düsseldorf,Nordrhein-Westfalen,zusammenarbeit,Decision Making and Analytical,Interpersonal,AI
2019,Stuttgart,Baden-Württemberg,machine learning,Statistics and Data,DataMining,Both AI & ML
2019,Stuttgart,Baden-Württemberg,c #,Occupational Attributes,Programming,Both AI & ML
2019,Stuttgart,Baden-Württemberg,integration,Occupational Attributes,EnterpriseSystem,Both AI & ML
2019,Stuttgart,Baden-Württemberg,machine learning,Statistics and Data,DataMining,Both AI & ML
2019,Stuttgart,Baden-Württemberg,datenanalyse,General,Research,Both AI & ML
2019,Stuttgart,Baden-Württemberg,mathematik,General,Numeracy,Both AI & ML
2019,Stuttgart,Baden-Württemberg,c #,Occupational Attributes,Programming,Both AI & ML
2019,Stuttgart,Baden-Württemberg,java,Occupational Attributes,Programming,Both AI & ML
2019,Stuttgart,Baden-Württemberg,c + +,Occupational Attributes,Programming,Both AI & ML
2019,Stuttgart,Baden-Württemberg,machine learning,Statistics and Data,DataMining,Both AI & ML
2019,Stuttgart,Baden-Württemberg,pandas,Statistics and Data,Statistics,Both AI & ML
2019,Leipzig,Sachsen,implementierung,Decision Making and Analytical,DecisionMaking,Both AI & ML
2019,Leipzig,Sachsen,machine learning,Statistics and Data,DataMining,Both AI & ML
2019,Leipzig,Sachsen,implementierung,Decision Making and Analytical,DecisionMaking,Both AI & ML
2019,Leipzig,Sachsen,integration,Occupational Attributes,EnterpriseSystem,Both AI & ML
2019,Leipzig,Sachsen,machine learning,Statistics and Data,DataMining,Both AI & ML
2019,Leipzig,Sachsen,machine learning,Statistics and Data,DataMining,Both AI & ML
2019,Leipzig,Sachsen,aws,Cloud Platforms,AWS,Both AI & ML
2019,Leipzig,Sachsen,azure,Cloud Platforms,Azure,Both AI & ML
2019,Leipzig,Sachsen,docker,MLOps,Tools,Both AI & ML
2019,Leipzig,Sachsen,kubernetes,MLOps,Tools,Both AI & ML
2019,Köln,Nordrhein-Westfalen,verantwortlich,Communication,Generic,Both AI & ML
2019,Köln,Nordrhein-Westfalen,implementierung,Decision Making and Analytical,DecisionMaking,Both AI & ML
2019,Köln,Nordrhein-Westfalen,datenanalyse,General,Research,Both AI & ML
2019,Köln,Nordrhein-Westfalen,python,Occupational Attributes,Programming,Both AI & ML
2019,Köln,Nordrhein-Westfalen,sql,Statistics and Data,StructuredData,Both AI & ML
2019,Köln,Nordrhein-Westfalen,analyse,Decision Making and Analytical,DecisionMaking,Both AI & ML
2019,Köln,Nordrhein-Westfalen,pandas,Statistics and Data,Statistics,Both AI & ML
2019,Köln,Nordrhein-Westfalen,machine learning,Statistics and Data,DataMining,Both AI & ML
2019,Köln,Nordrhein-Westfalen,zusammenarbeit,Decision Making and Analytical,Interpersonal,Both AI & ML
2019,Köln,Nordrhein-Westfalen,mathematik,General,Numeracy,Both AI & ML
2019,Köln,Nordrhein-Westfalen,datenanalyse,General,Research,Both AI & ML
2019,Köln,Nordrhein-Westfalen,tableau,Occupational Attributes,Visualization,Both AI & ML
2019,Köln,Nordrhein-Westfalen,machine learning,Statistics and Data,DataMining,Both AI & ML
2019,Köln,Nordrhein-Westfalen,aws,Cloud Platforms,AWS,Both AI & ML
2019,Köln,Nordrhein-Westfalen,azure,Cloud Platforms,Azure,Both AI & ML
2019,Bielefeld,Nordrhein-Westfalen,analyse,Decision Making and Analytical,DecisionMaking,Both AI & ML
2019,Bielefeld,Nordrhein-Westfalen,implementierung,Decision Making and Analytical,DecisionMaking,Both AI & ML
2019,Bielefeld,Nordrhein-Westfalen,design,Decision Making and Analytical,DecisionMaking,Both AI & ML
2019,Bielefeld,Nordrhein-Westfalen,zusammenarbeit,Decision Making and Analytical,Interpersonal,Both AI & ML
2019,Bielefeld,Nordrhein-Westfalen,zusammenarbeit,Decision Making and Analytical,Interpersonal,Both AI & ML
2019,München,Bayern,spanisch,General,ForeignLanguage,AI
2019,München,Bayern,verantwortlich,Communication,Generic,AI
2019,München,Bayern,integration,Occupational Attributes,EnterpriseSystem,AI
2019,München,Bayern,planung,Data Engineering,Orchestration,AI
2019,München,Bayern,integration,Occupational Attributes,EnterpriseSystem,AI
2019,Bielefeld,Nordrhein-Westfalen,spanisch,General,ForeignLanguage,Both AI & ML
2019,Bielefeld,Nordrhein-Westfalen,verantwortlich,Communication,Generic,Both AI & ML
2019,Bielefeld,Nordrhein-Westfalen,implementierung,Decision Making and Analytical,DecisionMaking,Both AI & ML
2019,Bielefeld,Nordrhein-Westfalen,zusammenarbeit,Decision Making and Analytical,Interpersonal,Both AI & ML
2019,Bielefeld,Nordrhein-Westfalen,dokumentation,Decision Making and Analytical,MSOffice,Both AI & ML
2019,Köln,Nordrhein-Westfalen,datenanalyse,General,Research,Both AI & ML
2019,Köln,Nordrhein-Westfalen,implementierung,Decision Making and Analytical,DecisionMaking,Both AI & ML
2019,Köln,Nordrhein-Westfalen,zusammenarbeit,Decision Making and Analytical,Interpersonal,Both AI & ML
2019,Köln,Nordrhein-Westfalen,python,Occupational Attributes,Programming,Both AI & ML
2019,Köln,Nordrhein-Westfalen,sql,Statistics and Data,StructuredData,Both AI & ML
2019,Köln,Nordrhein-Westfalen,tableau,Occupational Attributes,Visualization,Both AI & ML
2019,Köln,Nordrhein-Westfalen,datenanalyse,General,Research,Both AI & ML
2019,Köln,Nordrhein-Westfalen,zusammenarbeit,Decision Making and Analytical,Interpersonal,Both AI & ML
2019,Köln,Nordrhein-Westfalen,analyse,Decision Making and Analytical,DecisionMaking,ML
2019,Köln,Nordrhein-Westfalen,python,Occupational Attributes,Programming,ML
2019,Köln,Nordrhein-Westfalen,pandas,Statistics and Data,Statistics,ML
2019,Köln,Nordrhein-Westfalen,implementierung,Decision Making and Analytical,DecisionMaking,ML
2019,Köln,Nordrhein-Westfalen,mathematik,General,Numeracy,ML
2019,Köln,Nordrhein-Westfalen,python,Occupational Attributes,Programming,ML
2019,Köln,Nordrhein-Westfalen,analyse,Decision Making and Analytical,DecisionMaking,Both AI & ML
2019,Köln,Nordrhein-Westfalen,analyse,Decision Making and Analytical,DecisionMaking,Both AI & ML
2019,Köln,Nordrhein-Westfalen,python,Occupational Attributes,Programming,Both AI & ML
2019,Köln,Nordrhein-Westfalen,sql,Statistics and Data,StructuredData,Both AI & ML
2019,Köln,Nordrhein-Westfalen,implementierung,Decision Making and Analytical,DecisionMaking,Both AI & ML
2019,Köln,Nordrhein-Westfalen,machine learning,Statistics and Data,DataMining,Both AI & ML
2019,Köln,Nordrhein-Westfalen,zusammenarbeit,Decision Making and Analytical,Interpersonal,Both AI & ML
2019,Köln,Nordrhein-Westfalen,mathematik,General,Numeracy,Both AI & ML
2019,Köln,Nordrhein-Westfalen,statistik,Statistics and Data,Statistics,Both AI & ML
2019,Köln,Nordrhein-Westfalen,python,Occupational Attributes,Programming,Both AI & ML
2019,Köln,Nordrhein-Westfalen,sql,Statistics and Data,StructuredData,Both AI & ML
2019,Köln,Nordrhein-Westfalen,pandas,Statistics and Data,Statistics,Both AI & ML
2019,Köln,Nordrhein-Westfalen,zusammenarbeit,Decision Making and Analytical,Interpersonal,AI
2019,Neukirchen-Vluyn,Nordrhein-Westfalen,verantwortlich,Communication,Generic,ML
2019,Neukirchen-Vluyn,Nordrhein-Westfalen,analyse,Decision Making and Analytical,DecisionMaking,ML
2019,Neukirchen-Vluyn,Nordrhein-Westfalen,implementierung,Decision Making and Analytical,DecisionMaking,ML
2019,Neukirchen-Vluyn,Nordrhein-Westfalen,analyse,Decision Making and Analytical,DecisionMaking,ML
2019,Neukirchen-Vluyn,Nordrhein-Westfalen,implementierung,Decision Making and Analytical,DecisionMaking,ML
2019,Neukirchen-Vluyn,Nordrhein-Westfalen,analyse,Decision Making and Analytical,DecisionMaking,ML
2019,Neukirchen-Vluyn,Nordrhein-Westfalen,pandas,Statistics and Data,Statistics,ML
2019,Köln,Nordrhein-Westfalen,verantwortlich,Communication,Generic,Both AI & ML
2019,Köln,Nordrhein-Westfalen,implementierung,Decision Making and Analytical,DecisionMaking,Both AI & ML
2019,Köln,Nordrhein-Westfalen,analyse,Decision Making and Analytical,DecisionMaking,Both AI & ML
2019,Köln,Nordrhein-Westfalen,zusammenarbeit,Decision Making and Analytical,Interpersonal,Both AI & ML
2019,Köln,Nordrhein-Westfalen,integration,Occupational Attributes,EnterpriseSystem,Both AI & ML
2019,Köln,Nordrhein-Westfalen,dokumentation,Decision Making and Analytical,MSOffice,Both AI & ML
2019,Köln,Nordrhein-Westfalen,präsentation,Communication,Presentation,Both AI & ML
2019,Köln,Nordrhein-Westfalen,systemarchitektur,Occupational Attributes,Hardware,Both AI & ML
2019,Köln,Nordrhein-Westfalen,java,Occupational Attributes,Programming,Both AI & ML
2019,Köln,Nordrhein-Westfalen,oracle,Statistics and Data,StructuredData,Both AI & ML
2019,Köln,Nordrhein-Westfalen,machine learning,Statistics and Data,DataMining,Both AI & ML
2019,Köln,Nordrhein-Westfalen,sql,Statistics and Data,StructuredData,Both AI & ML
2019,Köln,Nordrhein-Westfalen,nosql,Statistics and Data,BigData,Both AI & ML
2019,Köln,Nordrhein-Westfalen,big data,Statistics and Data,BigData,Both AI & ML
2019,Köln,Nordrhein-Westfalen,spark,Statistics and Data,BigData,Both AI & ML
2019,Köln,Nordrhein-Westfalen,hadoop,Statistics and Data,BigData,Both AI & ML
2019,Freiburg im Breisgau,Baden-Württemberg,verantwortlich,Communication,Generic,Both AI & ML
2019,Freiburg im Breisgau,Baden-Württemberg,integration,Occupational Attributes,EnterpriseSystem,Both AI & ML
2019,Freiburg im Breisgau,Baden-Württemberg,integration,Occupational Attributes,EnterpriseSystem,Both AI & ML
2019,Freiburg im Breisgau,Baden-Württemberg,zusammenarbeit,Decision Making and Analytical,Interpersonal,Both AI & ML
2019,Freiburg im Breisgau,Baden-Württemberg,python,Occupational Attributes,Programming,Both AI & ML
2019,Bonn,Nordrhein-Westfalen,implementierung,Decision Making and Analytical,DecisionMaking,Both AI & ML
2019,Bonn,Nordrhein-Westfalen,machine learning,Statistics and Data,DataMining,Both AI & ML
2019,Bonn,Nordrhein-Westfalen,machine learning,Statistics and Data,DataMining,Both AI & ML
2019,Bonn,Nordrhein-Westfalen,analyse,Decision Making and Analytical,DecisionMaking,Both AI & ML
2019,Bonn,Nordrhein-Westfalen,python,Occupational Attributes,Programming,Both AI & ML
2019,Bonn,Nordrhein-Westfalen,pandas,Statistics and Data,Statistics,Both AI & ML
2019,Bonn,Nordrhein-Westfalen,implementierung,Decision Making and Analytical,DecisionMaking,Both AI & ML
2019,Bonn,Nordrhein-Westfalen,machine learning,Statistics and Data,DataMining,Both AI & ML
2019,Bonn,Nordrhein-Westfalen,mathematik,General,Numeracy,Both AI & ML
2019,Bonn,Nordrhein-Westfalen,statistik,Statistics and Data,Statistics,Both AI & ML
2019,Bonn,Nordrhein-Westfalen,machine learning,Statistics and Data,DataMining,Both AI & ML
2019,Bonn,Nordrhein-Westfalen,python,Occupational Attributes,Programming,Both AI & ML
2019,Bonn,Nordrhein-Westfalen,sql,Statistics and Data,StructuredData,Both AI & ML
2019,Bonn,Nordrhein-Westfalen,analyse,Decision Making and Analytical,DecisionMaking,Both AI & ML
2019,Köln,Nordrhein-Westfalen,machine learning,Statistics and Data,DataMining,Both AI & ML
2019,Köln,Nordrhein-Westfalen,analyse,Decision Making and Analytical,DecisionMaking,Both AI & ML
2019,Köln,Nordrhein-Westfalen,python,Occupational Attributes,Programming,Both AI & ML
2019,Köln,Nordrhein-Westfalen,sql,Statistics and Data,StructuredData,Both AI & ML
2019,Köln,Nordrhein-Westfalen,implementierung,Decision Making and Analytical,DecisionMaking,Both AI & ML
2019,Köln,Nordrhein-Westfalen,mathematik,General,Numeracy,Both AI & ML
2019,Köln,Nordrhein-Westfalen,python,Occupational Attributes,Programming,Both AI & ML
2019,Köln,Nordrhein-Westfalen,sql,Statistics and Data,StructuredData,Both AI & ML
2019,Köln,Nordrhein-Westfalen,machine learning,Statistics and Data,DataMining,Both AI & ML
2019,Köln,Nordrhein-Westfalen,big data,Statistics and Data,BigData,Both AI & ML
2019,Köln,Nordrhein-Westfalen,spark,Statistics and Data,BigData,Both AI & ML
2019,Köln,Nordrhein-Westfalen,hadoop,Statistics and Data,BigData,Both AI & ML
2019,Herzogenrath,Nordrhein-Westfalen,machine learning,Statistics and Data,DataMining,Both AI & ML
2019,Herzogenrath,Nordrhein-Westfalen,machine learning,Statistics and Data,DataMining,Both AI & ML
2019,Herzogenrath,Nordrhein-Westfalen,machine learning,Statistics and Data,DataMining,Both AI & ML
2019,Herzogenrath,Nordrhein-Westfalen,implementierung,Decision Making and Analytical,DecisionMaking,Both AI & ML
2019,Herzogenrath,Nordrhein-Westfalen,machine learning,Statistics and Data,DataMining,Both AI & ML
2019,Herzogenrath,Nordrhein-Westfalen,datenanalyse,General,Research,Both AI & ML
2019,Herzogenrath,Nordrhein-Westfalen,machine learning,Statistics and Data,DataMining,Both AI & ML
2019,Herzogenrath,Nordrhein-Westfalen,zusammenarbeit,Decision Making and Analytical,Interpersonal,Both AI & ML
2019,Herzogenrath,Nordrhein-Westfalen,integration,Occupational Attributes,EnterpriseSystem,Both AI & ML
2019,Herzogenrath,Nordrhein-Westfalen,machine learning,Statistics and Data,DataMining,Both AI & ML
2019,Herzogenrath,Nordrhein-Westfalen,python,Occupational Attributes,Programming,Both AI & ML
2019,Herzogenrath,Nordrhein-Westfalen,sql,Statistics and Data,StructuredData,Both AI & ML
2019,Herzogenrath,Nordrhein-Westfalen,machine learning,Statistics and Data,DataMining,Both AI & ML
2019,Herzogenrath,Nordrhein-Westfalen,modellbewertung,Generative AI,EvaluationMonitoring,Both AI & ML
2019,Erlangen,Bayern,analyse,Decision Making and Analytical,DecisionMaking,Both AI & ML
2019,Erlangen,Bayern,analyse,Decision Making and Analytical,DecisionMaking,Both AI & ML
2019,Erlangen,Bayern,mathematik,General,Numeracy,Both AI & ML
2019,Erlangen,Bayern,statistik,Statistics and Data,Statistics,Both AI & ML
2019,Erlangen,Bayern,python,Occupational Attributes,Programming,Both AI & ML
2019,Erlangen,Bayern,datenanalyse,General,Research,Both AI & ML
2019,Erlangen,Bayern,pandas,Statistics and Data,Statistics,Both AI & ML
2019,Köln,Nordrhein-Westfalen,recherche,General,Research,Both AI & ML
2019,Köln,Nordrhein-Westfalen,analyse,Decision Making and Analytical,DecisionMaking,Both AI & ML
2019,Köln,Nordrhein-Westfalen,kommunikation,Decision Making and Analytical,MSOffice,Both AI & ML
2019,Köln,Nordrhein-Westfalen,kommunikation,Decision Making and Analytical,MSOffice,Both AI & ML
2019,Köln,Nordrhein-Westfalen,datenanalyse,General,Research,Both AI & ML
2019,Mannheim,Baden-Württemberg,implementierung,Decision Making and Analytical,DecisionMaking,Both AI & ML
2019,Mannheim,Baden-Württemberg,zusammenarbeit,Decision Making and Analytical,Interpersonal,Both AI & ML
2019,Mannheim,Baden-Württemberg,analyse,Decision Making and Analytical,DecisionMaking,Both AI & ML
2019,Mannheim,Baden-Württemberg,sql,Statistics and Data,StructuredData,Both AI & ML
2019,Mannheim,Baden-Württemberg,datenanalyse,General,Research,Both AI & ML
2019,Mannheim,Baden-Württemberg,sql,Statistics and Data,StructuredData,Both AI & ML
2019,Berlin,Berlin,analyse,Decision Making and Analytical,DecisionMaking,Both AI & ML
2019,Berlin,Berlin,analyse,Decision Making and Analytical,DecisionMaking,Both AI & ML
2019,Berlin,Berlin,python,Occupational Attributes,Programming,Both AI & ML
2019,Berlin,Berlin,sql,Statistics and Data,StructuredData,Both AI & ML
2019,Berlin,Berlin,zusammenarbeit,Decision Making and Analytical,Interpersonal,Both AI & ML
2019,Berlin,Berlin,präsentation,Communication,Presentation,Both AI & ML
2019,Berlin,Berlin,datenanalyse,General,Research,Both AI & ML
2019,Berlin,Berlin,python,Occupational Attributes,Programming,Both AI & ML
2019,Berlin,Berlin,sql,Statistics and Data,StructuredData,Both AI & ML
2019,München,Bayern,implementierung,Decision Making and Analytical,DecisionMaking,Both AI & ML
2019,München,Bayern,datenanalyse,General,Research,Both AI & ML
2019,München,Bayern,python,Occupational Attributes,Programming,Both AI & ML
2019,München,Bayern,sql,Statistics and Data,StructuredData,Both AI & ML
2019,München,Bayern,machine learning,Statistics and Data,DataMining,Both AI & ML
2019,München,Bayern,prognose,Statistics and Data,DataMining,Both AI & ML
2019,München,Bayern,zusammenarbeit,Decision Making and Analytical,Interpersonal,Both AI & ML
2019,München,Bayern,mathematik,General,Numeracy,Both AI & ML
2019,München,Bayern,statistik,Statistics and Data,Statistics,Both AI & ML
2019,München,Bayern,python,Occupational Attributes,Programming,Both AI & ML
2019,München,Bayern,sql,Statistics and Data,StructuredData,Both AI & ML
2019,München,Bayern,machine learning,Statistics and Data,DataMining,Both AI & ML
2019,Köln,Nordrhein-Westfalen,analyse,Decision Making and Analytical,DecisionMaking,AI
2019,Köln,Nordrhein-Westfalen,zusammenarbeit,Decision Making and Analytical,Interpersonal,AI
2019,Köln,Nordrhein-Westfalen,zusammenarbeit,Decision Making and Analytical,Interpersonal,Both AI & ML
2019,Köln,Nordrhein-Westfalen,integration,Occupational Attributes,EnterpriseSystem,Both AI & ML
2019,Köln,Nordrhein-Westfalen,implementierung,Decision Making and Analytical,DecisionMaking,Both AI & ML
2019,Köln,Nordrhein-Westfalen,javascript,Occupational Attributes,Programming,Both AI & ML
2019,Köln,Nordrhein-Westfalen,implementierung,Decision Making and Analytical,DecisionMaking,Both AI & ML
2019,Köln,Nordrhein-Westfalen,implementierung,Decision Making and Analytical,DecisionMaking,Both AI & ML
2019,Köln,Nordrhein-Westfalen,analyse,Decision Making and Analytical,DecisionMaking,Both AI & ML
2019,Köln,Nordrhein-Westfalen,pandas,Statistics and Data,Statistics,Both AI & ML
2019,Köln,Nordrhein-Westfalen,zusammenarbeit,Decision Making and Analytical,Interpersonal,Both AI & ML
2019,Köln,Nordrhein-Westfalen,mathematik,General,Numeracy,Both AI & ML
2019,Köln,Nordrhein-Westfalen,python,Occupational Attributes,Programming,Both AI & ML
2019,Köln,Nordrhein-Westfalen,sql,Statistics and Data,StructuredData,Both AI & ML
2019,Köln,Nordrhein-Westfalen,machine learning,Statistics and Data,DataMining,Both AI & ML
2019,Köln,Nordrhein-Westfalen,machine learning,Statistics and Data,DataMining,Both AI & ML
2019,Köln,Nordrhein-Westfalen,implementierung,Decision Making and Analytical,DecisionMaking,Both AI & ML
2019,Köln,Nordrhein-Westfalen,datenanalyse,General,Research,Both AI & ML
2019,Köln,Nordrhein-Westfalen,python,Occupational Attributes,Programming,Both AI & ML
2019,Köln,Nordrhein-Westfalen,pandas,Statistics and Data,Statistics,Both AI & ML
2019,Köln,Nordrhein-Westfalen,machine learning,Statistics and Data,DataMining,Both AI & ML
2019,Köln,Nordrhein-Westfalen,mathematik,General,Numeracy,Both AI & ML
2019,Köln,Nordrhein-Westfalen,python,Occupational Attributes,Programming,Both AI & ML
2019,Köln,Nordrhein-Westfalen,analyse,Decision Making and Analytical,DecisionMaking,Both AI & ML
2019,Köln,Nordrhein-Westfalen,implementierung,Decision Making and Analytical,DecisionMaking,Both AI & ML
2019,Köln,Nordrhein-Westfalen,analyse,Decision Making and Analytical,DecisionMaking,Both AI & ML
2019,Köln,Nordrhein-Westfalen,python,Occupational Attributes,Programming,Both AI & ML
2019,Köln,Nordrhein-Westfalen,sql,Statistics and Data,StructuredData,Both AI & ML
2019,Köln,Nordrhein-Westfalen,präsentation,Communication,Presentation,Both AI & ML
2019,Köln,Nordrhein-Westfalen,modellierung,Decision Making and Analytical,DecisionMaking,Both AI & ML
2019,Köln,Nordrhein-Westfalen,mathematik,General,Numeracy,Both AI & ML
2019,Köln,Nordrhein-Westfalen,statistik,Statistics and Data,Statistics,Both AI & ML
2019,Köln,Nordrhein-Westfalen,python,Occupational Attributes,Programming,Both AI & ML
2019,Köln,Nordrhein-Westfalen,sql,Statistics and Data,StructuredData,Both AI & ML
2019,Köln,Nordrhein-Westfalen,pandas,Statistics and Data,Statistics,Both AI & ML
2019,Frankfurt am Main,Hessen,analyse,Decision Making and Analytical,DecisionMaking,Both AI & ML
2019,Frankfurt am Main,Hessen,machine learning,Statistics and Data,DataMining,Both AI & ML
2019,Frankfurt am Main,Hessen,machine learning,Statistics and Data,DataMining,Both AI & ML
2019,Frankfurt am Main,Hessen,analyse,Decision Making and Analytical,DecisionMaking,Both AI & ML
2019,Frankfurt am Main,Hessen,python,Occupational Attributes,Programming,Both AI & ML
2019,Frankfurt am Main,Hessen,sql,Statistics and Data,StructuredData,Both AI & ML
2019,Frankfurt am Main,Hessen,präsentation,Communication,Presentation,Both AI & ML
2019,Frankfurt am Main,Hessen,mathematik,General,Numeracy,Both AI & ML
2019,Frankfurt am Main,Hessen,statistik,Statistics and Data,Statistics,Both AI & ML
2019,Frankfurt am Main,Hessen,python,Occupational Attributes,Programming,Both AI & ML
2019,Frankfurt am Main,Hessen,sql,Statistics and Data,StructuredData,Both AI & ML
2019,Frankfurt am Main,Hessen,machine learning,Statistics and Data,DataMining,Both AI & ML
2019,Frankfurt am Main,Hessen,statistik,Statistics and Data,Statistics,Both AI & ML
2019,München,Bayern,analyse,Decision Making and Analytical,DecisionMaking,Both AI & ML
2019,München,Bayern,machine learning,Statistics and Data,DataMining,Both AI & ML
2019,München,Bayern,datenanalyse,General,Research,Both AI & ML
2019,München,Bayern,python,Occupational Attributes,Programming,Both AI & ML
2019,München,Bayern,pandas,Statistics and Data,Statistics,Both AI & ML
2019,München,Bayern,machine learning,Statistics and Data,DataMining,Both AI & ML
2019,München,Bayern,analyse,Decision Making and Analytical,DecisionMaking,Both AI & ML
2019,München,Bayern,mathematik,General,Numeracy,Both AI & ML
2019,München,Bayern,statistik,Statistics and Data,Statistics,Both AI & ML
2019,München,Bayern,python,Occupational Attributes,Programming,Both AI & ML
2019,München,Bayern,sql,Statistics and Data,StructuredData,Both AI & ML
2019,München,Bayern,machine learning,Statistics and Data,DataMining,Both AI & ML
2019,München,Bayern,analyse,Decision Making and Analytical,DecisionMaking,Both AI & ML
2019,München,Bayern,modellbewertung,Generative AI,EvaluationMonitoring,Both AI & ML
2019,München,Bayern,analyse,Decision Making and Analytical,DecisionMaking,Both AI & ML
2019,München,Bayern,machine learning,Statistics and Data,DataMining,Both AI & ML
2019,München,Bayern,datenanalyse,General,Research,Both AI & ML
2019,München,Bayern,machine learning,Statistics and Data,DataMining,Both AI & ML
2019,München,Bayern,zusammenarbeit,Decision Making and Analytical,Interpersonal,Both AI & ML
2019,München,Bayern,implementierung,Decision Making and Analytical,DecisionMaking,Both AI & ML
2019,München,Bayern,mathematik,General,Numeracy,Both AI & ML
2019,München,Bayern,statistik,Statistics and Data,Statistics,Both AI & ML
2019,München,Bayern,machine learning,Statistics and Data,DataMining,Both AI & ML
2019,München,Bayern,python,Occupational Attributes,Programming,Both AI & ML
2019,München,Bayern,sql,Statistics and Data,StructuredData,Both AI & ML
2019,München,Bayern,pandas,Statistics and Data,Statistics,Both AI & ML
2019,München,Bayern,statistik,Statistics and Data,Statistics,Both AI & ML
2019,Frankfurt am Main,Hessen,analyse,Decision Making and Analytical,DecisionMaking,Both AI & ML
2019,Frankfurt am Main,Hessen,machine learning,Statistics and Data,DataMining,Both AI & ML
2019,Frankfurt am Main,Hessen,analyse,Decision Making and Analytical,DecisionMaking,Both AI & ML
2019,Frankfurt am Main,Hessen,python,Occupational Attributes,Programming,Both AI & ML
2019,Frankfurt am Main,Hessen,sql,Statistics and Data,StructuredData,Both AI & ML
2019,Frankfurt am Main,Hessen,implementierung,Decision Making and Analytical,DecisionMaking,Both AI & ML
2019,Frankfurt am Main,Hessen,zusammenarbeit,Decision Making and Analytical,Interpersonal,Both AI & ML
2019,Frankfurt am Main,Hessen,integration,Occupational Attributes,EnterpriseSystem,Both AI & ML
2019,Frankfurt am Main,Hessen,mathematik,General,Numeracy,Both AI & ML
2019,Frankfurt am Main,Hessen,statistik,Statistics and Data,Statistics,Both AI & ML
2019,Frankfurt am Main,Hessen,programmierung,Occupational Attributes,Programming,Both AI & ML
2019,Frankfurt am Main,Hessen,python,Occupational Attributes,Programming,Both AI & ML
2019,Frankfurt am Main,Hessen,sql,Statistics and Data,StructuredData,Both AI & ML
2019,Frankfurt am Main,Hessen,machine learning,Statistics and Data,DataMining,Both AI & ML
2019,Frankfurt am Main,Hessen,modellbewertung,Generative AI,EvaluationMonitoring,Both AI & ML
2019,München,Bayern,entscheidungsbäume,Statistics and Data,DataMining,ML
2019,München,Bayern,python,Occupational Attributes,Programming,ML
2019,München,Bayern,sql,Statistics and Data,StructuredData,ML
2019,München,Bayern,modellbewertung,Generative AI,EvaluationMonitoring,ML
2019,Stuttgart,Baden-Württemberg,machine learning,Statistics and Data,DataMining,Both AI & ML
2019,Stuttgart,Baden-Württemberg,machine learning,Statistics and Data,DataMining,Both AI & ML
2019,Stuttgart,Baden-Württemberg,implementierung,Decision Making and Analytical,DecisionMaking,Both AI & ML
2019,Stuttgart,Baden-Württemberg,recherche,General,Research,Both AI & ML
2019,Stuttgart,Baden-Württemberg,datenanalyse,General,Research,Both AI & ML
2019,Stuttgart,Baden-Württemberg,python,Occupational Attributes,Programming,Both AI & ML
2019,Stuttgart,Baden-Württemberg,pandas,Statistics and Data,Statistics,Both AI & ML
2019,Stuttgart,Baden-Württemberg,mathematik,General,Numeracy,Both AI & ML
2019,Stuttgart,Baden-Württemberg,machine learning,Statistics and Data,DataMining,Both AI & ML
2019,Stuttgart,Baden-Württemberg,python,Occupational Attributes,Programming,Both AI & ML
2019,Stuttgart,Baden-Württemberg,pandas,Statistics and Data,Statistics,Both AI & ML
2019,Stuttgart,Baden-Württemberg,implementierung,Decision Making and Analytical,DecisionMaking,Both AI & ML
2019,Stuttgart,Baden-Württemberg,zusammenarbeit,Decision Making and Analytical,Interpersonal,Both AI & ML
2019,Stuttgart,Baden-Württemberg,mathematik,General,Numeracy,Both AI & ML
2019,Stuttgart,Baden-Württemberg,python,Occupational Attributes,Programming,Both AI & ML
2019,Stuttgart,Baden-Württemberg,sql,Statistics and Data,StructuredData,Both AI & ML
2019,Berlin,Berlin,machine learning,Statistics and Data,DataMining,Both AI & ML
2019,Berlin,Berlin,implementierung,Decision Making and Analytical,DecisionMaking,Both AI & ML
2019,Berlin,Berlin,machine learning,Statistics and Data,DataMining,Both AI & ML
2019,Berlin,Berlin,analyse,Decision Making and Analytical,DecisionMaking,Both AI & ML
2019,Berlin,Berlin,pandas,Statistics and Data,Statistics,Both AI & ML
2019,Berlin,Berlin,implementierung,Decision Making and Analytical,DecisionMaking,Both AI & ML
2019,Berlin,Berlin,zusammenarbeit,Decision Making and Analytical,Interpersonal,Both AI & ML
2019,Berlin,Berlin,integration,Occupational Attributes,EnterpriseSystem,Both AI & ML
2019,Berlin,Berlin,mathematik,General,Numeracy,Both AI & ML
2019,Berlin,Berlin,statistik,Statistics and Data,Statistics,Both AI & ML
2019,Berlin,Berlin,programmierung,Occupational Attributes,Programming,Both AI & ML
2019,Berlin,Berlin,python,Occupational Attributes,Programming,Both AI & ML
2019,Berlin,Berlin,sql,Statistics and Data,StructuredData,Both AI & ML
2019,Berlin,Berlin,machine learning,Statistics and Data,DataMining,Both AI & ML
2019,Berlin,Berlin,machine learning,Statistics and Data,DataMining,Both AI & ML
2019,Berlin,Berlin,sap,Occupational Attributes,EnterpriseSystem,Both AI & ML
2019,Berlin,Berlin,oracle,Statistics and Data,StructuredData,Both AI & ML
2019,Berlin,Berlin,machine learning,Statistics and Data,DataMining,Both AI & ML
2019,Berlin,Berlin,implementierung,Decision Making and Analytical,DecisionMaking,Both AI & ML
2019,Berlin,Berlin,zusammenarbeit,Decision Making and Analytical,Interpersonal,Both AI & ML
2019,Berlin,Berlin,integration,Occupational Attributes,EnterpriseSystem,Both AI & ML
2019,Berlin,Berlin,mathematik,General,Numeracy,Both AI & ML
2019,Berlin,Berlin,machine learning,Statistics and Data,DataMining,Both AI & ML
2019,Berlin,Berlin,python,Occupational Attributes,Programming,Both AI & ML
2019,Berlin,Berlin,sql,Statistics and Data,StructuredData,Both AI & ML
2019,Berlin,Berlin,modellbewertung,Generative AI,EvaluationMonitoring,Both AI & ML
2019,Frankfurt am Main,Hessen,modellierung,Decision Making and Analytical,DecisionMaking,ML
2019,Frankfurt am Main,Hessen,analyse,Decision Making and Analytical,DecisionMaking,ML
2019,Frankfurt am Main,Hessen,python,Occupational Attributes,Programming,ML
2019,Frankfurt am Main,Hessen,sql,Statistics and Data,StructuredData,ML
2019,Frankfurt am Main,Hessen,implementierung,Decision Making and Analytical,DecisionMaking,ML
2019,Frankfurt am Main,Hessen,machine learning,Statistics and Data,DataMining,ML
2019,Frankfurt am Main,Hessen,modellierung,Decision Making and Analytical,DecisionMaking,ML
2019,Frankfurt am Main,Hessen,programmierung,Occupational Attributes,Programming,ML
2019,Frankfurt am Main,Hessen,python,Occupational Attributes,Programming,ML
2019,Frankfurt am Main,Hessen,sql,Statistics and Data,StructuredData,ML
2019,Frankfurt am Main,Hessen,statistik,Statistics and Data,Statistics,ML
2019,Hannover,Niedersachsen,implementierung,Decision Making and Analytical,DecisionMaking,Both AI & ML
2019,Hannover,Niedersachsen,big data,Statistics and Data,BigData,Both AI & ML
2019,Hannover,Niedersachsen,analyse,Decision Making and Analytical,DecisionMaking,Both AI & ML
2019,Hannover,Niedersachsen,mathematik,General,Numeracy,Both AI & ML
2019,Hannover,Niedersachsen,python,Occupational Attributes,Programming,Both AI & ML
2019,Hannover,Niedersachsen,sql,Statistics and Data,StructuredData,Both AI & ML
2019,Hannover,Niedersachsen,machine learning,Statistics and Data,DataMining,Both AI & ML
2019,Hannover,Niedersachsen,big data,Statistics and Data,BigData,Both AI & ML
2019,Hannover,Niedersachsen,spark,Statistics and Data,BigData,Both AI & ML
2019,Hannover,Niedersachsen,hadoop,Statistics and Data,BigData,Both AI & ML
2019,Frankfurt am Main,Hessen,implementierung,Decision Making and Analytical,DecisionMaking,Both AI & ML
2019,Frankfurt am Main,Hessen,machine learning,Statistics and Data,DataMining,Both AI & ML
2019,Frankfurt am Main,Hessen,datenanalyse,General,Research,Both AI & ML
2019,Frankfurt am Main,Hessen,zusammenarbeit,Decision Making and Analytical,Interpersonal,Both AI & ML
2019,Frankfurt am Main,Hessen,python,Occupational Attributes,Programming,Both AI & ML
2019,Frankfurt am Main,Hessen,sql,Statistics and Data,StructuredData,Both AI & ML
2019,Frankfurt am Main,Hessen,analyse,Decision Making and Analytical,DecisionMaking,Both AI & ML
2019,Frankfurt am Main,Hessen,mathematik,General,Numeracy,Both AI & ML
2019,Frankfurt am Main,Hessen,statistik,Statistics and Data,Statistics,Both AI & ML
2019,Frankfurt am Main,Hessen,machine learning,Statistics and Data,DataMining,Both AI & ML
2019,Frankfurt am Main,Hessen,python,Occupational Attributes,Programming,Both AI & ML
2019,Frankfurt am Main,Hessen,sql,Statistics and Data,StructuredData,Both AI & ML
2019,Frankfurt am Main,Hessen,statistik,Statistics and Data,Statistics,Both AI & ML
2019,Frankfurt am Main,Hessen,datenanalyse,General,Research,Both AI & ML
2019,Frankfurt am Main,Hessen,zusammenarbeit,Decision Making and Analytical,Interpersonal,Both AI & ML
2019,Frankfurt am Main,Hessen,machine learning,Statistics and Data,DataMining,Both AI & ML
2019,Frankfurt am Main,Hessen,programmierung,Occupational Attributes,Programming,Both AI & ML
2019,Frankfurt am Main,Hessen,java,Occupational Attributes,Programming,Both AI & ML
2019,Frankfurt am Main,Hessen,machine learning,Statistics and Data,DataMining,Both AI & ML
2019,Frankfurt am Main,Hessen,analyse,Decision Making and Analytical,DecisionMaking,Both AI & ML
2019,Köln,Nordrhein-Westfalen,verantwortlich,Communication,Generic,Both AI & ML
2019,Köln,Nordrhein-Westfalen,zusammenarbeit,Decision Making and Analytical,Interpersonal,Both AI & ML
2019,Köln,Nordrhein-Westfalen,machine learning,Statistics and Data,DataMining,Both AI & ML
2019,Köln,Nordrhein-Westfalen,prognose,Statistics and Data,DataMining,Both AI & ML
2019,Köln,Nordrhein-Westfalen,analyse,Decision Making and Analytical,DecisionMaking,Both AI & ML
2019,Köln,Nordrhein-Westfalen,mathematik,General,Numeracy,Both AI & ML
2019,Köln,Nordrhein-Westfalen,python,Occupational Attributes,Programming,Both AI & ML
2019,Köln,Nordrhein-Westfalen,c #,Occupational Attributes,Programming,Both AI & ML
2019,Köln,Nordrhein-Westfalen,sql,Statistics and Data,StructuredData,Both AI & ML
2019,Köln,Nordrhein-Westfalen,machine learning,Statistics and Data,DataMining,Both AI & ML
2019,Köln,Nordrhein-Westfalen,modellbewertung,Generative AI,EvaluationMonitoring,Both AI & ML
2019,Köln,Nordrhein-Westfalen,deutsch,General,ForeignLanguage,Both AI & ML
2019,Düsseldorf,Nordrhein-Westfalen,analyse,Decision Making and Analytical,DecisionMaking,Both AI & ML
2019,Düsseldorf,Nordrhein-Westfalen,implementierung,Decision Making and Analytical,DecisionMaking,Both AI & ML
2019,Düsseldorf,Nordrhein-Westfalen,analyse,Decision Making and Analytical,DecisionMaking,Both AI & ML
2019,Düsseldorf,Nordrhein-Westfalen,python,Occupational Attributes,Programming,Both AI & ML
2019,Düsseldorf,Nordrhein-Westfalen,sql,Statistics and Data,StructuredData,Both AI & ML
2019,Düsseldorf,Nordrhein-Westfalen,mathematik,General,Numeracy,Both AI & ML
2019,Düsseldorf,Nordrhein-Westfalen,statistik,Statistics and Data,Statistics,Both AI & ML
2019,Düsseldorf,Nordrhein-Westfalen,python,Occupational Attributes,Programming,Both AI & ML
2019,Düsseldorf,Nordrhein-Westfalen,sql,Statistics and Data,StructuredData,Both AI & ML
2019,Düsseldorf,Nordrhein-Westfalen,datenanalyse,General,Research,Both AI & ML
2019,Düsseldorf,Nordrhein-Westfalen,pandas,Statistics and Data,Statistics,Both AI & ML
2019,Düsseldorf,Nordrhein-Westfalen,machine learning,Statistics and Data,DataMining,Both AI & ML
2019,Berlin,Berlin,machine learning,Statistics and Data,DataMining,Both AI & ML
2019,Berlin,Berlin,machine learning,Statistics and Data,DataMining,Both AI & ML
2019,Berlin,Berlin,implementierung,Decision Making and Analytical,DecisionMaking,Both AI & ML
2019,Berlin,Berlin,machine learning,Statistics and Data,DataMining,Both AI & ML
2019,Berlin,Berlin,analyse,Decision Making and Analytical,DecisionMaking,Both AI & ML
2019,Berlin,Berlin,zusammenarbeit,Decision Making and Analytical,Interpersonal,Both AI & ML
2019,Berlin,Berlin,mathematik,General,Numeracy,Both AI & ML
2019,Berlin,Berlin,python,Occupational Attributes,Programming,Both AI & ML
2019,Berlin,Berlin,machine learning,Statistics and Data,DataMining,Both AI & ML
2019,Berlin,Berlin,datenanalyse,General,Research,Both AI & ML
2019,Berlin,Berlin,pandas,Statistics and Data,Statistics,Both AI & ML
2019,Berlin,Berlin,machine learning,Statistics and Data,DataMining,Both AI & ML
2019,Berlin,Berlin,machine learning,Statistics and Data,DataMining,Both AI & ML
2019,Berlin,Berlin,aws,Cloud Platforms,AWS,Both AI & ML
2019,Berlin,Berlin,zusammenarbeit,Decision Making and Analytical,Interpersonal,Both AI & ML
2019,Berlin,Berlin,mathematik,General,Numeracy,Both AI & ML
2019,Berlin,Berlin,machine learning,Statistics and Data,DataMining,Both AI & ML
2019,Berlin,Berlin,python,Occupational Attributes,Programming,Both AI & ML
2019,Berlin,Berlin,sql,Statistics and Data,StructuredData,Both AI & ML
2019,Berlin,Berlin,aws,Cloud Platforms,AWS,Both AI & ML
2019,Berlin,Berlin,design,Decision Making and Analytical,DecisionMaking,Both AI & ML
2019,Berlin,Berlin,architektur,Occupational Attributes,Hardware,Both AI & ML
2019,Berlin,Berlin,implementierung,Decision Making and Analytical,DecisionMaking,Both AI & ML
2019,Berlin,Berlin,opencv,Specialized ML,ComputerVision,Both AI & ML
2019,Berlin,Berlin,design,Decision Making and Analytical,DecisionMaking,Both AI & ML
2019,Berlin,Berlin,analyse,Decision Making and Analytical,DecisionMaking,Both AI & ML
2019,Berlin,Berlin,python,Occupational Attributes,Programming,Both AI & ML
2019,Berlin,Berlin,pandas,Statistics and Data,Statistics,Both AI & ML
2019,Berlin,Berlin,zusammenarbeit,Decision Making and Analytical,Interpersonal,Both AI & ML
2019,Berlin,Berlin,integration,Occupational Attributes,EnterpriseSystem,Both AI & ML
2019,Berlin,Berlin,python,Occupational Attributes,Programming,Both AI & ML
2019,Berlin,Berlin,pandas,Statistics and Data,Statistics,Both AI & ML
2019,Berlin,Berlin,modellbewertung,Generative AI,EvaluationMonitoring,Both AI & ML
2019,Stuttgart,Baden-Württemberg,implementierung,Decision Making and Analytical,DecisionMaking,Both AI & ML
2019,Stuttgart,Baden-Württemberg,analyse,Decision Making and Analytical,DecisionMaking,Both AI & ML
2019,Stuttgart,Baden-Württemberg,zusammenarbeit,Decision Making and Analytical,Interpersonal,Both AI & ML
2019,Stuttgart,Baden-Württemberg,integration,Occupational Attributes,EnterpriseSystem,Both AI & ML
2019,Stuttgart,Baden-Württemberg,python,Occupational Attributes,Programming,Both AI & ML
2019,Stuttgart,Baden-Württemberg,machine learning,Statistics and Data,DataMining,Both AI & ML
2019,Stuttgart,Baden-Württemberg,modellbewertung,Generative AI,EvaluationMonitoring,Both AI & ML
2019,München,Bayern,integration,Occupational Attributes,EnterpriseSystem,Both AI & ML
2019,München,Bayern,implementierung,Decision Making and Analytical,DecisionMaking,Both AI & ML
2019,München,Bayern,machine learning,Statistics and Data,DataMining,Both AI & ML
2019,München,Bayern,analyse,Decision Making and Analytical,DecisionMaking,Both AI & ML
2019,München,Bayern,pandas,Statistics and Data,Statistics,Both AI & ML
2019,München,Bayern,zusammenarbeit,Decision Making and Analytical,Interpersonal,Both AI & ML
2019,München,Bayern,mathematik,General,Numeracy,Both AI & ML
2019,München,Bayern,python,Occupational Attributes,Programming,Both AI & ML
2019,München,Bayern,sql,Statistics and Data,StructuredData,Both AI & ML
2019,München,Bayern,machine learning,Statistics and Data,DataMining,Both AI & ML
2019,München,Bayern,datenanalyse,General,Research,Both AI & ML
2019,München,Bayern,pandas,Statistics and Data,Statistics,Both AI & ML
2019,München,Bayern,c + +,Occupational Attributes,Programming,Both AI & ML
2019,München,Bayern,java,Occupational Attributes,Programming,Both AI & ML
2019,München,Bayern,c #,Occupational Attributes,Programming,Both AI & ML
2019,Stuttgart,Baden-Württemberg,machine learning,Statistics and Data,DataMining,Both AI & ML
2019,Stuttgart,Baden-Württemberg,machine learning,Statistics and Data,DataMining,Both AI & ML
2019,Stuttgart,Baden-Württemberg,analyse,Decision Making and Analytical,DecisionMaking,Both AI & ML
2019,Stuttgart,Baden-Württemberg,implementierung,Decision Making and Analytical,DecisionMaking,Both AI & ML
2019,Stuttgart,Baden-Württemberg,machine learning,Statistics and Data,DataMining,Both AI & ML
2019,Stuttgart,Baden-Württemberg,datenanalyse,General,Research,Both AI & ML
2019,Stuttgart,Baden-Württemberg,mathematik,General,Numeracy,Both AI & ML
2019,Stuttgart,Baden-Württemberg,machine learning,Statistics and Data,DataMining,Both AI & ML
2019,Stuttgart,Baden-Württemberg,python,Occupational Attributes,Programming,Both AI & ML
2019,Stuttgart,Baden-Württemberg,sql,Statistics and Data,StructuredData,Both AI & ML
2019,Stuttgart,Baden-Württemberg,analyse,Decision Making and Analytical,DecisionMaking,Both AI & ML
2019,Stuttgart,Baden-Württemberg,pandas,Statistics and Data,Statistics,Both AI & ML
2019,Berlin,Berlin,analyse,Decision Making and Analytical,DecisionMaking,Both AI & ML
2019,Berlin,Berlin,python,Occupational Attributes,Programming,Both AI & ML
2019,Berlin,Berlin,sql,Statistics and Data,StructuredData,Both AI & ML
2019,Berlin,Berlin,implementierung,Decision Making and Analytical,DecisionMaking,Both AI & ML
2019,Berlin,Berlin,machine learning,Statistics and Data,DataMining,Both AI & ML
2019,Berlin,Berlin,zusammenarbeit,Decision Making and Analytical,Interpersonal,Both AI & ML
2019,Berlin,Berlin,integration,Occupational Attributes,EnterpriseSystem,Both AI & ML
2019,Berlin,Berlin,python,Occupational Attributes,Programming,Both AI & ML
2019,Berlin,Berlin,sql,Statistics and Data,StructuredData,Both AI & ML
2019,Berlin,Berlin,machine learning,Statistics and Data,DataMining,Both AI & ML
2019,Berlin,Berlin,pandas,Statistics and Data,Statistics,Both AI & ML
2019,Frankfurt am Main,Hessen,implementierung,Decision Making and Analytical,DecisionMaking,AI
2019,Frankfurt am Main,Hessen,analyse,Decision Making and Analytical,DecisionMaking,AI
2019,Frankfurt am Main,Hessen,zusammenarbeit,Decision Making and Analytical,Interpersonal,AI
2019,Frankfurt am Main,Hessen,integration,Occupational Attributes,EnterpriseSystem,AI
2019,Frankfurt am Main,Hessen,mathematik,General,Numeracy,AI
2019,Frankfurt am Main,Hessen,python,Occupational Attributes,Programming,AI
2019,Frankfurt am Main,Hessen,analyse,Decision Making and Analytical,DecisionMaking,AI
2019,Berlin,Berlin,verantwortlich,Communication,Generic,Both AI & ML
2019,Berlin,Berlin,flexible,Employee Attributes,Adaptability,Both AI & ML
2019,Berlin,Berlin,implementierung,Decision Making and Analytical,DecisionMaking,Both AI & ML
2019,Berlin,Berlin,zusammenarbeit,Decision Making and Analytical,Interpersonal,Both AI & ML
2019,Berlin,Berlin,python,Occupational Attributes,Programming,Both AI & ML
2019,Berlin,Berlin,machine learning,Statistics and Data,DataMining,Both AI & ML
2019,Hamburg,Hamburg,computer vision,Specialized ML,ComputerVision,Both AI & ML
2019,Hamburg,Hamburg,implementierung,Decision Making and Analytical,DecisionMaking,Both AI & ML
2019,Hamburg,Hamburg,bildverarbeitung,Specialized ML,ComputerVision,Both AI & ML
2019,Hamburg,Hamburg,zusammenarbeit,Decision Making and Analytical,Interpersonal,Both AI & ML
2019,Hamburg,Hamburg,integration,Occupational Attributes,EnterpriseSystem,Both AI & ML
2019,Hamburg,Hamburg,computer vision,Specialized ML,ComputerVision,Both AI & ML
2019,Hamburg,Hamburg,analyse,Decision Making and Analytical,DecisionMaking,Both AI & ML
2019,Hamburg,Hamburg,computer vision,Specialized ML,ComputerVision,Both AI & ML
2019,Hamburg,Hamburg,opencv,Specialized ML,ComputerVision,Both AI & ML
2019,Hamburg,Hamburg,python,Occupational Attributes,Programming,Both AI & ML
2019,Stuttgart,Baden-Württemberg,machine learning,Statistics and Data,DataMining,Both AI & ML
2019,Stuttgart,Baden-Württemberg,implementierung,Decision Making and Analytical,DecisionMaking,Both AI & ML
2019,Stuttgart,Baden-Württemberg,machine learning,Statistics and Data,DataMining,Both AI & ML
2019,Stuttgart,Baden-Württemberg,implementierung,Decision Making and Analytical,DecisionMaking,Both AI & ML
2019,Stuttgart,Baden-Württemberg,nlp,Specialized ML,NLP,Both AI & ML
2019,Stuttgart,Baden-Württemberg,python,Occupational Attributes,Programming,Both AI & ML
2019,Stuttgart,Baden-Württemberg,pandas,Statistics and Data,Statistics,Both AI & ML
2019,Stuttgart,Baden-Württemberg,datenanalyse,General,Research,Both AI & ML
2019,Stuttgart,Baden-Württemberg,nlp,Specialized ML,NLP,Both AI & ML
2019,München,Bayern,analyse,Decision Making and Analytical,DecisionMaking,Both AI & ML
2019,München,Bayern,machine learning,Statistics and Data,DataMining,Both AI & ML
2019,München,Bayern,prognose,Statistics and Data,DataMining,Both AI & ML
2019,München,Bayern,datenanalyse,General,Research,Both AI & ML
2019,München,Bayern,python,Occupational Attributes,Programming,Both AI & ML
2019,München,Bayern,sql,Statistics and Data,StructuredData,Both AI & ML
2019,München,Bayern,statistik,Statistics and Data,Statistics,Both AI & ML
2019,München,Bayern,berichte,Occupational Attributes,Visualization,Both AI & ML
2019,München,Bayern,implementierung,Decision Making and Analytical,DecisionMaking,Both AI & ML
2019,München,Bayern,mathematik,General,Numeracy,Both AI & ML
2019,München,Bayern,statistik,Statistics and Data,Statistics,Both AI & ML
2019,München,Bayern,python,Occupational Attributes,Programming,Both AI & ML
2019,München,Bayern,sql,Statistics and Data,StructuredData,Both AI & ML
2019,München,Bayern,machine learning,Statistics and Data,DataMining,Both AI & ML
2019,München,Bayern,modellbewertung,Generative AI,EvaluationMonitoring,Both AI & ML
2019,Düsseldorf,Nordrhein-Westfalen,machine learning,Statistics and Data,DataMining,Both AI & ML
2019,Düsseldorf,Nordrhein-Westfalen,machine learning,Statistics and Data,DataMining,Both AI & ML
2019,Düsseldorf,Nordrhein-Westfalen,implementierung,Decision Making and Analytical,DecisionMaking,Both AI & ML
2019,Düsseldorf,Nordrhein-Westfalen,machine learning,Statistics and Data,DataMining,Both AI & ML
2019,Düsseldorf,Nordrhein-Westfalen,datenanalyse,General,Research,Both AI & ML
2019,Düsseldorf,Nordrhein-Westfalen,implementierung,Decision Making and Analytical,DecisionMaking,Both AI & ML
2019,Düsseldorf,Nordrhein-Westfalen,machine learning,Statistics and Data,DataMining,Both AI & ML
2019,Düsseldorf,Nordrhein-Westfalen,analyse,Decision Making and Analytical,DecisionMaking,Both AI & ML
2019,Düsseldorf,Nordrhein-Westfalen,pandas,Statistics and Data,Statistics,Both AI & ML
2019,Düsseldorf,Nordrhein-Westfalen,sql,Statistics and Data,StructuredData,Both AI & ML
2019,Düsseldorf,Nordrhein-Westfalen,zusammenarbeit,Decision Making and Analytical,Interpersonal,Both AI & ML
2019,Düsseldorf,Nordrhein-Westfalen,integration,Occupational Attributes,EnterpriseSystem,Both AI & ML
2019,Düsseldorf,Nordrhein-Westfalen,machine learning,Statistics and Data,DataMining,Both AI & ML
2019,Düsseldorf,Nordrhein-Westfalen,mathematik,General,Numeracy,Both AI & ML
2019,Düsseldorf,Nordrhein-Westfalen,statistik,Statistics and Data,Statistics,Both AI & ML
2019,Düsseldorf,Nordrhein-Westfalen,python,Occupational Attributes,Programming,Both AI & ML
2019,Düsseldorf,Nordrhein-Westfalen,machine learning,Statistics and Data,DataMining,Both AI & ML
2019,Düsseldorf,Nordrhein-Westfalen,analyse,Decision Making and Analytical,DecisionMaking,Both AI & ML
2019,Düsseldorf,Nordrhein-Westfalen,sql,Statistics and Data,StructuredData,Both AI & ML
2019,Köln,Nordrhein-Westfalen,machine learning,Statistics and Data,DataMining,Both AI & ML
2019,Köln,Nordrhein-Westfalen,implementierung,Decision Making and Analytical,DecisionMaking,Both AI & ML
2019,Köln,Nordrhein-Westfalen,machine learning,Statistics and Data,DataMining,Both AI & ML
2019,Köln,Nordrhein-Westfalen,integration,Occupational Attributes,EnterpriseSystem,Both AI & ML
2019,Köln,Nordrhein-Westfalen,implementierung,Decision Making and Analytical,DecisionMaking,Both AI & ML
2019,Köln,Nordrhein-Westfalen,machine learning,Statistics and Data,DataMining,Both AI & ML
2019,Köln,Nordrhein-Westfalen,analyse,Decision Making and Analytical,DecisionMaking,Both AI & ML
2019,Köln,Nordrhein-Westfalen,pandas,Statistics and Data,Statistics,Both AI & ML
2019,Köln,Nordrhein-Westfalen,sql,Statistics and Data,StructuredData,Both AI & ML
2019,Köln,Nordrhein-Westfalen,integration,Occupational Attributes,EnterpriseSystem,Both AI & ML
2019,Köln,Nordrhein-Westfalen,machine learning,Statistics and Data,DataMining,Both AI & ML
2019,Köln,Nordrhein-Westfalen,zusammenarbeit,Decision Making and Analytical,Interpersonal,Both AI & ML
2019,Köln,Nordrhein-Westfalen,mathematik,General,Numeracy,Both AI & ML
2019,Köln,Nordrhein-Westfalen,programmierung,Occupational Attributes,Programming,Both AI & ML
2019,Köln,Nordrhein-Westfalen,python,Occupational Attributes,Programming,Both AI & ML
2019,Köln,Nordrhein-Westfalen,sql,Statistics and Data,StructuredData,Both AI & ML
2019,Köln,Nordrhein-Westfalen,machine learning,Statistics and Data,DataMining,Both AI & ML
2019,Köln,Nordrhein-Westfalen,analyse,Decision Making and Analytical,DecisionMaking,Both AI & ML
2019,Frankfurt am Main,Hessen,big data,Statistics and Data,BigData,AI
2019,Frankfurt am Main,Hessen,big data,Statistics and Data,BigData,AI
2019,Frankfurt am Main,Hessen,analyse,Decision Making and Analytical,DecisionMaking,AI
2019,Frankfurt am Main,Hessen,zusammenarbeit,Decision Making and Analytical,Interpersonal,AI
2019,Frankfurt am Main,Hessen,implementierung,Decision Making and Analytical,DecisionMaking,AI
2019,Frankfurt am Main,Hessen,mathematik,General,Numeracy,AI
2019,Frankfurt am Main,Hessen,big data,Statistics and Data,BigData,AI
2019,Frankfurt am Main,Hessen,implementierung,Decision Making and Analytical,DecisionMaking,Both AI & ML
2019,Frankfurt am Main,Hessen,datenanalyse,General,Research,Both AI & ML
2019,Frankfurt am Main,Hessen,python,Occupational Attributes,Programming,Both AI & ML
2019,Frankfurt am Main,Hessen,sql,Statistics and Data,StructuredData,Both AI & ML
2019,Frankfurt am Main,Hessen,pandas,Statistics and Data,Statistics,Both AI & ML
2019,Frankfurt am Main,Hessen,mathematik,General,Numeracy,Both AI & ML
2019,Frankfurt am Main,Hessen,statistik,Statistics and Data,Statistics,Both AI & ML
2019,Frankfurt am Main,Hessen,machine learning,Statistics and Data,DataMining,Both AI & ML
2019,Frankfurt am Main,Hessen,python,Occupational Attributes,Programming,Both AI & ML
2019,Frankfurt am Main,Hessen,sql,Statistics and Data,StructuredData,Both AI & ML
2019,Frankfurt am Main,Hessen,datenanalyse,General,Research,Both AI & ML
2019,Frankfurt am Main,Hessen,pandas,Statistics and Data,Statistics,Both AI & ML
2019,Heidelberg,Baden-Württemberg,analyse,Decision Making and Analytical,DecisionMaking,Both AI & ML
2019,Heidelberg,Baden-Württemberg,machine learning,Statistics and Data,DataMining,Both AI & ML
2019,Heidelberg,Baden-Württemberg,implementierung,Decision Making and Analytical,DecisionMaking,Both AI & ML
2019,Heidelberg,Baden-Württemberg,machine learning,Statistics and Data,DataMining,Both AI & ML
2019,Heidelberg,Baden-Württemberg,prognose,Statistics and Data,DataMining,Both AI & ML
2019,Heidelberg,Baden-Württemberg,analyse,Decision Making and Analytical,DecisionMaking,Both AI & ML
2019,Heidelberg,Baden-Württemberg,python,Occupational Attributes,Programming,Both AI & ML
2019,Heidelberg,Baden-Württemberg,sql,Statistics and Data,StructuredData,Both AI & ML
2019,Heidelberg,Baden-Württemberg,zusammenarbeit,Decision Making and Analytical,Interpersonal,Both AI & ML
2019,Heidelberg,Baden-Württemberg,datenanalyse,General,Research,Both AI & ML
2019,Heidelberg,Baden-Württemberg,modellierung,Decision Making and Analytical,DecisionMaking,Both AI & ML
2019,Heidelberg,Baden-Württemberg,integration,Occupational Attributes,EnterpriseSystem,Both AI & ML
2019,Heidelberg,Baden-Württemberg,mathematik,General,Numeracy,Both AI & ML
2019,Heidelberg,Baden-Württemberg,statistik,Statistics and Data,Statistics,Both AI & ML
2019,Heidelberg,Baden-Württemberg,python,Occupational Attributes,Programming,Both AI & ML
2019,Heidelberg,Baden-Württemberg,sql,Statistics and Data,StructuredData,Both AI & ML
2019,Heidelberg,Baden-Württemberg,machine learning,Statistics and Data,DataMining,Both AI & ML
2019,Heidelberg,Baden-Württemberg,pandas,Statistics and Data,Statistics,Both AI & ML
2019,Hamburg,Hamburg,machine learning,Statistics and Data,DataMining,Both AI & ML
2019,Hamburg,Hamburg,machine learning,Statistics and Data,DataMining,Both AI & ML
2019,Hamburg,Hamburg,design,Decision Making and Analytical,DecisionMaking,Both AI & ML
2019,Hamburg,Hamburg,zusammenarbeit,Decision Making and Analytical,Interpersonal,Both AI & ML
2019,Hamburg,Hamburg,machine learning,Statistics and Data,DataMining,Both AI & ML
2019,Hamburg,Hamburg,python,Occupational Attributes,Programming,Both AI & ML
2019,Hamburg,Hamburg,sql,Statistics and Data,StructuredData,Both AI & ML
2019,Hamburg,Hamburg,design,Decision Making and Analytical,DecisionMaking,Both AI & ML
2019,Berlin,Berlin,machine learning,Statistics and Data,DataMining,Both AI & ML
2019,Berlin,Berlin,implementierung,Decision Making and Analytical,DecisionMaking,Both AI & ML
2019,Berlin,Berlin,machine learning,Statistics and Data,DataMining,Both AI & ML
2019,Berlin,Berlin,prognose,Statistics and Data,DataMining,Both AI & ML
2019,Berlin,Berlin,analyse,Decision Making and Analytical,DecisionMaking,Both AI & ML
2019,Berlin,Berlin,python,Occupational Attributes,Programming,Both AI & ML
2019,Berlin,Berlin,sql,Statistics and Data,StructuredData,Both AI & ML
2019,Berlin,Berlin,zusammenarbeit,Decision Making and Analytical,Interpersonal,Both AI & ML
2019,Berlin,Berlin,mathematik,General,Numeracy,Both AI & ML
2019,Berlin,Berlin,statistik,Statistics and Data,Statistics,Both AI & ML
2019,Berlin,Berlin,machine learning,Statistics and Data,DataMining,Both AI & ML
2019,Berlin,Berlin,python,Occupational Attributes,Programming,Both AI & ML
2019,Berlin,Berlin,sql,Statistics and Data,StructuredData,Both AI & ML
2019,Hamburg,Hamburg,verantwortlich,Communication,Generic,Both AI & ML
2019,Hamburg,Hamburg,planung,Data Engineering,Orchestration,Both AI & ML
2019,Hamburg,Hamburg,machine learning,Statistics and Data,DataMining,Both AI & ML
2019,Hamburg,Hamburg,machine learning,Statistics and Data,DataMining,Both AI & ML
2019,Hamburg,Hamburg,python,Occupational Attributes,Programming,Both AI & ML
2019,Hamburg,Hamburg,datenanalyse,General,Research,Both AI & ML
2019,Hamburg,Hamburg,pandas,Statistics and Data,Statistics,Both AI & ML
2019,Hamburg,Hamburg,mathematik,General,Numeracy,Both AI & ML
2019,Hamburg,Hamburg,statistik,Statistics and Data,Statistics,Both AI & ML
2019,Berlin,Berlin,machine learning,Statistics and Data,DataMining,Both AI & ML
2019,Berlin,Berlin,implementierung,Decision Making and Analytical,DecisionMaking,Both AI & ML
2019,Berlin,Berlin,analyse,Decision Making and Analytical,DecisionMaking,Both AI & ML
2019,Berlin,Berlin,python,Occupational Attributes,Programming,Both AI & ML
2019,Berlin,Berlin,sql,Statistics and Data,StructuredData,Both AI & ML
2019,Berlin,Berlin,präsentation,Communication,Presentation,Both AI & ML
2019,Berlin,Berlin,modellbewertung,Generative AI,EvaluationMonitoring,Both AI & ML
2019,Berlin,Berlin,mathematik,General,Numeracy,Both AI & ML
2019,Berlin,Berlin,statistik,Statistics and Data,Statistics,Both AI & ML
2019,Berlin,Berlin,python,Occupational Attributes,Programming,Both AI & ML
2019,Berlin,Berlin,sql,Statistics and Data,StructuredData,Both AI & ML
2019,Berlin,Berlin,machine learning,Statistics and Data,DataMining,Both AI & ML
2019,Berlin,Berlin,modellbewertung,Generative AI,EvaluationMonitoring,Both AI & ML
2019,München,Bayern,machine learning,Statistics and Data,DataMining,Both AI & ML
2019,München,Bayern,machine learning,Statistics and Data,DataMining,Both AI & ML
2019,München,Bayern,zusammenarbeit,Decision Making and Analytical,Interpersonal,Both AI & ML
2019,München,Bayern,integration,Occupational Attributes,EnterpriseSystem,Both AI & ML
2019,München,Bayern,architektur,Occupational Attributes,Hardware,Both AI & ML
2019,München,Bayern,python,Occupational Attributes,Programming,Both AI & ML
2019,München,Bayern,sql,Statistics and Data,StructuredData,Both AI & ML
2019,München,Bayern,datenanalyse,General,Research,Both AI & ML
2019,München,Bayern,machine learning,Statistics and Data,DataMining,Both AI & ML
2019,München,Bayern,pandas,Statistics and Data,Statistics,Both AI & ML
2019,München,Bayern,modellbewertung,Generative AI,EvaluationMonitoring,Both AI & ML
2019,München,Bayern,machine learning,Statistics and Data,DataMining,Both AI & ML
2019,München,Bayern,machine learning,Statistics and Data,DataMining,Both AI & ML
2019,München,Bayern,maschinelles lernen,Statistics and Data,DataMining,Both AI & ML
2019,München,Bayern,implementierung,Decision Making and Analytical,DecisionMaking,Both AI & ML
2019,München,Bayern,machine learning,Statistics and Data,DataMining,Both AI & ML
2019,München,Bayern,analyse,Decision Making and Analytical,DecisionMaking,Both AI & ML
2019,München,Bayern,python,Occupational Attributes,Programming,Both AI & ML
2019,München,Bayern,pandas,Statistics and Data,Statistics,Both AI & ML
2019,München,Bayern,integration,Occupational Attributes,EnterpriseSystem,Both AI & ML
2019,München,Bayern,mathematik,General,Numeracy,Both AI & ML
2019,München,Bayern,python,Occupational Attributes,Programming,Both AI & ML
2019,München,Bayern,machine learning,Statistics and Data,DataMining,Both AI & ML
2019,München,Bayern,analyse,Decision Making and Analytical,DecisionMaking,Both AI & ML
2019,München,Bayern,pandas,Statistics and Data,Statistics,Both AI & ML
2019,München,Bayern,implementierung,Decision Making and Analytical,DecisionMaking,Both AI & ML
2019,München,Bayern,datenanalyse,General,Research,Both AI & ML
2019,München,Bayern,python,Occupational Attributes,Programming,Both AI & ML
2019,München,Bayern,pandas,Statistics and Data,Statistics,Both AI & ML
2019,München,Bayern,machine learning,Statistics and Data,DataMining,Both AI & ML
2019,München,Bayern,python,Occupational Attributes,Programming,Both AI & ML
2019,München,Bayern,machine learning,Statistics and Data,DataMining,Both AI & ML
2019,Berlin,Berlin,machine learning,Statistics and Data,DataMining,Both AI & ML
2019,Berlin,Berlin,machine learning,Statistics and Data,DataMining,Both AI & ML
2019,Berlin,Berlin,implementierung,Decision Making and Analytical,DecisionMaking,Both AI & ML
2019,Berlin,Berlin,zusammenarbeit,Decision Making and Analytical,Interpersonal,Both AI & ML
2019,Berlin,Berlin,integration,Occupational Attributes,EnterpriseSystem,Both AI & ML
2019,Berlin,Berlin,machine learning,Statistics and Data,DataMining,Both AI & ML
2019,Berlin,Berlin,mathematik,General,Numeracy,Both AI & ML
2019,Berlin,Berlin,programmierung,Occupational Attributes,Programming,Both AI & ML
2019,Berlin,Berlin,python,Occupational Attributes,Programming,Both AI & ML
2019,Berlin,Berlin,sql,Statistics and Data,StructuredData,Both AI & ML
2019,Berlin,Berlin,machine learning,Statistics and Data,DataMining,Both AI & ML
2019,Berlin,Berlin,modellbewertung,Generative AI,EvaluationMonitoring,Both AI & ML
2019,,,machine learning,Statistics and Data,DataMining,Both AI & ML
2019,,,machine learning,Statistics and Data,DataMining,Both AI & ML
2019,,,analyse,Decision Making and Analytical,DecisionMaking,Both AI & ML
2019,,,pandas,Statistics and Data,Statistics,Both AI & ML
2019,,,mathematik,General,Numeracy,Both AI & ML
2019,,,python,Occupational Attributes,Programming,Both AI & ML
2019,,,sql,Statistics and Data,StructuredData,Both AI & ML
2019,,,machine learning,Statistics and Data,DataMining,Both AI & ML
2019,Hamburg,Hamburg,implementierung,Decision Making and Analytical,DecisionMaking,Both AI & ML
2019,Hamburg,Hamburg,machine learning,Statistics and Data,DataMining,Both AI & ML
2019,Hamburg,Hamburg,machine learning,Statistics and Data,DataMining,Both AI & ML
2019,Hamburg,Hamburg,implementierung,Decision Making and Analytical,DecisionMaking,Both AI & ML
2019,Hamburg,Hamburg,python,Occupational Attributes,Programming,Both AI & ML
2019,Hamburg,Hamburg,zusammenarbeit,Decision Making and Analytical,Interpersonal,Both AI & ML
2019,Hamburg,Hamburg,integration,Occupational Attributes,EnterpriseSystem,Both AI & ML
2019,Hamburg,Hamburg,python,Occupational Attributes,Programming,Both AI & ML
2019,Hamburg,Hamburg,sql,Statistics and Data,StructuredData,Both AI & ML
2019,Hamburg,Hamburg,machine learning,Statistics and Data,DataMining,Both AI & ML
2019,Hamburg,Hamburg,nlp,Specialized ML,NLP,Both AI & ML
2019,Hamburg,Hamburg,analyse,Decision Making and Analytical,DecisionMaking,Both AI & ML
2019,Hamburg,Hamburg,pandas,Statistics and Data,Statistics,Both AI & ML
2019,Düsseldorf,Nordrhein-Westfalen,analyse,Decision Making and Analytical,DecisionMaking,Both AI & ML
2019,Düsseldorf,Nordrhein-Westfalen,nlp,Specialized ML,NLP,Both AI & ML
2019,Düsseldorf,Nordrhein-Westfalen,implementierung,Decision Making and Analytical,DecisionMaking,Both AI & ML
2019,Düsseldorf,Nordrhein-Westfalen,nlp,Specialized ML,NLP,Both AI & ML
2019,Düsseldorf,Nordrhein-Westfalen,analyse,Decision Making and Analytical,DecisionMaking,Both AI & ML
2019,Düsseldorf,Nordrhein-Westfalen,zusammenarbeit,Decision Making and Analytical,Interpersonal,Both AI & ML
2019,Düsseldorf,Nordrhein-Westfalen,mathematik,General,Numeracy,Both AI & ML
2019,Düsseldorf,Nordrhein-Westfalen,statistik,Statistics and Data,Statistics,Both AI & ML
2019,Düsseldorf,Nordrhein-Westfalen,machine learning,Statistics and Data,DataMining,Both AI & ML
2019,Düsseldorf,Nordrhein-Westfalen,python,Occupational Attributes,Programming,Both AI & ML
2019,Düsseldorf,Nordrhein-Westfalen,nlp,Specialized ML,NLP,Both AI & ML
2019,Düsseldorf,Nordrhein-Westfalen,pandas,Statistics and Data,Statistics,Both AI & ML
2019,Düsseldorf,Nordrhein-Westfalen,sql,Statistics and Data,StructuredData,Both AI & ML
2019,Düsseldorf,Nordrhein-Westfalen,nosql,Statistics and Data,BigData,Both AI & ML
2019,Düsseldorf,Nordrhein-Westfalen,aws,Cloud Platforms,AWS,Both AI & ML
2019,Düsseldorf,Nordrhein-Westfalen,azure,Cloud Platforms,Azure,Both AI & ML
2019,Köln,Nordrhein-Westfalen,machine learning,Statistics and Data,DataMining,Both AI & ML
2019,Köln,Nordrhein-Westfalen,zusammenarbeit,Decision Making and Analytical,Interpersonal,Both AI & ML
2019,Köln,Nordrhein-Westfalen,implementierung,Decision Making and Analytical,DecisionMaking,Both AI & ML
2019,Köln,Nordrhein-Westfalen,machine learning,Statistics and Data,DataMining,Both AI & ML
2019,Köln,Nordrhein-Westfalen,machine learning,Statistics and Data,DataMining,Both AI & ML
2019,Köln,Nordrhein-Westfalen,aws,Cloud Platforms,AWS,Both AI & ML
2019,Köln,Nordrhein-Westfalen,docker,MLOps,Tools,Both AI & ML
2019,Köln,Nordrhein-Westfalen,kubernetes,MLOps,Tools,Both AI & ML
2019,Köln,Nordrhein-Westfalen,machine learning,Statistics and Data,DataMining,Both AI & ML
2019,Köln,Nordrhein-Westfalen,implementierung,Decision Making and Analytical,DecisionMaking,Both AI & ML
2019,Köln,Nordrhein-Westfalen,machine learning,Statistics and Data,DataMining,Both AI & ML
2019,Köln,Nordrhein-Westfalen,zusammenarbeit,Decision Making and Analytical,Interpersonal,Both AI & ML
2019,Köln,Nordrhein-Westfalen,integration,Occupational Attributes,EnterpriseSystem,Both AI & ML
2019,Köln,Nordrhein-Westfalen,machine learning,Statistics and Data,DataMining,Both AI & ML
2019,Köln,Nordrhein-Westfalen,mathematik,General,Numeracy,Both AI & ML
2019,Köln,Nordrhein-Westfalen,python,Occupational Attributes,Programming,Both AI & ML
2019,Köln,Nordrhein-Westfalen,sql,Statistics and Data,StructuredData,Both AI & ML
2019,Köln,Nordrhein-Westfalen,machine learning,Statistics and Data,DataMining,Both AI & ML
2019,Berlin,Berlin,implementierung,Decision Making and Analytical,DecisionMaking,Both AI & ML
2019,Berlin,Berlin,machine learning,Statistics and Data,DataMining,Both AI & ML
2019,Berlin,Berlin,implementierung,Decision Making and Analytical,DecisionMaking,Both AI & ML
2019,Berlin,Berlin,machine learning,Statistics and Data,DataMining,Both AI & ML
2019,Berlin,Berlin,analyse,Decision Making and Analytical,DecisionMaking,Both AI & ML
2019,Berlin,Berlin,zusammenarbeit,Decision Making and Analytical,Interpersonal,Both AI & ML
2019,Berlin,Berlin,integration,Occupational Attributes,EnterpriseSystem,Both AI & ML
2019,Berlin,Berlin,machine learning,Statistics and Data,DataMining,Both AI & ML
2019,Berlin,Berlin,python,Occupational Attributes,Programming,Both AI & ML
2019,Berlin,Berlin,sql,Statistics and Data,StructuredData,Both AI & ML
2019,Berlin,Berlin,machine learning,Statistics and Data,DataMining,Both AI & ML
2019,Berlin,Berlin,pandas,Statistics and Data,Statistics,Both AI & ML
2019,München,Bayern,implementierung,Decision Making and Analytical,DecisionMaking,Both AI & ML
2019,München,Bayern,machine learning,Statistics and Data,DataMining,Both AI & ML
2019,München,Bayern,zusammenarbeit,Decision Making and Analytical,Interpersonal,Both AI & ML
2019,München,Bayern,implementierung,Decision Making and Analytical,DecisionMaking,Both AI & ML
2019,München,Bayern,machine learning,Statistics and Data,DataMining,Both AI & ML
2019,München,Bayern,kommunikation,Decision Making and Analytical,MSOffice,Both AI & ML
2019,München,Bayern,zusammenarbeit,Decision Making and Analytical,Interpersonal,Both AI & ML
2019,München,Bayern,python,Occupational Attributes,Programming,Both AI & ML
2019,München,Bayern,java,Occupational Attributes,Programming,Both AI & ML
2019,München,Bayern,machine learning,Statistics and Data,DataMining,Both AI & ML
2019,Nürnberg,Bayern,machine learning,Statistics and Data,DataMining,Both AI & ML
2019,Nürnberg,Bayern,machine learning,Statistics and Data,DataMining,Both AI & ML
2019,Nürnberg,Bayern,machine learning,Statistics and Data,DataMining,Both AI & ML
2019,Nürnberg,Bayern,machine learning,Statistics and Data,DataMining,Both AI & ML
2019,Nürnberg,Bayern,analyse,Decision Making and Analytical,DecisionMaking,Both AI & ML
2019,Nürnberg,Bayern,python,Occupational Attributes,Programming,Both AI & ML
2019,Nürnberg,Bayern,pandas,Statistics and Data,Statistics,Both AI & ML
2019,Nürnberg,Bayern,implementierung,Decision Making and Analytical,DecisionMaking,Both AI & ML
2019,Nürnberg,Bayern,machine learning,Statistics and Data,DataMining,Both AI & ML
2019,Nürnberg,Bayern,mathematik,General,Numeracy,Both AI & ML
2019,Nürnberg,Bayern,python,Occupational Attributes,Programming,Both AI & ML
2019,Nürnberg,Bayern,pandas,Statistics and Data,Statistics,Both AI & ML
2019,Nürnberg,Bayern,modellbewertung,Generative AI,EvaluationMonitoring,Both AI & ML
2019,Tübingen,Baden-Württemberg,machine learning,Statistics and Data,DataMining,Both AI & ML
2019,Tübingen,Baden-Württemberg,machine learning,Statistics and Data,DataMining,Both AI & ML
2019,Tübingen,Baden-Württemberg,analyse,Decision Making and Analytical,DecisionMaking,Both AI & ML
2019,Tübingen,Baden-Württemberg,implementierung,Decision Making and Analytical,DecisionMaking,Both AI & ML
2019,Tübingen,Baden-Württemberg,machine learning,Statistics and Data,DataMining,Both AI & ML
2019,Tübingen,Baden-Württemberg,opencv,Specialized ML,ComputerVision,Both AI & ML
2019,Tübingen,Baden-Württemberg,bildverarbeitung,Specialized ML,ComputerVision,Both AI & ML
2019,Tübingen,Baden-Württemberg,python,Occupational Attributes,Programming,Both AI & ML
2019,Tübingen,Baden-Württemberg,pandas,Statistics and Data,Statistics,Both AI & ML
2019,Tübingen,Baden-Württemberg,integration,Occupational Attributes,EnterpriseSystem,Both AI & ML
2019,Tübingen,Baden-Württemberg,machine learning,Statistics and Data,DataMining,Both AI & ML
2019,Tübingen,Baden-Württemberg,mathematik,General,Numeracy,Both AI & ML
2019,Tübingen,Baden-Württemberg,machine learning,Statistics and Data,DataMining,Both AI & ML
2019,Tübingen,Baden-Württemberg,python,Occupational Attributes,Programming,Both AI & ML
2019,Tübingen,Baden-Württemberg,pandas,Statistics and Data,Statistics,Both AI & ML
2019,Tübingen,Baden-Württemberg,datenanalyse,General,Research,Both AI & ML
2019,Tübingen,Baden-Württemberg,computer vision,Specialized ML,ComputerVision,Both AI & ML
2019,Tübingen,Baden-Württemberg,opencv,Specialized ML,ComputerVision,Both AI & ML
2019,Berlin,Berlin,machine learning,Statistics and Data,DataMining,Both AI & ML
2019,Berlin,Berlin,maschinelles lernen,Statistics and Data,DataMining,Both AI & ML
2019,Berlin,Berlin,implementierung,Decision Making and Analytical,DecisionMaking,Both AI & ML
2019,Berlin,Berlin,machine learning,Statistics and Data,DataMining,Both AI & ML
2019,Berlin,Berlin,analyse,Decision Making and Analytical,DecisionMaking,Both AI & ML
2019,Berlin,Berlin,python,Occupational Attributes,Programming,Both AI & ML
2019,Berlin,Berlin,pandas,Statistics and Data,Statistics,Both AI & ML
2019,Berlin,Berlin,zusammenarbeit,Decision Making and Analytical,Interpersonal,Both AI & ML
2019,Berlin,Berlin,integration,Occupational Attributes,EnterpriseSystem,Both AI & ML
2019,Berlin,Berlin,machine learning,Statistics and Data,DataMining,Both AI & ML
2019,Berlin,Berlin,mathematik,General,Numeracy,Both AI & ML
2019,Berlin,Berlin,machine learning,Statistics and Data,DataMining,Both AI & ML
2019,Berlin,Berlin,python,Occupational Attributes,Programming,Both AI & ML
2019,Berlin,Berlin,sql,Statistics and Data,StructuredData,Both AI & ML
2019,Berlin,Berlin,modellbewertung,Generative AI,EvaluationMonitoring,Both AI & ML
2019,Frankfurt am Main,Hessen,machine learning,Statistics and Data,DataMining,Both AI & ML
2019,Frankfurt am Main,Hessen,machine learning,Statistics and Data,DataMining,Both AI & ML
2019,Frankfurt am Main,Hessen,zusammenarbeit,Decision Making and Analytical,Interpersonal,Both AI & ML
2019,Frankfurt am Main,Hessen,mathematik,General,Numeracy,Both AI & ML
2019,Frankfurt am Main,Hessen,python,Occupational Attributes,Programming,Both AI & ML
2019,Frankfurt am Main,Hessen,machine learning,Statistics and Data,DataMining,Both AI & ML
2019,Frankfurt am Main,Hessen,modellbewertung,Generative AI,EvaluationMonitoring,Both AI & ML
2019,Berlin,Berlin,englisch,General,ForeignLanguage,Both AI & ML
2019,Berlin,Berlin,machine learning,Statistics and Data,DataMining,Both AI & ML
2019,Berlin,Berlin,sap,Occupational Attributes,EnterpriseSystem,Both AI & ML
2019,Berlin,Berlin,machine learning,Statistics and Data,DataMining,Both AI & ML
2019,Berlin,Berlin,machine learning,Statistics and Data,DataMining,Both AI & ML
2019,Berlin,Berlin,analyse,Decision Making and Analytical,DecisionMaking,Both AI & ML
2019,Berlin,Berlin,python,Occupational Attributes,Programming,Both AI & ML
2019,Berlin,Berlin,sql,Statistics and Data,StructuredData,Both AI & ML
2019,Berlin,Berlin,implementierung,Decision Making and Analytical,DecisionMaking,Both AI & ML
2019,Berlin,Berlin,zusammenarbeit,Decision Making and Analytical,Interpersonal,Both AI & ML
2019,Berlin,Berlin,maschinelles lernen,Statistics and Data,DataMining,Both AI & ML
2019,Berlin,Berlin,mathematik,General,Numeracy,Both AI & ML
2019,Berlin,Berlin,python,Occupational Attributes,Programming,Both AI & ML
2019,Berlin,Berlin,sql,Statistics and Data,StructuredData,Both AI & ML
2019,Berlin,Berlin,machine learning,Statistics and Data,DataMining,Both AI & ML
2019,Berlin,Berlin,kommunikation,Decision Making and Analytical,MSOffice,Both AI & ML
2019,Köln,Nordrhein-Westfalen,analyse,Decision Making and Analytical,DecisionMaking,Both AI & ML
2019,Köln,Nordrhein-Westfalen,analyse,Decision Making and Analytical,DecisionMaking,Both AI & ML
2019,Köln,Nordrhein-Westfalen,machine learning,Statistics and Data,DataMining,Both AI & ML
2019,Köln,Nordrhein-Westfalen,python,Occupational Attributes,Programming,Both AI & ML
2019,Köln,Nordrhein-Westfalen,sql,Statistics and Data,StructuredData,Both AI & ML
2019,Köln,Nordrhein-Westfalen,statistik,Statistics and Data,Statistics,Both AI & ML
2019,Köln,Nordrhein-Westfalen,mathematik,General,Numeracy,Both AI & ML
2019,Köln,Nordrhein-Westfalen,statistik,Statistics and Data,Statistics,Both AI & ML
2019,Köln,Nordrhein-Westfalen,python,Occupational Attributes,Programming,Both AI & ML
2019,Köln,Nordrhein-Westfalen,sql,Statistics and Data,StructuredData,Both AI & ML
2019,Köln,Nordrhein-Westfalen,machine learning,Statistics and Data,DataMining,Both AI & ML
2019,Frankfurt am Main,Hessen,implementierung,Decision Making and Analytical,DecisionMaking,Both AI & ML
2019,Frankfurt am Main,Hessen,prognose,Statistics and Data,DataMining,Both AI & ML
2019,Frankfurt am Main,Hessen,analyse,Decision Making and Analytical,DecisionMaking,Both AI & ML
2019,Frankfurt am Main,Hessen,python,Occupational Attributes,Programming,Both AI & ML
2019,Frankfurt am Main,Hessen,sql,Statistics and Data,StructuredData,Both AI & ML
2019,Frankfurt am Main,Hessen,machine learning,Statistics and Data,DataMining,Both AI & ML
2019,Frankfurt am Main,Hessen,tableau,Occupational Attributes,Visualization,Both AI & ML
2019,Frankfurt am Main,Hessen,mathematik,General,Numeracy,Both AI & ML
2019,Frankfurt am Main,Hessen,statistik,Statistics and Data,Statistics,Both AI & ML
2019,Frankfurt am Main,Hessen,python,Occupational Attributes,Programming,Both AI & ML
2019,Frankfurt am Main,Hessen,sql,Statistics and Data,StructuredData,Both AI & ML
2019,Frankfurt am Main,Hessen,machine learning,Statistics and Data,DataMining,Both AI & ML
2019,Frankfurt am Main,Hessen,pandas,Statistics and Data,Statistics,Both AI & ML
2019,Frankfurt am Main,Hessen,tableau,Occupational Attributes,Visualization,Both AI & ML
2019,Berlin,Berlin,machine learning,Statistics and Data,DataMining,Both AI & ML
2019,Berlin,Berlin,machine learning,Statistics and Data,DataMining,Both AI & ML
2019,Berlin,Berlin,datenanalyse,General,Research,Both AI & ML
2019,Berlin,Berlin,python,Occupational Attributes,Programming,Both AI & ML
2019,Berlin,Berlin,sql,Statistics and Data,StructuredData,Both AI & ML
2019,Berlin,Berlin,statistik,Statistics and Data,Statistics,Both AI & ML
2019,Berlin,Berlin,zusammenarbeit,Decision Making and Analytical,Interpersonal,Both AI & ML
2019,Berlin,Berlin,integration,Occupational Attributes,EnterpriseSystem,Both AI & ML
2019,Berlin,Berlin,python,Occupational Attributes,Programming,Both AI & ML
2019,Berlin,Berlin,pandas,Statistics and Data,Statistics,Both AI & ML
2019,Berlin,Berlin,sql,Statistics and Data,StructuredData,Both AI & ML
2019,Berlin,Berlin,nosql,Statistics and Data,BigData,Both AI & ML
2019,Aachen,Nordrhein-Westfalen,machine learning,Statistics and Data,DataMining,Both AI & ML
2019,Aachen,Nordrhein-Westfalen,machine learning,Statistics and Data,DataMining,Both AI & ML
2019,Aachen,Nordrhein-Westfalen,implementierung,Decision Making and Analytical,DecisionMaking,Both AI & ML
2019,Aachen,Nordrhein-Westfalen,machine learning,Statistics and Data,DataMining,Both AI & ML
2019,Aachen,Nordrhein-Westfalen,analyse,Decision Making and Analytical,DecisionMaking,Both AI & ML
2019,Aachen,Nordrhein-Westfalen,zusammenarbeit,Decision Making and Analytical,Interpersonal,Both AI & ML
2019,Aachen,Nordrhein-Westfalen,mathematik,General,Numeracy,Both AI & ML
2019,Aachen,Nordrhein-Westfalen,machine learning,Statistics and Data,DataMining,Both AI & ML
2019,Aachen,Nordrhein-Westfalen,python,Occupational Attributes,Programming,Both AI & ML
2019,Aachen,Nordrhein-Westfalen,datenanalyse,General,Research,Both AI & ML
2019,Freiburg im Breisgau,Baden-Württemberg,implementierung,Decision Making and Analytical,DecisionMaking,Both AI & ML
2019,Freiburg im Breisgau,Baden-Württemberg,machine learning,Statistics and Data,DataMining,Both AI & ML
2019,Freiburg im Breisgau,Baden-Württemberg,machine learning,Statistics and Data,DataMining,Both AI & ML
2019,Freiburg im Breisgau,Baden-Württemberg,implementierung,Decision Making and Analytical,DecisionMaking,Both AI & ML
2019,Freiburg im Breisgau,Baden-Württemberg,datenanalyse,General,Research,Both AI & ML
2019,Freiburg im Breisgau,Baden-Württemberg,pandas,Statistics and Data,Statistics,Both AI & ML
2019,Freiburg im Breisgau,Baden-Württemberg,zusammenarbeit,Decision Making and Analytical,Interpersonal,Both AI & ML
2019,Freiburg im Breisgau,Baden-Württemberg,integration,Occupational Attributes,EnterpriseSystem,Both AI & ML
2019,Freiburg im Breisgau,Baden-Württemberg,python,Occupational Attributes,Programming,Both AI & ML
2019,Freiburg im Breisgau,Baden-Württemberg,machine learning,Statistics and Data,DataMining,Both AI & ML
2019,Freiburg im Breisgau,Baden-Württemberg,analyse,Decision Making and Analytical,DecisionMaking,Both AI & ML
2019,Freiburg im Breisgau,Baden-Württemberg,pandas,Statistics and Data,Statistics,Both AI & ML
2019,Stuttgart,Baden-Württemberg,spracherkennung,Generative AI,Multimodal,ML
2019,Stuttgart,Baden-Württemberg,spracherkennung,Generative AI,Multimodal,ML
2019,Stuttgart,Baden-Württemberg,implementierung,Decision Making and Analytical,DecisionMaking,ML
2019,Stuttgart,Baden-Württemberg,mathematik,General,Numeracy,ML
2019,Stuttgart,Baden-Württemberg,python,Occupational Attributes,Programming,ML
2019,München,Bayern,analyse,Decision Making and Analytical,DecisionMaking,Both AI & ML
2019,München,Bayern,analyse,Decision Making and Analytical,DecisionMaking,Both AI & ML
2019,München,Bayern,python,Occupational Attributes,Programming,Both AI & ML
2019,München,Bayern,sql,Statistics and Data,StructuredData,Both AI & ML
2019,München,Bayern,machine learning,Statistics and Data,DataMining,Both AI & ML
2019,München,Bayern,mathematik,General,Numeracy,Both AI & ML
2019,München,Bayern,statistik,Statistics and Data,Statistics,Both AI & ML
2019,München,Bayern,python,Occupational Attributes,Programming,Both AI & ML
2019,München,Bayern,sql,Statistics and Data,StructuredData,Both AI & ML
2019,München,Bayern,pandas,Statistics and Data,Statistics,Both AI & ML
2019,München,Bayern,machine learning,Statistics and Data,DataMining,Both AI & ML
2019,Berlin,Berlin,machine learning,Statistics and Data,DataMining,Both AI & ML
2019,Berlin,Berlin,python,Occupational Attributes,Programming,Both AI & ML
2019,Berlin,Berlin,machine learning,Statistics and Data,DataMining,Both AI & ML
2019,Berlin,Berlin,machine learning,Statistics and Data,DataMining,Both AI & ML
2019,Berlin,Berlin,machine learning,Statistics and Data,DataMining,Both AI & ML
2019,Berlin,Berlin,implementierung,Decision Making and Analytical,DecisionMaking,Both AI & ML
2019,Berlin,Berlin,datenanalyse,General,Research,Both AI & ML
2019,Berlin,Berlin,zusammenarbeit,Decision Making and Analytical,Interpersonal,Both AI & ML
2019,Berlin,Berlin,integration,Occupational Attributes,EnterpriseSystem,Both AI & ML
2019,Berlin,Berlin,machine learning,Statistics and Data,DataMining,Both AI & ML
2019,Berlin,Berlin,mathematik,General,Numeracy,Both AI & ML
2019,Berlin,Berlin,python,Occupational Attributes,Programming,Both AI & ML
2019,Berlin,Berlin,pandas,Statistics and Data,Statistics,Both AI & ML
2019,Berlin,Berlin,machine learning,Statistics and Data,DataMining,Both AI & ML
2019,Berlin,Berlin,sql,Statistics and Data,StructuredData,Both AI & ML
2019,Köln,Nordrhein-Westfalen,implementierung,Decision Making and Analytical,DecisionMaking,ML
2019,Köln,Nordrhein-Westfalen,zusammenarbeit,Decision Making and Analytical,Interpersonal,ML
2019,Köln,Nordrhein-Westfalen,design,Decision Making and Analytical,DecisionMaking,ML
2019,Köln,Nordrhein-Westfalen,zusammenarbeit,Decision Making and Analytical,Interpersonal,ML
2019,Köln,Nordrhein-Westfalen,implementierung,Decision Making and Analytical,DecisionMaking,ML
2019,Köln,Nordrhein-Westfalen,docker,MLOps,Tools,ML
2019,Köln,Nordrhein-Westfalen,sql,Statistics and Data,StructuredData,ML
2019,Köln,Nordrhein-Westfalen,kommunikation,Decision Making and Analytical,MSOffice,ML
2019,Berlin,Berlin,verantwortlich,Communication,Generic,Both AI & ML
2019,Berlin,Berlin,dokumentation,Decision Making and Analytical,MSOffice,Both AI & ML
2019,Berlin,Berlin,zusammenarbeit,Decision Making and Analytical,Interpersonal,Both AI & ML
2019,Berlin,Berlin,zusammenarbeit,Decision Making and Analytical,Interpersonal,Both AI & ML
2019,Berlin,Berlin,zusammenarbeit,Decision Making and Analytical,Interpersonal,Both AI & ML
2019,Berlin,Berlin,design,Decision Making and Analytical,DecisionMaking,Both AI & ML
2019,Berlin,Berlin,deutsch,General,ForeignLanguage,Both AI & ML
2019,Berlin,Berlin,englisch,General,ForeignLanguage,Both AI & ML
2019,München,Bayern,verantwortlich,Communication,Generic,ML
2019,München,Bayern,analyse,Decision Making and Analytical,DecisionMaking,ML
2019,München,Bayern,analyse,Decision Making and Analytical,DecisionMaking,ML
2019,München,Bayern,implementierung,Decision Making and Analytical,DecisionMaking,ML
2019,München,Bayern,prognose,Statistics and Data,DataMining,ML
2019,München,Bayern,zusammenarbeit,Decision Making and Analytical,Interpersonal,ML
2019,München,Bayern,tableau,Occupational Attributes,Visualization,ML
2019,München,Bayern,mathematik,General,Numeracy,ML
2019,München,Bayern,statistik,Statistics and Data,Statistics,ML
2019,München,Bayern,python,Occupational Attributes,Programming,ML
2019,München,Bayern,sql,Statistics and Data,StructuredData,ML
2019,München,Bayern,datenanalyse,General,Research,ML
2019,Köln,Nordrhein-Westfalen,machine learning,Statistics and Data,DataMining,Both AI & ML
2019,Köln,Nordrhein-Westfalen,implementierung,Decision Making and Analytical,DecisionMaking,Both AI & ML
2019,Köln,Nordrhein-Westfalen,vorhersage,Statistics and Data,DataMining,Both AI & ML
2019,Köln,Nordrhein-Westfalen,analyse,Decision Making and Analytical,DecisionMaking,Both AI & ML
2019,Köln,Nordrhein-Westfalen,zusammenarbeit,Decision Making and Analytical,Interpersonal,Both AI & ML
2019,Köln,Nordrhein-Westfalen,integration,Occupational Attributes,EnterpriseSystem,Both AI & ML
2019,Köln,Nordrhein-Westfalen,mathematik,General,Numeracy,Both AI & ML
2019,Köln,Nordrhein-Westfalen,machine learning,Statistics and Data,DataMining,Both AI & ML
2019,Köln,Nordrhein-Westfalen,python,Occupational Attributes,Programming,Both AI & ML
2019,Köln,Nordrhein-Westfalen,sql,Statistics and Data,StructuredData,Both AI & ML
2019,Köln,Nordrhein-Westfalen,big data,Statistics and Data,BigData,Both AI & ML
2019,Köln,Nordrhein-Westfalen,spark,Statistics and Data,BigData,Both AI & ML
2019,Köln,Nordrhein-Westfalen,hadoop,Statistics and Data,BigData,Both AI & ML
2019,München,Bayern,machine learning,Statistics and Data,DataMining,Both AI & ML
2019,München,Bayern,implementierung,Decision Making and Analytical,DecisionMaking,Both AI & ML
2019,München,Bayern,machine learning,Statistics and Data,DataMining,Both AI & ML
2019,München,Bayern,machine learning,Statistics and Data,DataMining,Both AI & ML
2019,München,Bayern,zusammenarbeit,Decision Making and Analytical,Interpersonal,Both AI & ML
2019,München,Bayern,mathematik,General,Numeracy,Both AI & ML
2019,München,Bayern,python,Occupational Attributes,Programming,Both AI & ML
2019,München,Bayern,modellbewertung,Generative AI,EvaluationMonitoring,Both AI & ML
2019,Köln,Nordrhein-Westfalen,machine learning,Statistics and Data,DataMining,Both AI & ML
2019,Köln,Nordrhein-Westfalen,machine learning,Statistics and Data,DataMining,Both AI & ML
2019,Köln,Nordrhein-Westfalen,statistik,Statistics and Data,Statistics,Both AI & ML
2019,Köln,Nordrhein-Westfalen,statistik,Statistics and Data,Statistics,Both AI & ML
2019,Köln,Nordrhein-Westfalen,python,Occupational Attributes,Programming,Both AI & ML
2019,Köln,Nordrhein-Westfalen,sql,Statistics and Data,StructuredData,Both AI & ML
2019,Köln,Nordrhein-Westfalen,big data,Statistics and Data,BigData,Both AI & ML
2019,Stuttgart,Baden-Württemberg,verantwortlich,Communication,Generic,Both AI & ML
2019,Stuttgart,Baden-Württemberg,analyse,Decision Making and Analytical,DecisionMaking,Both AI & ML
2019,Stuttgart,Baden-Württemberg,datenanalyse,General,Research,Both AI & ML
2019,Stuttgart,Baden-Württemberg,implementierung,Decision Making and Analytical,DecisionMaking,Both AI & ML
2019,Stuttgart,Baden-Württemberg,analyse,Decision Making and Analytical,DecisionMaking,Both AI & ML
2019,Stuttgart,Baden-Württemberg,python,Occupational Attributes,Programming,Both AI & ML
2019,Stuttgart,Baden-Württemberg,sql,Statistics and Data,StructuredData,Both AI & ML
2019,Stuttgart,Baden-Württemberg,machine learning,Statistics and Data,DataMining,Both AI & ML
2019,Stuttgart,Baden-Württemberg,zusammenarbeit,Decision Making and Analytical,Interpersonal,Both AI & ML
2019,Stuttgart,Baden-Württemberg,übersetzung,Specialized ML,NLP,Both AI & ML
2019,Stuttgart,Baden-Württemberg,implementierung,Decision Making and Analytical,DecisionMaking,Both AI & ML
2019,Stuttgart,Baden-Württemberg,mathematik,General,Numeracy,Both AI & ML
2019,Stuttgart,Baden-Württemberg,statistik,Statistics and Data,Statistics,Both AI & ML
2019,Stuttgart,Baden-Württemberg,pandas,Statistics and Data,Statistics,Both AI & ML
2019,Stuttgart,Baden-Württemberg,machine learning,Statistics and Data,DataMining,Both AI & ML
2019,Stuttgart,Baden-Württemberg,tableau,Occupational Attributes,Visualization,Both AI & ML
2019,Stuttgart,Baden-Württemberg,sql,Statistics and Data,StructuredData,Both AI & ML
2019,Stuttgart,Baden-Württemberg,nosql,Statistics and Data,BigData,Both AI & ML
2019,Stuttgart,Baden-Württemberg,big data,Statistics and Data,BigData,Both AI & ML
2019,Stuttgart,Baden-Württemberg,spark,Statistics and Data,BigData,Both AI & ML
2019,Stuttgart,Baden-Württemberg,hadoop,Statistics and Data,BigData,Both AI & ML
2019,Düsseldorf,Nordrhein-Westfalen,nlp,Specialized ML,NLP,Both AI & ML
2019,Düsseldorf,Nordrhein-Westfalen,analyse,Decision Making and Analytical,DecisionMaking,Both AI & ML
2019,Düsseldorf,Nordrhein-Westfalen,implementierung,Decision Making and Analytical,DecisionMaking,Both AI & ML
2019,Düsseldorf,Nordrhein-Westfalen,nlp,Specialized ML,NLP,Both AI & ML
2019,Düsseldorf,Nordrhein-Westfalen,zusammenarbeit,Decision Making and Analytical,Interpersonal,Both AI & ML
2019,Düsseldorf,Nordrhein-Westfalen,python,Occupational Attributes,Programming,Both AI & ML
2019,Düsseldorf,Nordrhein-Westfalen,sql,Statistics and Data,StructuredData,Both AI & ML
2019,Düsseldorf,Nordrhein-Westfalen,machine learning,Statistics and Data,DataMining,Both AI & ML
2019,Düsseldorf,Nordrhein-Westfalen,nlp,Specialized ML,NLP,Both AI & ML
2019,Kaiserslautern,Rheinland-Pfalz,planung,Data Engineering,Orchestration,AI
2019,Kaiserslautern,Rheinland-Pfalz,zusammenarbeit,Decision Making and Analytical,Interpersonal,AI
2019,Kaiserslautern,Rheinland-Pfalz,integration,Occupational Attributes,EnterpriseSystem,AI
2019,Kaiserslautern,Rheinland-Pfalz,planung,Data Engineering,Orchestration,AI
2019,Kaiserslautern,Rheinland-Pfalz,architektur,Occupational Attributes,Hardware,AI
2019,Köln,Nordrhein-Westfalen,analyse,Decision Making and Analytical,DecisionMaking,Both AI & ML
2019,Köln,Nordrhein-Westfalen,pandas,Statistics and Data,Statistics,Both AI & ML
2019,Köln,Nordrhein-Westfalen,zusammenarbeit,Decision Making and Analytical,Interpersonal,Both AI & ML
2019,Köln,Nordrhein-Westfalen,python,Occupational Attributes,Programming,Both AI & ML
2019,Köln,Nordrhein-Westfalen,pandas,Statistics and Data,Statistics,Both AI & ML
2019,Köln,Nordrhein-Westfalen,machine learning,Statistics and Data,DataMining,Both AI & ML
2019,Köln,Nordrhein-Westfalen,vorhersage,Statistics and Data,DataMining,Both AI & ML
2019,Köln,Nordrhein-Westfalen,datenanalyse,General,Research,Both AI & ML
2019,Köln,Nordrhein-Westfalen,python,Occupational Attributes,Programming,Both AI & ML
2019,Köln,Nordrhein-Westfalen,sql,Statistics and Data,StructuredData,Both AI & ML
2019,Köln,Nordrhein-Westfalen,zusammenarbeit,Decision Making and Analytical,Interpersonal,Both AI & ML
2019,Köln,Nordrhein-Westfalen,implementierung,Decision Making and Analytical,DecisionMaking,Both AI & ML
2019,Köln,Nordrhein-Westfalen,kommunikation,Decision Making and Analytical,MSOffice,Both AI & ML
2019,Köln,Nordrhein-Westfalen,mathematik,General,Numeracy,Both AI & ML
2019,Köln,Nordrhein-Westfalen,datenanalyse,General,Research,Both AI & ML
2019,Köln,Nordrhein-Westfalen,python,Occupational Attributes,Programming,Both AI & ML
2019,Köln,Nordrhein-Westfalen,sql,Statistics and Data,StructuredData,Both AI & ML
2019,Köln,Nordrhein-Westfalen,machine learning,Statistics and Data,DataMining,Both AI & ML
2019,Köln,Nordrhein-Westfalen,analyse,Decision Making and Analytical,DecisionMaking,AI
2019,Köln,Nordrhein-Westfalen,implementierung,Decision Making and Analytical,DecisionMaking,AI
2019,Köln,Nordrhein-Westfalen,analyse,Decision Making and Analytical,DecisionMaking,AI
2019,Köln,Nordrhein-Westfalen,implementierung,Decision Making and Analytical,DecisionMaking,AI
2019,Köln,Nordrhein-Westfalen,big data,Statistics and Data,BigData,AI
2019,Köln,Nordrhein-Westfalen,big data,Statistics and Data,BigData,AI
2019,Dresden,Sachsen,planung,Data Engineering,Orchestration,ML
2019,Dresden,Sachsen,implementierung,Decision Making and Analytical,DecisionMaking,ML
2019,Dresden,Sachsen,datenanalyse,General,Research,ML
2019,Dresden,Sachsen,zusammenarbeit,Decision Making and Analytical,Interpersonal,ML
2019,Dresden,Sachsen,python,Occupational Attributes,Programming,ML
2019,Stuttgart,Baden-Württemberg,integration,Occupational Attributes,EnterpriseSystem,Both AI & ML
2019,Stuttgart,Baden-Württemberg,machine learning,Statistics and Data,DataMining,Both AI & ML
2019,Stuttgart,Baden-Württemberg,implementierung,Decision Making and Analytical,DecisionMaking,Both AI & ML
2019,Stuttgart,Baden-Württemberg,machine learning,Statistics and Data,DataMining,Both AI & ML
2019,Stuttgart,Baden-Württemberg,analyse,Decision Making and Analytical,DecisionMaking,Both AI & ML
2019,Stuttgart,Baden-Württemberg,python,Occupational Attributes,Programming,Both AI & ML
2019,Stuttgart,Baden-Württemberg,sql,Statistics and Data,StructuredData,Both AI & ML
2019,Stuttgart,Baden-Württemberg,integration,Occupational Attributes,EnterpriseSystem,Both AI & ML
2019,Stuttgart,Baden-Württemberg,zusammenarbeit,Decision Making and Analytical,Interpersonal,Both AI & ML
2019,Stuttgart,Baden-Württemberg,implementierung,Decision Making and Analytical,DecisionMaking,Both AI & ML
2019,Stuttgart,Baden-Württemberg,machine learning,Statistics and Data,DataMining,Both AI & ML
2019,Stuttgart,Baden-Württemberg,python,Occupational Attributes,Programming,Both AI & ML
2019,Stuttgart,Baden-Württemberg,analyse,Decision Making and Analytical,DecisionMaking,Both AI & ML
2019,Stuttgart,Baden-Württemberg,pandas,Statistics and Data,Statistics,Both AI & ML
2019,Stuttgart,Baden-Württemberg,big data,Statistics and Data,BigData,Both AI & ML
2019,Stuttgart,Baden-Württemberg,spark,Statistics and Data,BigData,Both AI & ML
2019,Stuttgart,Baden-Württemberg,hadoop,Statistics and Data,BigData,Both AI & ML
2019,Köln,Nordrhein-Westfalen,machine learning,Statistics and Data,DataMining,Both AI & ML
2019,Köln,Nordrhein-Westfalen,implementierung,Decision Making and Analytical,DecisionMaking,Both AI & ML
2019,Köln,Nordrhein-Westfalen,machine learning,Statistics and Data,DataMining,Both AI & ML
2019,Köln,Nordrhein-Westfalen,analyse,Decision Making and Analytical,DecisionMaking,Both AI & ML
2019,Köln,Nordrhein-Westfalen,mathematik,General,Numeracy,Both AI & ML
2019,Köln,Nordrhein-Westfalen,python,Occupational Attributes,Programming,Both AI & ML
2019,Köln,Nordrhein-Westfalen,sql,Statistics and Data,StructuredData,Both AI & ML
2019,Köln,Nordrhein-Westfalen,machine learning,Statistics and Data,DataMining,Both AI & ML
2019,Köln,Nordrhein-Westfalen,big data,Statistics and Data,BigData,Both AI & ML
2019,Köln,Nordrhein-Westfalen,spark,Statistics and Data,BigData,Both AI & ML
2019,Köln,Nordrhein-Westfalen,hadoop,Statistics and Data,BigData,Both AI & ML
2019,Ulm,Baden-Württemberg,implementierung,Decision Making and Analytical,DecisionMaking,Both AI & ML
2019,Ulm,Baden-Württemberg,machine learning,Statistics and Data,DataMining,Both AI & ML
2019,Ulm,Baden-Württemberg,analyse,Decision Making and Analytical,DecisionMaking,Both AI & ML
2019,Ulm,Baden-Württemberg,pandas,Statistics and Data,Statistics,Both AI & ML
2019,Ulm,Baden-Württemberg,sql,Statistics and Data,StructuredData,Both AI & ML
2019,Ulm,Baden-Württemberg,integration,Occupational Attributes,EnterpriseSystem,Both AI & ML
2019,Ulm,Baden-Württemberg,zusammenarbeit,Decision Making and Analytical,Interpersonal,Both AI & ML
2019,Ulm,Baden-Württemberg,mathematik,General,Numeracy,Both AI & ML
2019,Ulm,Baden-Württemberg,statistik,Statistics and Data,Statistics,Both AI & ML
2019,Ulm,Baden-Württemberg,python,Occupational Attributes,Programming,Both AI & ML
2019,Ulm,Baden-Württemberg,machine learning,Statistics and Data,DataMining,Both AI & ML
2019,Memmingen,Bayern,verantwortlich,Communication,Generic,Both AI & ML
2019,Memmingen,Bayern,implementierung,Decision Making and Analytical,DecisionMaking,Both AI & ML
2019,Memmingen,Bayern,integration,Occupational Attributes,EnterpriseSystem,Both AI & ML
2019,Memmingen,Bayern,implementierung,Decision Making and Analytical,DecisionMaking,Both AI & ML
2019,Memmingen,Bayern,zusammenarbeit,Decision Making and Analytical,Interpersonal,Both AI & ML
2019,Memmingen,Bayern,integration,Occupational Attributes,EnterpriseSystem,Both AI & ML
2019,Memmingen,Bayern,python,Occupational Attributes,Programming,Both AI & ML
2019,Memmingen,Bayern,sql,Statistics and Data,StructuredData,Both AI & ML
2019,Memmingen,Bayern,machine learning,Statistics and Data,DataMining,Both AI & ML
2019,Memmingen,Bayern,aws,Cloud Platforms,AWS,Both AI & ML
2019,Memmingen,Bayern,azure,Cloud Platforms,Azure,Both AI & ML
2019,Duisburg,Nordrhein-Westfalen,sap,Occupational Attributes,EnterpriseSystem,Both AI & ML
2019,Duisburg,Nordrhein-Westfalen,implementierung,Decision Making and Analytical,DecisionMaking,Both AI & ML
2019,Duisburg,Nordrhein-Westfalen,sap,Occupational Attributes,EnterpriseSystem,Both AI & ML
2019,Duisburg,Nordrhein-Westfalen,machine learning,Statistics and Data,DataMining,Both AI & ML
2019,Duisburg,Nordrhein-Westfalen,implementierung,Decision Making and Analytical,DecisionMaking,Both AI & ML
2019,Duisburg,Nordrhein-Westfalen,sap,Occupational Attributes,EnterpriseSystem,Both AI & ML
2019,Duisburg,Nordrhein-Westfalen,machine learning,Statistics and Data,DataMining,Both AI & ML
2019,Duisburg,Nordrhein-Westfalen,datenanalyse,General,Research,Both AI & ML
2019,Duisburg,Nordrhein-Westfalen,vorhersage,Statistics and Data,DataMining,Both AI & ML
2019,Duisburg,Nordrhein-Westfalen,sap,Occupational Attributes,EnterpriseSystem,Both AI & ML
2019,Duisburg,Nordrhein-Westfalen,sap,Occupational Attributes,EnterpriseSystem,Both AI & ML
2019,Duisburg,Nordrhein-Westfalen,machine learning,Statistics and Data,DataMining,Both AI & ML
2019,Duisburg,Nordrhein-Westfalen,python,Occupational Attributes,Programming,Both AI & ML
2019,Duisburg,Nordrhein-Westfalen,sql,Statistics and Data,StructuredData,Both AI & ML
2019,Duisburg,Nordrhein-Westfalen,analyse,Decision Making and Analytical,DecisionMaking,Both AI & ML
2019,Duisburg,Nordrhein-Westfalen,pandas,Statistics and Data,Statistics,Both AI & ML
2019,Berlin,Berlin,verantwortlich,Communication,Generic,Both AI & ML
2019,Berlin,Berlin,analyse,Decision Making and Analytical,DecisionMaking,Both AI & ML
2019,Berlin,Berlin,implementierung,Decision Making and Analytical,DecisionMaking,Both AI & ML
2019,Berlin,Berlin,zusammenarbeit,Decision Making and Analytical,Interpersonal,Both AI & ML
2019,Berlin,Berlin,mathematik,General,Numeracy,Both AI & ML
2019,Berlin,Berlin,statistik,Statistics and Data,Statistics,Both AI & ML
2019,Berlin,Berlin,python,Occupational Attributes,Programming,Both AI & ML
2019,Berlin,Berlin,sql,Statistics and Data,StructuredData,Both AI & ML
2019,Berlin,Berlin,machine learning,Statistics and Data,DataMining,Both AI & ML
2019,Berlin,Berlin,kommunikation,Decision Making and Analytical,MSOffice,Both AI & ML
2019,Kempten,Bayern,machine learning,Statistics and Data,DataMining,Both AI & ML
2019,Kempten,Bayern,analyse,Decision Making and Analytical,DecisionMaking,Both AI & ML
2019,Kempten,Bayern,machine learning,Statistics and Data,DataMining,Both AI & ML
2019,Kempten,Bayern,datenanalyse,General,Research,Both AI & ML
2019,Kempten,Bayern,python,Occupational Attributes,Programming,Both AI & ML
2019,Kempten,Bayern,sql,Statistics and Data,StructuredData,Both AI & ML
2019,Kempten,Bayern,statistik,Statistics and Data,Statistics,Both AI & ML
2019,Kempten,Bayern,zusammenarbeit,Decision Making and Analytical,Interpersonal,Both AI & ML
2019,Kempten,Bayern,implementierung,Decision Making and Analytical,DecisionMaking,Both AI & ML
2019,Kempten,Bayern,machine learning,Statistics and Data,DataMining,Both AI & ML
2019,Kempten,Bayern,mathematik,General,Numeracy,Both AI & ML
2019,Kempten,Bayern,python,Occupational Attributes,Programming,Both AI & ML
2019,Kempten,Bayern,pandas,Statistics and Data,Statistics,Both AI & ML
2019,Kempten,Bayern,sql,Statistics and Data,StructuredData,Both AI & ML
2019,Kempten,Bayern,analyse,Decision Making and Analytical,DecisionMaking,Both AI & ML
2019,Kempten,Bayern,modellbewertung,Generative AI,EvaluationMonitoring,Both AI & ML
2019,Köln,Nordrhein-Westfalen,big data,Statistics and Data,BigData,AI
2019,Köln,Nordrhein-Westfalen,big data,Statistics and Data,BigData,AI
2019,Köln,Nordrhein-Westfalen,analyse,Decision Making and Analytical,DecisionMaking,AI
2019,Köln,Nordrhein-Westfalen,integration,Occupational Attributes,EnterpriseSystem,AI
2019,Köln,Nordrhein-Westfalen,implementierung,Decision Making and Analytical,DecisionMaking,AI
2019,Köln,Nordrhein-Westfalen,big data,Statistics and Data,BigData,AI
2019,Köln,Nordrhein-Westfalen,spark,Statistics and Data,BigData,AI
2019,Köln,Nordrhein-Westfalen,hadoop,Statistics and Data,BigData,AI
2019,Köln,Nordrhein-Westfalen,analyse,Decision Making and Analytical,DecisionMaking,AI
2019,Köln,Nordrhein-Westfalen,pandas,Statistics and Data,Statistics,AI
2019,Köln,Nordrhein-Westfalen,sql,Statistics and Data,StructuredData,AI
2019,Köln,Nordrhein-Westfalen,integration,Occupational Attributes,EnterpriseSystem,AI
2019,Köln,Nordrhein-Westfalen,zusammenarbeit,Decision Making and Analytical,Interpersonal,AI
2019,Köln,Nordrhein-Westfalen,mathematik,General,Numeracy,AI
2019,Köln,Nordrhein-Westfalen,big data,Statistics and Data,BigData,AI
2019,Köln,Nordrhein-Westfalen,spark,Statistics and Data,BigData,AI
2019,Köln,Nordrhein-Westfalen,hadoop,Statistics and Data,BigData,AI
2019,Köln,Nordrhein-Westfalen,python,Occupational Attributes,Programming,AI
2019,Köln,Nordrhein-Westfalen,sql,Statistics and Data,StructuredData,AI
2019,München,Bayern,big data,Statistics and Data,BigData,Both AI & ML
2019,München,Bayern,big data,Statistics and Data,BigData,Both AI & ML
2019,München,Bayern,analyse,Decision Making and Analytical,DecisionMaking,Both AI & ML
2019,München,Bayern,integration,Occupational Attributes,EnterpriseSystem,Both AI & ML
2019,München,Bayern,machine learning,Statistics and Data,DataMining,Both AI & ML
2019,München,Bayern,implementierung,Decision Making and Analytical,DecisionMaking,Both AI & ML
2019,München,Bayern,big data,Statistics and Data,BigData,Both AI & ML
2019,München,Bayern,spark,Statistics and Data,BigData,Both AI & ML
2019,München,Bayern,hadoop,Statistics and Data,BigData,Both AI & ML
2019,München,Bayern,machine learning,Statistics and Data,DataMining,Both AI & ML
2019,München,Bayern,datenanalyse,General,Research,Both AI & ML
2019,München,Bayern,prognose,Statistics and Data,DataMining,Both AI & ML
2019,München,Bayern,zusammenarbeit,Decision Making and Analytical,Interpersonal,Both AI & ML
2019,München,Bayern,integration,Occupational Attributes,EnterpriseSystem,Both AI & ML
2019,München,Bayern,pandas,Statistics and Data,Statistics,Both AI & ML
2019,München,Bayern,mathematik,General,Numeracy,Both AI & ML
2019,München,Bayern,python,Occupational Attributes,Programming,Both AI & ML
2019,München,Bayern,sql,Statistics and Data,StructuredData,Both AI & ML
2019,München,Bayern,machine learning,Statistics and Data,DataMining,Both AI & ML
2019,München,Bayern,big data,Statistics and Data,BigData,Both AI & ML
2019,München,Bayern,spark,Statistics and Data,BigData,Both AI & ML
2019,München,Bayern,hadoop,Statistics and Data,BigData,Both AI & ML
2019,München,Bayern,zusammenarbeit,Decision Making and Analytical,Interpersonal,Both AI & ML
2019,Köln,Nordrhein-Westfalen,big data,Statistics and Data,BigData,AI
2019,Köln,Nordrhein-Westfalen,big data,Statistics and Data,BigData,AI
2019,Köln,Nordrhein-Westfalen,spark,Statistics and Data,BigData,AI
2019,Köln,Nordrhein-Westfalen,hadoop,Statistics and Data,BigData,AI
2019,Köln,Nordrhein-Westfalen,python,Occupational Attributes,Programming,AI
2019,Köln,Nordrhein-Westfalen,java,Occupational Attributes,Programming,AI
2019,Köln,Nordrhein-Westfalen,aws,Cloud Platforms,AWS,AI
2019,Köln,Nordrhein-Westfalen,azure,Cloud Platforms,Azure,AI
2019,Münster,Nordrhein-Westfalen,verantwortlich,Communication,Generic,ML
2019,Münster,Nordrhein-Westfalen,analyse,Decision Making and Analytical,DecisionMaking,ML
2019,Münster,Nordrhein-Westfalen,analyse,Decision Making and Analytical,DecisionMaking,ML
2019,Münster,Nordrhein-Westfalen,zusammenarbeit,Decision Making and Analytical,Interpersonal,ML
2019,Münster,Nordrhein-Westfalen,implementierung,Decision Making and Analytical,DecisionMaking,ML
2019,Münster,Nordrhein-Westfalen,sql,Statistics and Data,StructuredData,ML
2019,Münster,Nordrhein-Westfalen,zusammenarbeit,Decision Making and Analytical,Interpersonal,ML
2019,Köln,Nordrhein-Westfalen,implementierung,Decision Making and Analytical,DecisionMaking,AI
2019,Köln,Nordrhein-Westfalen,integration,Occupational Attributes,EnterpriseSystem,AI
2019,Köln,Nordrhein-Westfalen,datenanalyse,General,Research,AI
2019,Köln,Nordrhein-Westfalen,zusammenarbeit,Decision Making and Analytical,Interpersonal,AI
2019,Köln,Nordrhein-Westfalen,sql,Statistics and Data,StructuredData,AI
2019,Köln,Nordrhein-Westfalen,python,Occupational Attributes,Programming,AI
2019,Köln,Nordrhein-Westfalen,python,Occupational Attributes,Programming,AI
2019,Köln,Nordrhein-Westfalen,sql,Statistics and Data,StructuredData,AI
2019,Köln,Nordrhein-Westfalen,datenanalyse,General,Research,AI
2019,Köln,Nordrhein-Westfalen,pandas,Statistics and Data,Statistics,AI
2019,Köln,Nordrhein-Westfalen,sql,Statistics and Data,StructuredData,AI
2019,Köln,Nordrhein-Westfalen,nosql,Statistics and Data,BigData,AI
2019,Köln,Nordrhein-Westfalen,big data,Statistics and Data,BigData,AI
2019,Köln,Nordrhein-Westfalen,spark,Statistics and Data,BigData,AI
2019,Köln,Nordrhein-Westfalen,hadoop,Statistics and Data,BigData,AI
2019,Frankfurt am Main,Hessen,verantwortlich,Communication,Generic,Both AI & ML
2019,Frankfurt am Main,Hessen,analyse,Decision Making and Analytical,DecisionMaking,Both AI & ML
2019,Frankfurt am Main,Hessen,machine learning,Statistics and Data,DataMining,Both AI & ML
2019,Frankfurt am Main,Hessen,prognose,Statistics and Data,DataMining,Both AI & ML
2019,Frankfurt am Main,Hessen,analyse,Decision Making and Analytical,DecisionMaking,Both AI & ML
2019,Frankfurt am Main,Hessen,python,Occupational Attributes,Programming,Both AI & ML
2019,Frankfurt am Main,Hessen,sql,Statistics and Data,StructuredData,Both AI & ML
2019,Frankfurt am Main,Hessen,implementierung,Decision Making and Analytical,DecisionMaking,Both AI & ML
2019,Frankfurt am Main,Hessen,tableau,Occupational Attributes,Visualization,Both AI & ML
2019,Frankfurt am Main,Hessen,mathematik,General,Numeracy,Both AI & ML
2019,Frankfurt am Main,Hessen,statistik,Statistics and Data,Statistics,Both AI & ML
2019,Frankfurt am Main,Hessen,machine learning,Statistics and Data,DataMining,Both AI & ML
2019,Frankfurt am Main,Hessen,python,Occupational Attributes,Programming,Both AI & ML
2019,Frankfurt am Main,Hessen,sql,Statistics and Data,StructuredData,Both AI & ML
2019,Frankfurt am Main,Hessen,pandas,Statistics and Data,Statistics,Both AI & ML
2019,Frankfurt am Main,Hessen,big data,Statistics and Data,BigData,Both AI & ML
2019,Frankfurt am Main,Hessen,spark,Statistics and Data,BigData,Both AI & ML
2019,Frankfurt am Main,Hessen,hadoop,Statistics and Data,BigData,Both AI & ML
2019,Köln,Nordrhein-Westfalen,analyse,Decision Making and Analytical,DecisionMaking,Both AI & ML
2019,Köln,Nordrhein-Westfalen,python,Occupational Attributes,Programming,Both AI & ML
2019,Köln,Nordrhein-Westfalen,sql,Statistics and Data,StructuredData,Both AI & ML
2019,Köln,Nordrhein-Westfalen,machine learning,Statistics and Data,DataMining,Both AI & ML
2019,Köln,Nordrhein-Westfalen,implementierung,Decision Making and Analytical,DecisionMaking,Both AI & ML
2019,Köln,Nordrhein-Westfalen,zusammenarbeit,Decision Making and Analytical,Interpersonal,Both AI & ML
2019,Köln,Nordrhein-Westfalen,mathematik,General,Numeracy,Both AI & ML
2019,Köln,Nordrhein-Westfalen,statistik,Statistics and Data,Statistics,Both AI & ML
2019,Köln,Nordrhein-Westfalen,python,Occupational Attributes,Programming,Both AI & ML
2019,Köln,Nordrhein-Westfalen,sql,Statistics and Data,StructuredData,Both AI & ML
2019,Köln,Nordrhein-Westfalen,machine learning,Statistics and Data,DataMining,Both AI & ML
2019,Köln,Nordrhein-Westfalen,modellbewertung,Generative AI,EvaluationMonitoring,Both AI & ML
2019,Köln,Nordrhein-Westfalen,kommunikation,Decision Making and Analytical,MSOffice,Both AI & ML
2019,Saarbrücken,Saarland,implementierung,Decision Making and Analytical,DecisionMaking,Both AI & ML
2019,Saarbrücken,Saarland,python,Occupational Attributes,Programming,Both AI & ML
2019,Saarbrücken,Saarland,sql,Statistics and Data,StructuredData,Both AI & ML
2019,Saarbrücken,Saarland,machine learning,Statistics and Data,DataMining,Both AI & ML
2019,Frankfurt am Main,Hessen,implementierung,Decision Making and Analytical,DecisionMaking,Both AI & ML
2019,Frankfurt am Main,Hessen,vorhersage,Statistics and Data,DataMining,Both AI & ML
2019,Frankfurt am Main,Hessen,zusammenarbeit,Decision Making and Analytical,Interpersonal,Both AI & ML
2019,Frankfurt am Main,Hessen,integration,Occupational Attributes,EnterpriseSystem,Both AI & ML
2019,Frankfurt am Main,Hessen,datenanalyse,General,Research,Both AI & ML
2019,Frankfurt am Main,Hessen,python,Occupational Attributes,Programming,Both AI & ML
2019,Frankfurt am Main,Hessen,sql,Statistics and Data,StructuredData,Both AI & ML
2019,Frankfurt am Main,Hessen,tableau,Occupational Attributes,Visualization,Both AI & ML
2019,Frankfurt am Main,Hessen,mathematik,General,Numeracy,Both AI & ML
2019,Frankfurt am Main,Hessen,python,Occupational Attributes,Programming,Both AI & ML
2019,Frankfurt am Main,Hessen,sql,Statistics and Data,StructuredData,Both AI & ML
2019,Frankfurt am Main,Hessen,datenanalyse,General,Research,Both AI & ML
2019,Frankfurt am Main,Hessen,pandas,Statistics and Data,Statistics,Both AI & ML
2019,Frankfurt am Main,Hessen,big data,Statistics and Data,BigData,Both AI & ML
2019,Frankfurt am Main,Hessen,spark,Statistics and Data,BigData,Both AI & ML
2019,Frankfurt am Main,Hessen,hadoop,Statistics and Data,BigData,Both AI & ML
2019,Köln,Nordrhein-Westfalen,nlp,Specialized ML,NLP,Both AI & ML
2019,Köln,Nordrhein-Westfalen,nlp,Specialized ML,NLP,Both AI & ML
2019,Köln,Nordrhein-Westfalen,machine learning,Statistics and Data,DataMining,Both AI & ML
2019,Köln,Nordrhein-Westfalen,zusammenarbeit,Decision Making and Analytical,Interpersonal,Both AI & ML
2019,Köln,Nordrhein-Westfalen,implementierung,Decision Making and Analytical,DecisionMaking,Both AI & ML
2019,Köln,Nordrhein-Westfalen,python,Occupational Attributes,Programming,Both AI & ML
2019,Köln,Nordrhein-Westfalen,nlp,Specialized ML,NLP,Both AI & ML
2019,Köln,Nordrhein-Westfalen,machine learning,Statistics and Data,DataMining,Both AI & ML
2019,Köln,Nordrhein-Westfalen,big data,Statistics and Data,BigData,Both AI & ML
2019,Köln,Nordrhein-Westfalen,spark,Statistics and Data,BigData,Both AI & ML
2019,Köln,Nordrhein-Westfalen,hadoop,Statistics and Data,BigData,Both AI & ML
2019,Köln,Nordrhein-Westfalen,sql,Statistics and Data,StructuredData,Both AI & ML
2019,Köln,Nordrhein-Westfalen,datenanalyse,General,Research,Both AI & ML
2019,Dresden,Sachsen,machine learning,Statistics and Data,DataMining,Both AI & ML
2019,Dresden,Sachsen,machine learning,Statistics and Data,DataMining,Both AI & ML
2019,Dresden,Sachsen,implementierung,Decision Making and Analytical,DecisionMaking,Both AI & ML
2019,Dresden,Sachsen,machine learning,Statistics and Data,DataMining,Both AI & ML
2019,Dresden,Sachsen,analyse,Decision Making and Analytical,DecisionMaking,Both AI & ML
2019,Dresden,Sachsen,python,Occupational Attributes,Programming,Both AI & ML
2019,Dresden,Sachsen,sql,Statistics and Data,StructuredData,Both AI & ML
2019,Dresden,Sachsen,pandas,Statistics and Data,Statistics,Both AI & ML
2019,Dresden,Sachsen,integration,Occupational Attributes,EnterpriseSystem,Both AI & ML
2019,Dresden,Sachsen,machine learning,Statistics and Data,DataMining,Both AI & ML
2019,Dresden,Sachsen,mathematik,General,Numeracy,Both AI & ML
2019,Dresden,Sachsen,python,Occupational Attributes,Programming,Both AI & ML
2019,Dresden,Sachsen,sql,Statistics and Data,StructuredData,Both AI & ML
2019,Dresden,Sachsen,machine learning,Statistics and Data,DataMining,Both AI & ML
2019,Dresden,Sachsen,deutsch,General,ForeignLanguage,Both AI & ML
2019,Reutlingen,Baden-Württemberg,machine learning,Statistics and Data,DataMining,Both AI & ML
2019,Reutlingen,Baden-Württemberg,implementierung,Decision Making and Analytical,DecisionMaking,Both AI & ML
2019,Reutlingen,Baden-Württemberg,machine learning,Statistics and Data,DataMining,Both AI & ML
2019,Reutlingen,Baden-Württemberg,zusammenarbeit,Decision Making and Analytical,Interpersonal,Both AI & ML
2019,Reutlingen,Baden-Württemberg,machine learning,Statistics and Data,DataMining,Both AI & ML
2019,Reutlingen,Baden-Württemberg,python,Occupational Attributes,Programming,Both AI & ML
2019,Reutlingen,Baden-Württemberg,sql,Statistics and Data,StructuredData,Both AI & ML
2019,Münster,Nordrhein-Westfalen,machine learning,Statistics and Data,DataMining,Both AI & ML
2019,Münster,Nordrhein-Westfalen,machine learning,Statistics and Data,DataMining,Both AI & ML
2019,Münster,Nordrhein-Westfalen,machine learning,Statistics and Data,DataMining,Both AI & ML
2019,Münster,Nordrhein-Westfalen,machine learning,Statistics and Data,DataMining,Both AI & ML
2019,Münster,Nordrhein-Westfalen,analyse,Decision Making and Analytical,DecisionMaking,Both AI & ML
2019,Münster,Nordrhein-Westfalen,python,Occupational Attributes,Programming,Both AI & ML
2019,Münster,Nordrhein-Westfalen,sql,Statistics and Data,StructuredData,Both AI & ML
2019,Münster,Nordrhein-Westfalen,pandas,Statistics and Data,Statistics,Both AI & ML
2019,Münster,Nordrhein-Westfalen,implementierung,Decision Making and Analytical,DecisionMaking,Both AI & ML
2019,Münster,Nordrhein-Westfalen,mathematik,General,Numeracy,Both AI & ML
2019,Münster,Nordrhein-Westfalen,statistik,Statistics and Data,Statistics,Both AI & ML
2019,Münster,Nordrhein-Westfalen,machine learning,Statistics and Data,DataMining,Both AI & ML
2019,Münster,Nordrhein-Westfalen,python,Occupational Attributes,Programming,Both AI & ML
2019,Münster,Nordrhein-Westfalen,sql,Statistics and Data,StructuredData,Both AI & ML
2019,Münster,Nordrhein-Westfalen,big data,Statistics and Data,BigData,Both AI & ML
2019,Münster,Nordrhein-Westfalen,spark,Statistics and Data,BigData,Both AI & ML
2019,Münster,Nordrhein-Westfalen,hadoop,Statistics and Data,BigData,Both AI & ML
2019,Münster,Nordrhein-Westfalen,analyse,Decision Making and Analytical,DecisionMaking,Both AI & ML
2019,München,Bayern,machine learning,Statistics and Data,DataMining,Both AI & ML
2019,München,Bayern,excel,Decision Making and Analytical,MSOffice,Both AI & ML
2019,München,Bayern,c #,Occupational Attributes,Programming,Both AI & ML
2019,München,Bayern,c + +,Occupational Attributes,Programming,Both AI & ML
2019,München,Bayern,python,Occupational Attributes,Programming,Both AI & ML
2019,München,Bayern,machine learning,Statistics and Data,DataMining,Both AI & ML
2019,München,Bayern,integration,Occupational Attributes,EnterpriseSystem,Both AI & ML
2019,München,Bayern,python,Occupational Attributes,Programming,Both AI & ML
2019,München,Bayern,c + +,Occupational Attributes,Programming,Both AI & ML
2019,München,Bayern,machine learning,Statistics and Data,DataMining,Both AI & ML
2019,Stuttgart,Baden-Württemberg,verantwortlich,Communication,Generic,Both AI & ML
2019,Stuttgart,Baden-Württemberg,analyse,Decision Making and Analytical,DecisionMaking,Both AI & ML
2019,Stuttgart,Baden-Württemberg,implementierung,Decision Making and Analytical,DecisionMaking,Both AI & ML
2019,Stuttgart,Baden-Württemberg,machine learning,Statistics and Data,DataMining,Both AI & ML
2019,Stuttgart,Baden-Württemberg,prognose,Statistics and Data,DataMining,Both AI & ML
2019,Stuttgart,Baden-Württemberg,python,Occupational Attributes,Programming,Both AI & ML
2019,Stuttgart,Baden-Württemberg,sql,Statistics and Data,StructuredData,Both AI & ML
2019,Stuttgart,Baden-Württemberg,zusammenarbeit,Decision Making and Analytical,Interpersonal,Both AI & ML
2019,Stuttgart,Baden-Württemberg,integration,Occupational Attributes,EnterpriseSystem,Both AI & ML
2019,Stuttgart,Baden-Württemberg,mathematik,General,Numeracy,Both AI & ML
2019,Stuttgart,Baden-Württemberg,statistik,Statistics and Data,Statistics,Both AI & ML
2019,Stuttgart,Baden-Württemberg,machine learning,Statistics and Data,DataMining,Both AI & ML
2019,Stuttgart,Baden-Württemberg,python,Occupational Attributes,Programming,Both AI & ML
2019,Stuttgart,Baden-Württemberg,sql,Statistics and Data,StructuredData,Both AI & ML
2019,Berlin,Berlin,analyse,Decision Making and Analytical,DecisionMaking,Both AI & ML
2019,Berlin,Berlin,machine learning,Statistics and Data,DataMining,Both AI & ML
2019,Berlin,Berlin,architektur,Occupational Attributes,Hardware,Both AI & ML
2019,Berlin,Berlin,analyse,Decision Making and Analytical,DecisionMaking,Both AI & ML
2019,Berlin,Berlin,pandas,Statistics and Data,Statistics,Both AI & ML
2019,Berlin,Berlin,sql,Statistics and Data,StructuredData,Both AI & ML
2019,Berlin,Berlin,machine learning,Statistics and Data,DataMining,Both AI & ML
2019,Berlin,Berlin,zusammenarbeit,Decision Making and Analytical,Interpersonal,Both AI & ML
2019,Berlin,Berlin,mathematik,General,Numeracy,Both AI & ML
2019,Berlin,Berlin,python,Occupational Attributes,Programming,Both AI & ML
2019,Berlin,Berlin,sql,Statistics and Data,StructuredData,Both AI & ML
2019,Berlin,Berlin,machine learning,Statistics and Data,DataMining,Both AI & ML
2019,Berlin,Berlin,modellbewertung,Generative AI,EvaluationMonitoring,Both AI & ML
2019,Berlin,Berlin,big data,Statistics and Data,BigData,Both AI & ML
2019,Berlin,Berlin,spark,Statistics and Data,BigData,Both AI & ML
2019,Berlin,Berlin,hadoop,Statistics and Data,BigData,Both AI & ML
2019,Frankfurt am Main,Hessen,machine learning,Statistics and Data,DataMining,Both AI & ML
2019,Frankfurt am Main,Hessen,machine learning,Statistics and Data,DataMining,Both AI & ML
2019,Frankfurt am Main,Hessen,nlp,Specialized ML,NLP,Both AI & ML
2019,Frankfurt am Main,Hessen,zusammenarbeit,Decision Making and Analytical,Interpersonal,Both AI & ML
2019,Frankfurt am Main,Hessen,mathematik,General,Numeracy,Both AI & ML
2019,Frankfurt am Main,Hessen,statistik,Statistics and Data,Statistics,Both AI & ML
2019,Frankfurt am Main,Hessen,python,Occupational Attributes,Programming,Both AI & ML
2019,Frankfurt am Main,Hessen,sql,Statistics and Data,StructuredData,Both AI & ML
2019,Frankfurt am Main,Hessen,datenanalyse,General,Research,Both AI & ML
2019,Frankfurt am Main,Hessen,machine learning,Statistics and Data,DataMining,Both AI & ML
2019,Frankfurt am Main,Hessen,nlp,Specialized ML,NLP,Both AI & ML
2019,Walldorf,Baden-Württemberg,verantwortlich,Communication,Generic,ML
2019,Walldorf,Baden-Württemberg,zusammenarbeit,Decision Making and Analytical,Interpersonal,ML
2019,Walldorf,Baden-Württemberg,implementierung,Decision Making and Analytical,DecisionMaking,ML
2019,Walldorf,Baden-Württemberg,analyse,Decision Making and Analytical,DecisionMaking,ML
2019,Walldorf,Baden-Württemberg,sql,Statistics and Data,StructuredData,ML
2019,Walldorf,Baden-Württemberg,sql,Statistics and Data,StructuredData,ML
2019,Walldorf,Baden-Württemberg,python,Occupational Attributes,Programming,ML
2019,Walldorf,Baden-Württemberg,sql,Statistics and Data,StructuredData,ML
2019,Stuttgart,Baden-Württemberg,verantwortlich,Communication,Generic,Both AI & ML
2019,Stuttgart,Baden-Württemberg,analyse,Decision Making and Analytical,DecisionMaking,Both AI & ML
2019,Stuttgart,Baden-Württemberg,analyse,Decision Making and Analytical,DecisionMaking,Both AI & ML
2019,Stuttgart,Baden-Württemberg,python,Occupational Attributes,Programming,Both AI & ML
2019,Stuttgart,Baden-Württemberg,sql,Statistics and Data,StructuredData,Both AI & ML
2019,Stuttgart,Baden-Württemberg,zusammenarbeit,Decision Making and Analytical,Interpersonal,Both AI & ML
2019,Stuttgart,Baden-Württemberg,implementierung,Decision Making and Analytical,DecisionMaking,Both AI & ML
2019,Stuttgart,Baden-Württemberg,mathematik,General,Numeracy,Both AI & ML
2019,Stuttgart,Baden-Württemberg,datenanalyse,General,Research,Both AI & ML
2019,Stuttgart,Baden-Württemberg,python,Occupational Attributes,Programming,Both AI & ML
2019,Stuttgart,Baden-Württemberg,sql,Statistics and Data,StructuredData,Both AI & ML
2019,Stuttgart,Baden-Württemberg,machine learning,Statistics and Data,DataMining,Both AI & ML
2019,Berlin,Berlin,machine learning,Statistics and Data,DataMining,Both AI & ML
2019,Berlin,Berlin,machine learning,Statistics and Data,DataMining,Both AI & ML
2019,Berlin,Berlin,implementierung,Decision Making and Analytical,DecisionMaking,Both AI & ML
2019,Berlin,Berlin,machine learning,Statistics and Data,DataMining,Both AI & ML
2019,Berlin,Berlin,implementierung,Decision Making and Analytical,DecisionMaking,Both AI & ML
2019,Berlin,Berlin,machine learning,Statistics and Data,DataMining,Both AI & ML
2019,Berlin,Berlin,analyse,Decision Making and Analytical,DecisionMaking,Both AI & ML
2019,Berlin,Berlin,python,Occupational Attributes,Programming,Both AI & ML
2019,Berlin,Berlin,sql,Statistics and Data,StructuredData,Both AI & ML
2019,Berlin,Berlin,pandas,Statistics and Data,Statistics,Both AI & ML
2019,Berlin,Berlin,zusammenarbeit,Decision Making and Analytical,Interpersonal,Both AI & ML
2019,Berlin,Berlin,integration,Occupational Attributes,EnterpriseSystem,Both AI & ML
2019,Berlin,Berlin,machine learning,Statistics and Data,DataMining,Both AI & ML
2019,Berlin,Berlin,mathematik,General,Numeracy,Both AI & ML
2019,Berlin,Berlin,python,Occupational Attributes,Programming,Both AI & ML
2019,Berlin,Berlin,sql,Statistics and Data,StructuredData,Both AI & ML
2019,Berlin,Berlin,datenanalyse,General,Research,Both AI & ML
2019,Berlin,Berlin,pandas,Statistics and Data,Statistics,Both AI & ML
2019,Berlin,Berlin,big data,Statistics and Data,BigData,Both AI & ML
2019,Berlin,Berlin,spark,Statistics and Data,BigData,Both AI & ML
2019,Berlin,Berlin,hadoop,Statistics and Data,BigData,Both AI & ML
2019,Berlin,Berlin,tableau,Occupational Attributes,Visualization,Both AI & ML
2019,Erfurt,Thüringen,machine learning,Statistics and Data,DataMining,Both AI & ML
2019,Erfurt,Thüringen,implementierung,Decision Making and Analytical,DecisionMaking,Both AI & ML
2019,Erfurt,Thüringen,machine learning,Statistics and Data,DataMining,Both AI & ML
2019,Erfurt,Thüringen,datenanalyse,General,Research,Both AI & ML
2019,Erfurt,Thüringen,integration,Occupational Attributes,EnterpriseSystem,Both AI & ML
2019,Erfurt,Thüringen,big data,Statistics and Data,BigData,Both AI & ML
2019,Erfurt,Thüringen,python,Occupational Attributes,Programming,Both AI & ML
2019,Erfurt,Thüringen,sql,Statistics and Data,StructuredData,Both AI & ML
2019,Erfurt,Thüringen,machine learning,Statistics and Data,DataMining,Both AI & ML
2019,Erfurt,Thüringen,big data,Statistics and Data,BigData,Both AI & ML
2019,Erfurt,Thüringen,spark,Statistics and Data,BigData,Both AI & ML
2019,Erfurt,Thüringen,hadoop,Statistics and Data,BigData,Both AI & ML
2019,Erfurt,Thüringen,aws,Cloud Platforms,AWS,Both AI & ML
2019,Erfurt,Thüringen,azure,Cloud Platforms,Azure,Both AI & ML
2019,Köln,Nordrhein-Westfalen,implementierung,Decision Making and Analytical,DecisionMaking,ML
2019,Köln,Nordrhein-Westfalen,analyse,Decision Making and Analytical,DecisionMaking,ML
2019,Köln,Nordrhein-Westfalen,modellierung,Decision Making and Analytical,DecisionMaking,ML
2019,Köln,Nordrhein-Westfalen,zusammenarbeit,Decision Making and Analytical,Interpersonal,ML
2019,Köln,Nordrhein-Westfalen,integration,Occupational Attributes,EnterpriseSystem,ML
2019,Köln,Nordrhein-Westfalen,big data,Statistics and Data,BigData,ML
2019,Köln,Nordrhein-Westfalen,hadoop,Statistics and Data,BigData,ML
2019,Köln,Nordrhein-Westfalen,spark,Statistics and Data,BigData,ML
2019,Köln,Nordrhein-Westfalen,sql,Statistics and Data,StructuredData,ML
2019,Köln,Nordrhein-Westfalen,nosql,Statistics and Data,BigData,ML
2019,Köln,Nordrhein-Westfalen,big data,Statistics and Data,BigData,ML
2019,Köln,Nordrhein-Westfalen,hadoop,Statistics and Data,BigData,ML
2019,Köln,Nordrhein-Westfalen,spark,Statistics and Data,BigData,ML
2019,München,Bayern,machine learning,Statistics and Data,DataMining,Both AI & ML
2019,München,Bayern,datenanalyse,General,Research,Both AI & ML
2019,München,Bayern,mathematik,General,Numeracy,Both AI & ML
2019,München,Bayern,python,Occupational Attributes,Programming,Both AI & ML
2019,München,Bayern,sql,Statistics and Data,StructuredData,Both AI & ML
2019,München,Bayern,datenanalyse,General,Research,Both AI & ML
2019,München,Bayern,machine learning,Statistics and Data,DataMining,Both AI & ML
2019,München,Bayern,analyse,Decision Making and Analytical,DecisionMaking,Both AI & ML
2019,Köln,Nordrhein-Westfalen,verantwortlich,Communication,Generic,ML
2019,Köln,Nordrhein-Westfalen,modellierung,Decision Making and Analytical,DecisionMaking,ML
2019,Köln,Nordrhein-Westfalen,integration,Occupational Attributes,EnterpriseSystem,ML
2019,Köln,Nordrhein-Westfalen,datenanalyse,General,Research,ML
2019,Köln,Nordrhein-Westfalen,berichte,Occupational Attributes,Visualization,ML
2019,Köln,Nordrhein-Westfalen,vorhersage,Statistics and Data,DataMining,ML
2019,Köln,Nordrhein-Westfalen,machine learning,Statistics and Data,DataMining,ML
2019,Köln,Nordrhein-Westfalen,vorhersage,Statistics and Data,DataMining,ML
2019,Köln,Nordrhein-Westfalen,machine learning,Statistics and Data,DataMining,ML
2019,Köln,Nordrhein-Westfalen,sql,Statistics and Data,StructuredData,ML
2019,Köln,Nordrhein-Westfalen,python,Occupational Attributes,Programming,ML
2019,Köln,Nordrhein-Westfalen,datenanalyse,General,Research,ML
2019,Köln,Nordrhein-Westfalen,big data,Statistics and Data,BigData,ML
2019,Köln,Nordrhein-Westfalen,spark,Statistics and Data,BigData,ML
2019,Köln,Nordrhein-Westfalen,hadoop,Statistics and Data,BigData,ML
2019,Kiel,Schleswig-Holstein,verantwortlich,Communication,Generic,Both AI & ML
2019,Kiel,Schleswig-Holstein,implementierung,Decision Making and Analytical,DecisionMaking,Both AI & ML
2019,Kiel,Schleswig-Holstein,design,Decision Making and Analytical,DecisionMaking,Both AI & ML
2019,Kiel,Schleswig-Holstein,implementierung,Decision Making and Analytical,DecisionMaking,Both AI & ML
2019,Kiel,Schleswig-Holstein,prognose,Statistics and Data,DataMining,Both AI & ML
2019,Kiel,Schleswig-Holstein,analyse,Decision Making and Analytical,DecisionMaking,Both AI & ML
2019,Kiel,Schleswig-Holstein,zusammenarbeit,Decision Making and Analytical,Interpersonal,Both AI & ML
2019,Kiel,Schleswig-Holstein,reporting,Decision Making and Analytical,DecisionMaking,Both AI & ML
2019,Kiel,Schleswig-Holstein,sql,Statistics and Data,StructuredData,Both AI & ML
2019,Kiel,Schleswig-Holstein,nosql,Statistics and Data,BigData,Both AI & ML
2019,Kiel,Schleswig-Holstein,python,Occupational Attributes,Programming,Both AI & ML
2019,Köln,Nordrhein-Westfalen,analyse,Decision Making and Analytical,DecisionMaking,Both AI & ML
2019,Köln,Nordrhein-Westfalen,machine learning,Statistics and Data,DataMining,Both AI & ML
2019,Köln,Nordrhein-Westfalen,datenanalyse,General,Research,Both AI & ML
2019,Köln,Nordrhein-Westfalen,python,Occupational Attributes,Programming,Both AI & ML
2019,Köln,Nordrhein-Westfalen,sql,Statistics and Data,StructuredData,Both AI & ML
2019,Köln,Nordrhein-Westfalen,big data,Statistics and Data,BigData,Both AI & ML
2019,Köln,Nordrhein-Westfalen,spark,Statistics and Data,BigData,Both AI & ML
2019,Köln,Nordrhein-Westfalen,hadoop,Statistics and Data,BigData,Both AI & ML
2019,Köln,Nordrhein-Westfalen,tableau,Occupational Attributes,Visualization,Both AI & ML
2019,Köln,Nordrhein-Westfalen,zusammenarbeit,Decision Making and Analytical,Interpersonal,Both AI & ML
2019,Köln,Nordrhein-Westfalen,implementierung,Decision Making and Analytical,DecisionMaking,Both AI & ML
2019,Köln,Nordrhein-Westfalen,mathematik,General,Numeracy,Both AI & ML
2019,Köln,Nordrhein-Westfalen,statistik,Statistics and Data,Statistics,Both AI & ML
2019,Köln,Nordrhein-Westfalen,python,Occupational Attributes,Programming,Both AI & ML
2019,Köln,Nordrhein-Westfalen,sql,Statistics and Data,StructuredData,Both AI & ML
2019,Köln,Nordrhein-Westfalen,machine learning,Statistics and Data,DataMining,Both AI & ML
2019,Köln,Nordrhein-Westfalen,big data,Statistics and Data,BigData,Both AI & ML
2019,Köln,Nordrhein-Westfalen,spark,Statistics and Data,BigData,Both AI & ML
2019,Köln,Nordrhein-Westfalen,hadoop,Statistics and Data,BigData,Both AI & ML
2019,Köln,Nordrhein-Westfalen,tableau,Occupational Attributes,Visualization,Both AI & ML
2019,Köln,Nordrhein-Westfalen,zusammenarbeit,Decision Making and Analytical,Interpersonal,Both AI & ML
2019,,Baden-Württemberg,computer vision,Specialized ML,ComputerVision,Both AI & ML
2019,,Baden-Württemberg,python,Occupational Attributes,Programming,Both AI & ML
2019,,Baden-Württemberg,sql,Statistics and Data,StructuredData,Both AI & ML
2019,Hamburg,Hamburg,design,Decision Making and Analytical,DecisionMaking,AI
2019,Hamburg,Hamburg,architektur,Occupational Attributes,Hardware,AI
2019,Hamburg,Hamburg,projektmanagement,Occupational Attributes,ProjectManagement,AI
2019,Hamburg,Hamburg,projektmanagement,Occupational Attributes,ProjectManagement,AI
2019,Hamburg,Hamburg,implementierung,Decision Making and Analytical,DecisionMaking,AI
2019,Hamburg,Hamburg,analyse,Decision Making and Analytical,DecisionMaking,AI
2019,Hamburg,Hamburg,mathematik,General,Numeracy,AI
2019,Hamburg,Hamburg,python,Occupational Attributes,Programming,AI
2019,Hamburg,Hamburg,sql,Statistics and Data,StructuredData,AI
2019,Hamburg,Hamburg,datenanalyse,General,Research,AI
2019,Hamburg,Hamburg,pandas,Statistics and Data,Statistics,AI
2019,München,Bayern,datenanalyse,General,Research,AI
2019,München,Bayern,implementierung,Decision Making and Analytical,DecisionMaking,AI
2019,München,Bayern,implementierung,Decision Making and Analytical,DecisionMaking,AI
2019,München,Bayern,datenanalyse,General,Research,AI
2019,München,Bayern,zusammenarbeit,Decision Making and Analytical,Interpersonal,AI
2019,München,Bayern,tableau,Occupational Attributes,Visualization,AI
2019,München,Bayern,python,Occupational Attributes,Programming,AI
2019,München,Bayern,sql,Statistics and Data,StructuredData,AI
2019,Frankfurt am Main,Hessen,machine learning,Statistics and Data,DataMining,Both AI & ML
2019,Frankfurt am Main,Hessen,integration,Occupational Attributes,EnterpriseSystem,Both AI & ML
2019,Frankfurt am Main,Hessen,machine learning,Statistics and Data,DataMining,Both AI & ML
2019,Frankfurt am Main,Hessen,machine learning,Statistics and Data,DataMining,Both AI & ML
2019,Köln,Nordrhein-Westfalen,machine learning,Statistics and Data,DataMining,Both AI & ML
2019,Köln,Nordrhein-Westfalen,python,Occupational Attributes,Programming,Both AI & ML
2019,Köln,Nordrhein-Westfalen,implementierung,Decision Making and Analytical,DecisionMaking,Both AI & ML
2019,Köln,Nordrhein-Westfalen,zusammenarbeit,Decision Making and Analytical,Interpersonal,Both AI & ML
2019,Köln,Nordrhein-Westfalen,integration,Occupational Attributes,EnterpriseSystem,Both AI & ML
2019,Köln,Nordrhein-Westfalen,mathematik,General,Numeracy,Both AI & ML
2019,Köln,Nordrhein-Westfalen,python,Occupational Attributes,Programming,Both AI & ML
2019,Köln,Nordrhein-Westfalen,machine learning,Statistics and Data,DataMining,Both AI & ML
2019,Köln,Nordrhein-Westfalen,implementierung,Decision Making and Analytical,DecisionMaking,Both AI & ML
2019,Frankfurt am Main,Hessen,verantwortlich,Communication,Generic,Both AI & ML
2019,Frankfurt am Main,Hessen,analyse,Decision Making and Analytical,DecisionMaking,Both AI & ML
2019,Frankfurt am Main,Hessen,implementierung,Decision Making and Analytical,DecisionMaking,Both AI & ML
2019,Frankfurt am Main,Hessen,datenanalyse,General,Research,Both AI & ML
2019,Frankfurt am Main,Hessen,analyse,Decision Making and Analytical,DecisionMaking,Both AI & ML
2019,Frankfurt am Main,Hessen,python,Occupational Attributes,Programming,Both AI & ML
2019,Frankfurt am Main,Hessen,sql,Statistics and Data,StructuredData,Both AI & ML
2019,Frankfurt am Main,Hessen,zusammenarbeit,Decision Making and Analytical,Interpersonal,Both AI & ML
2019,Frankfurt am Main,Hessen,präsentation,Communication,Presentation,Both AI & ML
2019,Frankfurt am Main,Hessen,mathematik,General,Numeracy,Both AI & ML
2019,Frankfurt am Main,Hessen,statistik,Statistics and Data,Statistics,Both AI & ML
2019,Frankfurt am Main,Hessen,python,Occupational Attributes,Programming,Both AI & ML
2019,Frankfurt am Main,Hessen,sql,Statistics and Data,StructuredData,Both AI & ML
2019,Frankfurt am Main,Hessen,machine learning,Statistics and Data,DataMining,Both AI & ML
2019,Stuttgart,Baden-Württemberg,computer vision,Specialized ML,ComputerVision,AI
2019,Stuttgart,Baden-Württemberg,computer vision,Specialized ML,ComputerVision,AI
2019,Stuttgart,Baden-Württemberg,opencv,Specialized ML,ComputerVision,AI
2019,Stuttgart,Baden-Württemberg,zusammenarbeit,Decision Making and Analytical,Interpersonal,AI
2019,Stuttgart,Baden-Württemberg,integration,Occupational Attributes,EnterpriseSystem,AI
2019,Stuttgart,Baden-Württemberg,computer vision,Specialized ML,ComputerVision,AI
2019,Stuttgart,Baden-Württemberg,dokumentation,Decision Making and Analytical,MSOffice,AI
2019,Stuttgart,Baden-Württemberg,präsentation,Communication,Presentation,AI
2019,Stuttgart,Baden-Württemberg,computer vision,Specialized ML,ComputerVision,AI
2019,Stuttgart,Baden-Württemberg,opencv,Specialized ML,ComputerVision,AI
2019,Stuttgart,Baden-Württemberg,python,Occupational Attributes,Programming,AI
2019,Stuttgart,Baden-Württemberg,c + +,Occupational Attributes,Programming,AI
2019,Stuttgart,Baden-Württemberg,deutsch,General,ForeignLanguage,AI
2019,Dortmund,Nordrhein-Westfalen,machine learning,Statistics and Data,DataMining,Both AI & ML
2019,Dortmund,Nordrhein-Westfalen,machine learning,Statistics and Data,DataMining,Both AI & ML
2019,Dortmund,Nordrhein-Westfalen,analyse,Decision Making and Analytical,DecisionMaking,Both AI & ML
2019,Dortmund,Nordrhein-Westfalen,implementierung,Decision Making and Analytical,DecisionMaking,Both AI & ML
2019,Dortmund,Nordrhein-Westfalen,machine learning,Statistics and Data,DataMining,Both AI & ML
2019,Dortmund,Nordrhein-Westfalen,datenanalyse,General,Research,Both AI & ML
2019,Dortmund,Nordrhein-Westfalen,pandas,Statistics and Data,Statistics,Both AI & ML
2019,Dortmund,Nordrhein-Westfalen,sql,Statistics and Data,StructuredData,Both AI & ML
2019,Dortmund,Nordrhein-Westfalen,zusammenarbeit,Decision Making and Analytical,Interpersonal,Both AI & ML
2019,Dortmund,Nordrhein-Westfalen,integration,Occupational Attributes,EnterpriseSystem,Both AI & ML
2019,Dortmund,Nordrhein-Westfalen,mathematik,General,Numeracy,Both AI & ML
2019,Dortmund,Nordrhein-Westfalen,statistik,Statistics and Data,Statistics,Both AI & ML
2019,Dortmund,Nordrhein-Westfalen,programmierung,Occupational Attributes,Programming,Both AI & ML
2019,Dortmund,Nordrhein-Westfalen,python,Occupational Attributes,Programming,Both AI & ML
2019,Dortmund,Nordrhein-Westfalen,sql,Statistics and Data,StructuredData,Both AI & ML
2019,Dortmund,Nordrhein-Westfalen,machine learning,Statistics and Data,DataMining,Both AI & ML
2019,Dortmund,Nordrhein-Westfalen,big data,Statistics and Data,BigData,Both AI & ML
2019,Dortmund,Nordrhein-Westfalen,spark,Statistics and Data,BigData,Both AI & ML
2019,Dortmund,Nordrhein-Westfalen,hadoop,Statistics and Data,BigData,Both AI & ML
2019,Bielefeld,Nordrhein-Westfalen,datenanalyse,General,Research,Both AI & ML
2019,Bielefeld,Nordrhein-Westfalen,machine learning,Statistics and Data,DataMining,Both AI & ML
2019,Bielefeld,Nordrhein-Westfalen,analyse,Decision Making and Analytical,DecisionMaking,Both AI & ML
2019,Bielefeld,Nordrhein-Westfalen,zusammenarbeit,Decision Making and Analytical,Interpersonal,Both AI & ML
2019,Bielefeld,Nordrhein-Westfalen,integration,Occupational Attributes,EnterpriseSystem,Both AI & ML
2019,Bielefeld,Nordrhein-Westfalen,python,Occupational Attributes,Programming,Both AI & ML
2019,Bielefeld,Nordrhein-Westfalen,sql,Statistics and Data,StructuredData,Both AI & ML
2019,Bielefeld,Nordrhein-Westfalen,machine learning,Statistics and Data,DataMining,Both AI & ML
2019,Düsseldorf,Nordrhein-Westfalen,verantwortlich,Communication,Generic,Both AI & ML
2019,Düsseldorf,Nordrhein-Westfalen,analyse,Decision Making and Analytical,DecisionMaking,Both AI & ML
2019,Düsseldorf,Nordrhein-Westfalen,implementierung,Decision Making and Analytical,DecisionMaking,Both AI & ML
2019,Düsseldorf,Nordrhein-Westfalen,analyse,Decision Making and Analytical,DecisionMaking,Both AI & ML
2019,Düsseldorf,Nordrhein-Westfalen,zusammenarbeit,Decision Making and Analytical,Interpersonal,Both AI & ML
2019,Düsseldorf,Nordrhein-Westfalen,mathematik,General,Numeracy,Both AI & ML
2019,Düsseldorf,Nordrhein-Westfalen,python,Occupational Attributes,Programming,Both AI & ML
2019,Düsseldorf,Nordrhein-Westfalen,sql,Statistics and Data,StructuredData,Both AI & ML
2019,Düsseldorf,Nordrhein-Westfalen,machine learning,Statistics and Data,DataMining,Both AI & ML
2019,Düsseldorf,Nordrhein-Westfalen,modellierung,Decision Making and Analytical,DecisionMaking,Both AI & ML
2019,Düsseldorf,Nordrhein-Westfalen,tableau,Occupational Attributes,Visualization,Both AI & ML
2019,München,Bayern,machine learning,Statistics and Data,DataMining,Both AI & ML
2019,München,Bayern,design,Decision Making and Analytical,DecisionMaking,Both AI & ML
2019,München,Bayern,machine learning,Statistics and Data,DataMining,Both AI & ML
2019,München,Bayern,dokumentation,Decision Making and Analytical,MSOffice,Both AI & ML
2019,München,Bayern,python,Occupational Attributes,Programming,Both AI & ML
2019,München,Bayern,machine learning,Statistics and Data,DataMining,Both AI & ML
2019,Düsseldorf,Nordrhein-Westfalen,implementierung,Decision Making and Analytical,DecisionMaking,AI
2019,Düsseldorf,Nordrhein-Westfalen,zusammenarbeit,Decision Making and Analytical,Interpersonal,AI
2019,Düsseldorf,Nordrhein-Westfalen,analyse,Decision Making and Analytical,DecisionMaking,AI
2019,Düsseldorf,Nordrhein-Westfalen,python,Occupational Attributes,Programming,AI
2019,Lübeck,Schleswig-Holstein,machine learning,Statistics and Data,DataMining,Both AI & ML
2019,Lübeck,Schleswig-Holstein,integration,Occupational Attributes,EnterpriseSystem,Both AI & ML
2019,Lübeck,Schleswig-Holstein,machine learning,Statistics and Data,DataMining,Both AI & ML
2019,Lübeck,Schleswig-Holstein,programmierung,Occupational Attributes,Programming,Both AI & ML
2019,Lübeck,Schleswig-Holstein,zusammenarbeit,Decision Making and Analytical,Interpersonal,Both AI & ML
2019,Lübeck,Schleswig-Holstein,machine learning,Statistics and Data,DataMining,Both AI & ML
2019,Lübeck,Schleswig-Holstein,hardware,Occupational Attributes,Hardware,Both AI & ML
2019,München,Bayern,machine learning,Statistics and Data,DataMining,Both AI & ML
2019,München,Bayern,implementierung,Decision Making and Analytical,DecisionMaking,Both AI & ML
2019,München,Bayern,machine learning,Statistics and Data,DataMining,Both AI & ML
2019,München,Bayern,datenanalyse,General,Research,Both AI & ML
2019,München,Bayern,python,Occupational Attributes,Programming,Both AI & ML
2019,München,Bayern,pandas,Statistics and Data,Statistics,Both AI & ML
2019,München,Bayern,zusammenarbeit,Decision Making and Analytical,Interpersonal,Both AI & ML
2019,München,Bayern,integration,Occupational Attributes,EnterpriseSystem,Both AI & ML
2019,München,Bayern,machine learning,Statistics and Data,DataMining,Both AI & ML
2019,München,Bayern,python,Occupational Attributes,Programming,Both AI & ML
2019,München,Bayern,sql,Statistics and Data,StructuredData,Both AI & ML
2019,München,Bayern,zusammenarbeit,Decision Making and Analytical,Interpersonal,Both AI & ML
2019,Münster,Nordrhein-Westfalen,machine learning,Statistics and Data,DataMining,Both AI & ML
2019,Münster,Nordrhein-Westfalen,machine learning,Statistics and Data,DataMining,Both AI & ML
2019,Münster,Nordrhein-Westfalen,machine learning,Statistics and Data,DataMining,Both AI & ML
2019,Münster,Nordrhein-Westfalen,machine learning,Statistics and Data,DataMining,Both AI & ML
2019,Münster,Nordrhein-Westfalen,analyse,Decision Making and Analytical,DecisionMaking,Both AI & ML
2019,Münster,Nordrhein-Westfalen,prognose,Statistics and Data,DataMining,Both AI & ML
2019,Münster,Nordrhein-Westfalen,zusammenarbeit,Decision Making and Analytical,Interpersonal,Both AI & ML
2019,Münster,Nordrhein-Westfalen,implementierung,Decision Making and Analytical,DecisionMaking,Both AI & ML
2019,Münster,Nordrhein-Westfalen,analyse,Decision Making and Analytical,DecisionMaking,Both AI & ML
2019,Münster,Nordrhein-Westfalen,python,Occupational Attributes,Programming,Both AI & ML
2019,Münster,Nordrhein-Westfalen,sql,Statistics and Data,StructuredData,Both AI & ML
2019,Münster,Nordrhein-Westfalen,machine learning,Statistics and Data,DataMining,Both AI & ML
2019,Münster,Nordrhein-Westfalen,mathematik,General,Numeracy,Both AI & ML
2019,Münster,Nordrhein-Westfalen,statistik,Statistics and Data,Statistics,Both AI & ML
2019,Münster,Nordrhein-Westfalen,python,Occupational Attributes,Programming,Both AI & ML
2019,Münster,Nordrhein-Westfalen,sql,Statistics and Data,StructuredData,Both AI & ML
2019,Münster,Nordrhein-Westfalen,machine learning,Statistics and Data,DataMining,Both AI & ML
2019,Köln,Nordrhein-Westfalen,machine learning,Statistics and Data,DataMining,Both AI & ML
2019,Köln,Nordrhein-Westfalen,machine learning,Statistics and Data,DataMining,Both AI & ML
2019,Köln,Nordrhein-Westfalen,machine learning,Statistics and Data,DataMining,Both AI & ML
2019,Köln,Nordrhein-Westfalen,analyse,Decision Making and Analytical,DecisionMaking,Both AI & ML
2019,Köln,Nordrhein-Westfalen,python,Occupational Attributes,Programming,Both AI & ML
2019,Köln,Nordrhein-Westfalen,sql,Statistics and Data,StructuredData,Both AI & ML
2019,Köln,Nordrhein-Westfalen,implementierung,Decision Making and Analytical,DecisionMaking,Both AI & ML
2019,Köln,Nordrhein-Westfalen,zusammenarbeit,Decision Making and Analytical,Interpersonal,Both AI & ML
2019,Köln,Nordrhein-Westfalen,mathematik,General,Numeracy,Both AI & ML
2019,Köln,Nordrhein-Westfalen,machine learning,Statistics and Data,DataMining,Both AI & ML
2019,Köln,Nordrhein-Westfalen,python,Occupational Attributes,Programming,Both AI & ML
2019,Köln,Nordrhein-Westfalen,sql,Statistics and Data,StructuredData,Both AI & ML
2019,Memmingen,Bayern,machine learning,Statistics and Data,DataMining,Both AI & ML
2019,Memmingen,Bayern,machine learning,Statistics and Data,DataMining,Both AI & ML
2019,Memmingen,Bayern,machine learning,Statistics and Data,DataMining,Both AI & ML
2019,Memmingen,Bayern,analyse,Decision Making and Analytical,DecisionMaking,Both AI & ML
2019,Memmingen,Bayern,machine learning,Statistics and Data,DataMining,Both AI & ML
2019,Memmingen,Bayern,implementierung,Decision Making and Analytical,DecisionMaking,Both AI & ML
2019,Memmingen,Bayern,machine learning,Statistics and Data,DataMining,Both AI & ML
2019,Memmingen,Bayern,analyse,Decision Making and Analytical,DecisionMaking,Both AI & ML
2019,Memmingen,Bayern,python,Occupational Attributes,Programming,Both AI & ML
2019,Memmingen,Bayern,pandas,Statistics and Data,Statistics,Both AI & ML
2019,Memmingen,Bayern,implementierung,Decision Making and Analytical,DecisionMaking,Both AI & ML
2019,Memmingen,Bayern,zusammenarbeit,Decision Making and Analytical,Interpersonal,Both AI & ML
2019,Memmingen,Bayern,integration,Occupational Attributes,EnterpriseSystem,Both AI & ML
2019,Memmingen,Bayern,machine learning,Statistics and Data,DataMining,Both AI & ML
2019,Memmingen,Bayern,mathematik,General,Numeracy,Both AI & ML
2019,Memmingen,Bayern,programmierung,Occupational Attributes,Programming,Both AI & ML
2019,Memmingen,Bayern,python,Occupational Attributes,Programming,Both AI & ML
2019,Memmingen,Bayern,sql,Statistics and Data,StructuredData,Both AI & ML
2019,Memmingen,Bayern,big data,Statistics and Data,BigData,Both AI & ML
2019,Memmingen,Bayern,spark,Statistics and Data,BigData,Both AI & ML
2019,Memmingen,Bayern,hadoop,Statistics and Data,BigData,Both AI & ML
2019,Memmingen,Bayern,aws,Cloud Platforms,AWS,Both AI & ML
2019,Memmingen,Bayern,azure,Cloud Platforms,Azure,Both AI & ML
2019,Memmingen,Bayern,deutsch,General,ForeignLanguage,Both AI & ML
2019,Köln,Nordrhein-Westfalen,ergebnisorientiert,Employee Attributes,Motivation,Both AI & ML
2019,Köln,Nordrhein-Westfalen,machine learning,Statistics and Data,DataMining,Both AI & ML
2019,Köln,Nordrhein-Westfalen,implementierung,Decision Making and Analytical,DecisionMaking,Both AI & ML
2019,Köln,Nordrhein-Westfalen,machine learning,Statistics and Data,DataMining,Both AI & ML
2019,Köln,Nordrhein-Westfalen,analyse,Decision Making and Analytical,DecisionMaking,Both AI & ML
2019,Köln,Nordrhein-Westfalen,python,Occupational Attributes,Programming,Both AI & ML
2019,Köln,Nordrhein-Westfalen,sql,Statistics and Data,StructuredData,Both AI & ML
2019,Köln,Nordrhein-Westfalen,zusammenarbeit,Decision Making and Analytical,Interpersonal,Both AI & ML
2019,Köln,Nordrhein-Westfalen,machine learning,Statistics and Data,DataMining,Both AI & ML
2019,Köln,Nordrhein-Westfalen,mathematik,General,Numeracy,Both AI & ML
2019,Köln,Nordrhein-Westfalen,python,Occupational Attributes,Programming,Both AI & ML
2019,Köln,Nordrhein-Westfalen,sql,Statistics and Data,StructuredData,Both AI & ML
2019,Köln,Nordrhein-Westfalen,machine learning,Statistics and Data,DataMining,Both AI & ML
2019,Köln,Nordrhein-Westfalen,analyse,Decision Making and Analytical,DecisionMaking,Both AI & ML
2019,Köln,Nordrhein-Westfalen,implementierung,Decision Making and Analytical,DecisionMaking,Both AI & ML
2019,Köln,Nordrhein-Westfalen,vorhersage,Statistics and Data,DataMining,Both AI & ML
2019,Köln,Nordrhein-Westfalen,analyse,Decision Making and Analytical,DecisionMaking,Both AI & ML
2019,Köln,Nordrhein-Westfalen,zusammenarbeit,Decision Making and Analytical,Interpersonal,Both AI & ML
2019,Köln,Nordrhein-Westfalen,präsentation,Communication,Presentation,Both AI & ML
2019,Köln,Nordrhein-Westfalen,mathematik,General,Numeracy,Both AI & ML
2019,Köln,Nordrhein-Westfalen,statistik,Statistics and Data,Statistics,Both AI & ML
2019,Köln,Nordrhein-Westfalen,python,Occupational Attributes,Programming,Both AI & ML
2019,Köln,Nordrhein-Westfalen,sql,Statistics and Data,StructuredData,Both AI & ML
2019,Köln,Nordrhein-Westfalen,machine learning,Statistics and Data,DataMining,Both AI & ML
2019,Köln,Nordrhein-Westfalen,big data,Statistics and Data,BigData,Both AI & ML
2019,Köln,Nordrhein-Westfalen,spark,Statistics and Data,BigData,Both AI & ML
2019,Köln,Nordrhein-Westfalen,hadoop,Statistics and Data,BigData,Both AI & ML
2019,Köln,Nordrhein-Westfalen,präsentation,Communication,Presentation,Both AI & ML
2019,Köln,Nordrhein-Westfalen,verantwortlich,Communication,Generic,ML
2019,Köln,Nordrhein-Westfalen,analyse,Decision Making and Analytical,DecisionMaking,ML
2019,Köln,Nordrhein-Westfalen,analyse,Decision Making and Analytical,DecisionMaking,ML
2019,Köln,Nordrhein-Westfalen,implementierung,Decision Making and Analytical,DecisionMaking,ML
2019,Köln,Nordrhein-Westfalen,zusammenarbeit,Decision Making and Analytical,Interpersonal,ML
2019,Köln,Nordrhein-Westfalen,datenanalyse,General,Research,ML
2019,Köln,Nordrhein-Westfalen,python,Occupational Attributes,Programming,ML
2019,Köln,Nordrhein-Westfalen,sql,Statistics and Data,StructuredData,ML
2019,Köln,Nordrhein-Westfalen,pandas,Statistics and Data,Statistics,ML
2019,Nürnberg,Bayern,datenanalyse,General,Research,Both AI & ML
2019,Nürnberg,Bayern,modellierung,Decision Making and Analytical,DecisionMaking,Both AI & ML
2019,Nürnberg,Bayern,analyse,Decision Making and Analytical,DecisionMaking,Both AI & ML
2019,Nürnberg,Bayern,python,Occupational Attributes,Programming,Both AI & ML
2019,Nürnberg,Bayern,pandas,Statistics and Data,Statistics,Both AI & ML
2019,Nürnberg,Bayern,implementierung,Decision Making and Analytical,DecisionMaking,Both AI & ML
2019,Nürnberg,Bayern,machine learning,Statistics and Data,DataMining,Both AI & ML
2019,Nürnberg,Bayern,zusammenarbeit,Decision Making and Analytical,Interpersonal,Both AI & ML
2019,Nürnberg,Bayern,mathematik,General,Numeracy,Both AI & ML
2019,Nürnberg,Bayern,statistik,Statistics and Data,Statistics,Both AI & ML
2019,Nürnberg,Bayern,programmierung,Occupational Attributes,Programming,Both AI & ML
2019,Nürnberg,Bayern,python,Occupational Attributes,Programming,Both AI & ML
2019,Nürnberg,Bayern,sql,Statistics and Data,StructuredData,Both AI & ML
2019,Nürnberg,Bayern,machine learning,Statistics and Data,DataMining,Both AI & ML
2019,Nürnberg,Bayern,analyse,Decision Making and Analytical,DecisionMaking,Both AI & ML
2019,Aachen,Nordrhein-Westfalen,verantwortlich,Communication,Generic,Both AI & ML
2019,Aachen,Nordrhein-Westfalen,analyse,Decision Making and Analytical,DecisionMaking,Both AI & ML
2019,Aachen,Nordrhein-Westfalen,machine learning,Statistics and Data,DataMining,Both AI & ML
2019,Aachen,Nordrhein-Westfalen,implementierung,Decision Making and Analytical,DecisionMaking,Both AI & ML
2019,Aachen,Nordrhein-Westfalen,machine learning,Statistics and Data,DataMining,Both AI & ML
2019,Aachen,Nordrhein-Westfalen,python,Occupational Attributes,Programming,Both AI & ML
2019,Aachen,Nordrhein-Westfalen,sql,Statistics and Data,StructuredData,Both AI & ML
2019,Aachen,Nordrhein-Westfalen,datenanalyse,General,Research,Both AI & ML
2019,Bonn,Nordrhein-Westfalen,machine learning,Statistics and Data,DataMining,Both AI & ML
2019,Bonn,Nordrhein-Westfalen,analyse,Decision Making and Analytical,DecisionMaking,Both AI & ML
2019,Bonn,Nordrhein-Westfalen,datenanalyse,General,Research,Both AI & ML
2019,Bonn,Nordrhein-Westfalen,python,Occupational Attributes,Programming,Both AI & ML
2019,Bonn,Nordrhein-Westfalen,sql,Statistics and Data,StructuredData,Both AI & ML
2019,Bonn,Nordrhein-Westfalen,implementierung,Decision Making and Analytical,DecisionMaking,Both AI & ML
2019,Bonn,Nordrhein-Westfalen,vorhersage,Statistics and Data,DataMining,Both AI & ML
2019,Bonn,Nordrhein-Westfalen,zusammenarbeit,Decision Making and Analytical,Interpersonal,Both AI & ML
2019,Bonn,Nordrhein-Westfalen,integration,Occupational Attributes,EnterpriseSystem,Both AI & ML
2019,Bonn,Nordrhein-Westfalen,mathematik,General,Numeracy,Both AI & ML
2019,Bonn,Nordrhein-Westfalen,machine learning,Statistics and Data,DataMining,Both AI & ML
2019,Bonn,Nordrhein-Westfalen,datenanalyse,General,Research,Both AI & ML
2019,Bonn,Nordrhein-Westfalen,pandas,Statistics and Data,Statistics,Both AI & ML
2019,Bonn,Nordrhein-Westfalen,sql,Statistics and Data,StructuredData,Both AI & ML
2019,Frankfurt am Main,Hessen,analyse,Decision Making and Analytical,DecisionMaking,Both AI & ML
2019,Frankfurt am Main,Hessen,python,Occupational Attributes,Programming,Both AI & ML
2019,Frankfurt am Main,Hessen,sql,Statistics and Data,StructuredData,Both AI & ML
2019,Frankfurt am Main,Hessen,implementierung,Decision Making and Analytical,DecisionMaking,Both AI & ML
2019,Frankfurt am Main,Hessen,machine learning,Statistics and Data,DataMining,Both AI & ML
2019,Frankfurt am Main,Hessen,zusammenarbeit,Decision Making and Analytical,Interpersonal,Both AI & ML
2019,Frankfurt am Main,Hessen,mathematik,General,Numeracy,Both AI & ML
2019,Frankfurt am Main,Hessen,statistik,Statistics and Data,Statistics,Both AI & ML
2019,Frankfurt am Main,Hessen,programmierung,Occupational Attributes,Programming,Both AI & ML
2019,Frankfurt am Main,Hessen,python,Occupational Attributes,Programming,Both AI & ML
2019,Frankfurt am Main,Hessen,sql,Statistics and Data,StructuredData,Both AI & ML
2019,Frankfurt am Main,Hessen,machine learning,Statistics and Data,DataMining,Both AI & ML
2019,Frankfurt am Main,Hessen,implementierung,Decision Making and Analytical,DecisionMaking,Both AI & ML
2019,Frankfurt am Main,Hessen,machine learning,Statistics and Data,DataMining,Both AI & ML
2019,Frankfurt am Main,Hessen,prognose,Statistics and Data,DataMining,Both AI & ML
2019,Frankfurt am Main,Hessen,analyse,Decision Making and Analytical,DecisionMaking,Both AI & ML
2019,Frankfurt am Main,Hessen,python,Occupational Attributes,Programming,Both AI & ML
2019,Frankfurt am Main,Hessen,sql,Statistics and Data,StructuredData,Both AI & ML
2019,Frankfurt am Main,Hessen,machine learning,Statistics and Data,DataMining,Both AI & ML
2019,Frankfurt am Main,Hessen,zusammenarbeit,Decision Making and Analytical,Interpersonal,Both AI & ML
2019,Frankfurt am Main,Hessen,mathematik,General,Numeracy,Both AI & ML
2019,Frankfurt am Main,Hessen,statistik,Statistics and Data,Statistics,Both AI & ML
2019,Frankfurt am Main,Hessen,python,Occupational Attributes,Programming,Both AI & ML
2019,Frankfurt am Main,Hessen,sql,Statistics and Data,StructuredData,Both AI & ML
2019,Frankfurt am Main,Hessen,machine learning,Statistics and Data,DataMining,Both AI & ML
2019,Friedrichshafen,Baden-Württemberg,machine learning,Statistics and Data,DataMining,Both AI & ML
2019,Friedrichshafen,Baden-Württemberg,machine learning,Statistics and Data,DataMining,Both AI & ML
2019,Friedrichshafen,Baden-Württemberg,implementierung,Decision Making and Analytical,DecisionMaking,Both AI & ML
2019,Friedrichshafen,Baden-Württemberg,machine learning,Statistics and Data,DataMining,Both AI & ML
2019,Friedrichshafen,Baden-Württemberg,zusammenarbeit,Decision Making and Analytical,Interpersonal,Both AI & ML
2019,Friedrichshafen,Baden-Württemberg,mathematik,General,Numeracy,Both AI & ML
2019,Friedrichshafen,Baden-Württemberg,machine learning,Statistics and Data,DataMining,Both AI & ML
2019,Friedrichshafen,Baden-Württemberg,python,Occupational Attributes,Programming,Both AI & ML
2019,Friedrichshafen,Baden-Württemberg,sql,Statistics and Data,StructuredData,Both AI & ML
2019,Stuttgart,Baden-Württemberg,verantwortlich,Communication,Generic,ML
2019,Stuttgart,Baden-Württemberg,machine learning,Statistics and Data,DataMining,ML
2019,Stuttgart,Baden-Württemberg,machine learning,Statistics and Data,DataMining,ML
2019,Stuttgart,Baden-Württemberg,sql,Statistics and Data,StructuredData,ML
2019,Stuttgart,Baden-Württemberg,python,Occupational Attributes,Programming,ML
2019,Stuttgart,Baden-Württemberg,datenanalyse,General,Research,ML
2019,Hamburg,Hamburg,machine learning,Statistics and Data,DataMining,Both AI & ML
2019,Hamburg,Hamburg,prognose,Statistics and Data,DataMining,Both AI & ML
2019,Hamburg,Hamburg,analyse,Decision Making and Analytical,DecisionMaking,Both AI & ML
2019,Hamburg,Hamburg,python,Occupational Attributes,Programming,Both AI & ML
2019,Hamburg,Hamburg,sql,Statistics and Data,StructuredData,Both AI & ML
2019,Hamburg,Hamburg,präsentation,Communication,Presentation,Both AI & ML
2019,Hamburg,Hamburg,mathematik,General,Numeracy,Both AI & ML
2019,Hamburg,Hamburg,statistik,Statistics and Data,Statistics,Both AI & ML
2019,Hamburg,Hamburg,python,Occupational Attributes,Programming,Both AI & ML
2019,Hamburg,Hamburg,sql,Statistics and Data,StructuredData,Both AI & ML
2019,Hamburg,Hamburg,machine learning,Statistics and Data,DataMining,Both AI & ML
2019,Köln,Nordrhein-Westfalen,verantwortlich,Communication,Generic,Both AI & ML
2019,Köln,Nordrhein-Westfalen,integration,Occupational Attributes,EnterpriseSystem,Both AI & ML
2019,Köln,Nordrhein-Westfalen,machine learning,Statistics and Data,DataMining,Both AI & ML
2019,Köln,Nordrhein-Westfalen,zusammenarbeit,Decision Making and Analytical,Interpersonal,Both AI & ML
2019,Köln,Nordrhein-Westfalen,integration,Occupational Attributes,EnterpriseSystem,Both AI & ML
2019,Köln,Nordrhein-Westfalen,machine learning,Statistics and Data,DataMining,Both AI & ML
2019,Köln,Nordrhein-Westfalen,machine learning,Statistics and Data,DataMining,Both AI & ML
2019,Ulm,Baden-Württemberg,implementierung,Decision Making and Analytical,DecisionMaking,Both AI & ML
2019,Ulm,Baden-Württemberg,machine learning,Statistics and Data,DataMining,Both AI & ML
2019,Ulm,Baden-Württemberg,datenanalyse,General,Research,Both AI & ML
2019,Ulm,Baden-Württemberg,pandas,Statistics and Data,Statistics,Both AI & ML
2019,Ulm,Baden-Württemberg,zusammenarbeit,Decision Making and Analytical,Interpersonal,Both AI & ML
2019,Ulm,Baden-Württemberg,integration,Occupational Attributes,EnterpriseSystem,Both AI & ML
2019,Ulm,Baden-Württemberg,machine learning,Statistics and Data,DataMining,Both AI & ML
2019,Ulm,Baden-Württemberg,python,Occupational Attributes,Programming,Both AI & ML
2019,Ulm,Baden-Württemberg,sql,Statistics and Data,StructuredData,Both AI & ML
2019,Ulm,Baden-Württemberg,big data,Statistics and Data,BigData,Both AI & ML
2019,Ulm,Baden-Württemberg,spark,Statistics and Data,BigData,Both AI & ML
2019,Ulm,Baden-Württemberg,hadoop,Statistics and Data,BigData,Both AI & ML
2019,Ulm,Baden-Württemberg,aws,Cloud Platforms,AWS,Both AI & ML
2019,Ulm,Baden-Württemberg,azure,Cloud Platforms,Azure,Both AI & ML
2019,Ulm,Baden-Württemberg,docker,MLOps,Tools,Both AI & ML
2019,Ulm,Baden-Württemberg,kubernetes,MLOps,Tools,Both AI & ML
2019,Köln,Nordrhein-Westfalen,machine learning,Statistics and Data,DataMining,Both AI & ML
2019,Köln,Nordrhein-Westfalen,implementierung,Decision Making and Analytical,DecisionMaking,Both AI & ML
2019,Köln,Nordrhein-Westfalen,datenanalyse,General,Research,Both AI & ML
2019,Köln,Nordrhein-Westfalen,modellierung,Decision Making and Analytical,DecisionMaking,Both AI & ML
2019,Köln,Nordrhein-Westfalen,mathematik,General,Numeracy,Both AI & ML
2019,Köln,Nordrhein-Westfalen,python,Occupational Attributes,Programming,Both AI & ML
2019,Köln,Nordrhein-Westfalen,pandas,Statistics and Data,Statistics,Both AI & ML
2019,Köln,Nordrhein-Westfalen,planung,Data Engineering,Orchestration,Both AI & ML
2019,Köln,Nordrhein-Westfalen,implementierung,Decision Making and Analytical,DecisionMaking,Both AI & ML
2019,Köln,Nordrhein-Westfalen,c #,Occupational Attributes,Programming,Both AI & ML
2019,Köln,Nordrhein-Westfalen,python,Occupational Attributes,Programming,Both AI & ML
2019,Köln,Nordrhein-Westfalen,sql,Statistics and Data,StructuredData,Both AI & ML
2019,Köln,Nordrhein-Westfalen,modellbewertung,Generative AI,EvaluationMonitoring,Both AI & ML
2019,Köln,Nordrhein-Westfalen,machine learning,Statistics and Data,DataMining,Both AI & ML
2019,Köln,Nordrhein-Westfalen,machine learning,Statistics and Data,DataMining,Both AI & ML
2019,Köln,Nordrhein-Westfalen,implementierung,Decision Making and Analytical,DecisionMaking,Both AI & ML
2019,Köln,Nordrhein-Westfalen,machine learning,Statistics and Data,DataMining,Both AI & ML
2019,Köln,Nordrhein-Westfalen,zusammenarbeit,Decision Making and Analytical,Interpersonal,Both AI & ML
2019,Köln,Nordrhein-Westfalen,datenanalyse,General,Research,Both AI & ML
2019,Köln,Nordrhein-Westfalen,python,Occupational Attributes,Programming,Both AI & ML
2019,Köln,Nordrhein-Westfalen,sql,Statistics and Data,StructuredData,Both AI & ML
2019,Köln,Nordrhein-Westfalen,implementierung,Decision Making and Analytical,DecisionMaking,Both AI & ML
2019,Köln,Nordrhein-Westfalen,machine learning,Statistics and Data,DataMining,Both AI & ML
2019,Köln,Nordrhein-Westfalen,mathematik,General,Numeracy,Both AI & ML
2019,Köln,Nordrhein-Westfalen,python,Occupational Attributes,Programming,Both AI & ML
2019,Köln,Nordrhein-Westfalen,sql,Statistics and Data,StructuredData,Both AI & ML
2019,Köln,Nordrhein-Westfalen,machine learning,Statistics and Data,DataMining,Both AI & ML
2019,Köln,Nordrhein-Westfalen,datenanalyse,General,Research,Both AI & ML
2019,Köln,Nordrhein-Westfalen,pandas,Statistics and Data,Statistics,Both AI & ML
2019,Dresden,Sachsen,hadoop,Statistics and Data,BigData,Both AI & ML
2019,Dresden,Sachsen,implementierung,Decision Making and Analytical,DecisionMaking,Both AI & ML
2019,Dresden,Sachsen,design,Decision Making and Analytical,DecisionMaking,Both AI & ML
2019,Dresden,Sachsen,implementierung,Decision Making and Analytical,DecisionMaking,Both AI & ML
2019,Dresden,Sachsen,integration,Occupational Attributes,EnterpriseSystem,Both AI & ML
2019,Dresden,Sachsen,analyse,Decision Making and Analytical,DecisionMaking,Both AI & ML
2019,Dresden,Sachsen,machine learning,Statistics and Data,DataMining,Both AI & ML
2019,Dresden,Sachsen,programmierung,Occupational Attributes,Programming,Both AI & ML
2019,Dresden,Sachsen,big data,Statistics and Data,BigData,Both AI & ML
2019,Dresden,Sachsen,hadoop,Statistics and Data,BigData,Both AI & ML
2019,Dresden,Sachsen,python,Occupational Attributes,Programming,Both AI & ML
2019,Dresden,Sachsen,sql,Statistics and Data,StructuredData,Both AI & ML
2019,Dresden,Sachsen,machine learning,Statistics and Data,DataMining,Both AI & ML
2019,Dresden,Sachsen,modellbewertung,Generative AI,EvaluationMonitoring,Both AI & ML
2019,Hamburg,Hamburg,docker,MLOps,Tools,Both AI & ML
2019,Hamburg,Hamburg,kubernetes,MLOps,Tools,Both AI & ML
2019,Hamburg,Hamburg,python,Occupational Attributes,Programming,Both AI & ML
2019,Hamburg,Hamburg,sql,Statistics and Data,StructuredData,Both AI & ML
2019,Hamburg,Hamburg,datenanalyse,General,Research,Both AI & ML
2019,Hamburg,Hamburg,machine learning,Statistics and Data,DataMining,Both AI & ML
2019,Hamburg,Hamburg,analyse,Decision Making and Analytical,DecisionMaking,Both AI & ML
2019,Hamburg,Hamburg,implementierung,Decision Making and Analytical,DecisionMaking,Both AI & ML
2019,Hamburg,Hamburg,machine learning,Statistics and Data,DataMining,Both AI & ML
2019,Hamburg,Hamburg,python,Occupational Attributes,Programming,Both AI & ML
2019,Hamburg,Hamburg,sql,Statistics and Data,StructuredData,Both AI & ML
2019,Hamburg,Hamburg,pandas,Statistics and Data,Statistics,Both AI & ML
2019,Hamburg,Hamburg,zusammenarbeit,Decision Making and Analytical,Interpersonal,Both AI & ML
2019,Hamburg,Hamburg,integration,Occupational Attributes,EnterpriseSystem,Both AI & ML
2019,Hamburg,Hamburg,mathematik,General,Numeracy,Both AI & ML
2019,Hamburg,Hamburg,statistik,Statistics and Data,Statistics,Both AI & ML
2019,Hamburg,Hamburg,python,Occupational Attributes,Programming,Both AI & ML
2019,Hamburg,Hamburg,sql,Statistics and Data,StructuredData,Both AI & ML
2019,Hamburg,Hamburg,machine learning,Statistics and Data,DataMining,Both AI & ML
2019,Hamburg,Hamburg,analyse,Decision Making and Analytical,DecisionMaking,Both AI & ML
2019,Hamburg,Hamburg,pandas,Statistics and Data,Statistics,Both AI & ML
2019,Hamburg,Hamburg,big data,Statistics and Data,BigData,Both AI & ML
2019,Hamburg,Hamburg,spark,Statistics and Data,BigData,Both AI & ML
2019,Hamburg,Hamburg,hadoop,Statistics and Data,BigData,Both AI & ML
2019,Hamburg,Hamburg,deutsch,General,ForeignLanguage,Both AI & ML
2019,Hamburg,Hamburg,zusammenarbeit,Decision Making and Analytical,Interpersonal,Both AI & ML
2019,Hamburg,Hamburg,datenanalyse,General,Research,Both AI & ML
2019,Hamburg,Hamburg,machine learning,Statistics and Data,DataMining,Both AI & ML
2019,Hamburg,Hamburg,analyse,Decision Making and Analytical,DecisionMaking,Both AI & ML
2019,Hamburg,Hamburg,machine learning,Statistics and Data,DataMining,Both AI & ML
2019,Hamburg,Hamburg,implementierung,Decision Making and Analytical,DecisionMaking,Both AI & ML
2019,Hamburg,Hamburg,zusammenarbeit,Decision Making and Analytical,Interpersonal,Both AI & ML
2019,Hamburg,Hamburg,datenanalyse,General,Research,Both AI & ML
2019,Hamburg,Hamburg,mathematik,General,Numeracy,Both AI & ML
2019,Hamburg,Hamburg,python,Occupational Attributes,Programming,Both AI & ML
2019,Hamburg,Hamburg,sql,Statistics and Data,StructuredData,Both AI & ML
2019,Hamburg,Hamburg,pandas,Statistics and Data,Statistics,Both AI & ML
2019,Hamburg,Hamburg,statistik,Statistics and Data,Statistics,Both AI & ML
2019,Hamburg,Hamburg,machine learning,Statistics and Data,DataMining,Both AI & ML
2019,Hamburg,Hamburg,integration,Occupational Attributes,EnterpriseSystem,AI
2019,Hamburg,Hamburg,implementierung,Decision Making and Analytical,DecisionMaking,AI
2019,Hamburg,Hamburg,mathematik,General,Numeracy,AI
2019,Bielefeld,Nordrhein-Westfalen,verantwortlich,Communication,Generic,Both AI & ML
2019,Bielefeld,Nordrhein-Westfalen,implementierung,Decision Making and Analytical,DecisionMaking,Both AI & ML
2019,Bielefeld,Nordrhein-Westfalen,machine learning,Statistics and Data,DataMining,Both AI & ML
2019,Bielefeld,Nordrhein-Westfalen,machine learning,Statistics and Data,DataMining,Both AI & ML
2019,Bielefeld,Nordrhein-Westfalen,analyse,Decision Making and Analytical,DecisionMaking,Both AI & ML
2019,Bielefeld,Nordrhein-Westfalen,python,Occupational Attributes,Programming,Both AI & ML
2019,Bielefeld,Nordrhein-Westfalen,sql,Statistics and Data,StructuredData,Both AI & ML
2019,Bielefeld,Nordrhein-Westfalen,implementierung,Decision Making and Analytical,DecisionMaking,Both AI & ML
2019,Bielefeld,Nordrhein-Westfalen,zusammenarbeit,Decision Making and Analytical,Interpersonal,Both AI & ML
2019,Bielefeld,Nordrhein-Westfalen,integration,Occupational Attributes,EnterpriseSystem,Both AI & ML
2019,Bielefeld,Nordrhein-Westfalen,mathematik,General,Numeracy,Both AI & ML
2019,Bielefeld,Nordrhein-Westfalen,machine learning,Statistics and Data,DataMining,Both AI & ML
2019,Bielefeld,Nordrhein-Westfalen,python,Occupational Attributes,Programming,Both AI & ML
2019,Bielefeld,Nordrhein-Westfalen,sql,Statistics and Data,StructuredData,Both AI & ML
2019,Bielefeld,Nordrhein-Westfalen,analyse,Decision Making and Analytical,DecisionMaking,Both AI & ML
2019,Bielefeld,Nordrhein-Westfalen,modellbewertung,Generative AI,EvaluationMonitoring,Both AI & ML
2019,Köln,Nordrhein-Westfalen,verantwortlich,Communication,Generic,AI
2019,Köln,Nordrhein-Westfalen,analyse,Decision Making and Analytical,DecisionMaking,AI
2019,Köln,Nordrhein-Westfalen,zusammenarbeit,Decision Making and Analytical,Interpersonal,AI
2019,Köln,Nordrhein-Westfalen,implementierung,Decision Making and Analytical,DecisionMaking,AI
2019,Köln,Nordrhein-Westfalen,datenanalyse,General,Research,AI
2019,Köln,Nordrhein-Westfalen,prognose,Statistics and Data,DataMining,AI
2019,Köln,Nordrhein-Westfalen,datenanalyse,General,Research,AI
2019,Hamburg,Hamburg,verantwortlich,Communication,Generic,Both AI & ML
2019,Hamburg,Hamburg,analyse,Decision Making and Analytical,DecisionMaking,Both AI & ML
2019,Hamburg,Hamburg,python,Occupational Attributes,Programming,Both AI & ML
2019,Hamburg,Hamburg,sql,Statistics and Data,StructuredData,Both AI & ML
2019,Hamburg,Hamburg,analyse,Decision Making and Analytical,DecisionMaking,Both AI & ML
2019,Hamburg,Hamburg,pandas,Statistics and Data,Statistics,Both AI & ML
2019,Köln,Nordrhein-Westfalen,implementierung,Decision Making and Analytical,DecisionMaking,Both AI & ML
2019,Köln,Nordrhein-Westfalen,analyse,Decision Making and Analytical,DecisionMaking,Both AI & ML
2019,Köln,Nordrhein-Westfalen,zusammenarbeit,Decision Making and Analytical,Interpersonal,Both AI & ML
2019,Köln,Nordrhein-Westfalen,big data,Statistics and Data,BigData,Both AI & ML
2019,Köln,Nordrhein-Westfalen,integration,Occupational Attributes,EnterpriseSystem,Both AI & ML
2019,Köln,Nordrhein-Westfalen,aws,Cloud Platforms,AWS,Both AI & ML
2019,Köln,Nordrhein-Westfalen,azure,Cloud Platforms,Azure,Both AI & ML
2019,Köln,Nordrhein-Westfalen,kommunikation,Decision Making and Analytical,MSOffice,Both AI & ML
2019,Köln,Nordrhein-Westfalen,analyse,Decision Making and Analytical,DecisionMaking,Both AI & ML
2019,Köln,Nordrhein-Westfalen,big data,Statistics and Data,BigData,Both AI & ML
2019,Köln,Nordrhein-Westfalen,aws,Cloud Platforms,AWS,Both AI & ML
2019,Köln,Nordrhein-Westfalen,azure,Cloud Platforms,Azure,Both AI & ML
2019,Bielefeld,Nordrhein-Westfalen,machine learning,Statistics and Data,DataMining,Both AI & ML
2019,Bielefeld,Nordrhein-Westfalen,machine learning,Statistics and Data,DataMining,Both AI & ML
2019,Bielefeld,Nordrhein-Westfalen,dokumentation,Decision Making and Analytical,MSOffice,Both AI & ML
2019,Bielefeld,Nordrhein-Westfalen,machine learning,Statistics and Data,DataMining,Both AI & ML
2019,Bielefeld,Nordrhein-Westfalen,deutsch,General,ForeignLanguage,Both AI & ML
2019,Bonn,Nordrhein-Westfalen,datenanalyse,General,Research,Both AI & ML
2019,Bonn,Nordrhein-Westfalen,machine learning,Statistics and Data,DataMining,Both AI & ML
2019,Bonn,Nordrhein-Westfalen,machine learning,Statistics and Data,DataMining,Both AI & ML
2019,Bonn,Nordrhein-Westfalen,vorhersage,Statistics and Data,DataMining,Both AI & ML
2019,Bonn,Nordrhein-Westfalen,analyse,Decision Making and Analytical,DecisionMaking,Both AI & ML
2019,Bonn,Nordrhein-Westfalen,python,Occupational Attributes,Programming,Both AI & ML
2019,Bonn,Nordrhein-Westfalen,sql,Statistics and Data,StructuredData,Both AI & ML
2019,Bonn,Nordrhein-Westfalen,implementierung,Decision Making and Analytical,DecisionMaking,Both AI & ML
2019,Bonn,Nordrhein-Westfalen,zusammenarbeit,Decision Making and Analytical,Interpersonal,Both AI & ML
2019,Bonn,Nordrhein-Westfalen,mathematik,General,Numeracy,Both AI & ML
2019,Bonn,Nordrhein-Westfalen,statistik,Statistics and Data,Statistics,Both AI & ML
2019,Bonn,Nordrhein-Westfalen,python,Occupational Attributes,Programming,Both AI & ML
2019,Bonn,Nordrhein-Westfalen,pandas,Statistics and Data,Statistics,Both AI & ML
2019,Bonn,Nordrhein-Westfalen,machine learning,Statistics and Data,DataMining,Both AI & ML
2019,Bonn,Nordrhein-Westfalen,modellbewertung,Generative AI,EvaluationMonitoring,Both AI & ML
2019,Bonn,Nordrhein-Westfalen,statistik,Statistics and Data,Statistics,Both AI & ML
2019,Bonn,Nordrhein-Westfalen,sql,Statistics and Data,StructuredData,Both AI & ML
2019,Bonn,Nordrhein-Westfalen,datenextraktion,Occupational Attributes,Scraping,Both AI & ML
2019,Bonn,Nordrhein-Westfalen,zusammenarbeit,Decision Making and Analytical,Interpersonal,Both AI & ML
2019,Nürnberg,Bayern,verantwortlich,Communication,Generic,AI
2019,Nürnberg,Bayern,implementierung,Decision Making and Analytical,DecisionMaking,AI
2019,Nürnberg,Bayern,implementierung,Decision Making and Analytical,DecisionMaking,AI
2019,Nürnberg,Bayern,implementierung,Decision Making and Analytical,DecisionMaking,AI
2019,Nürnberg,Bayern,integration,Occupational Attributes,EnterpriseSystem,AI
2019,Nürnberg,Bayern,zusammenarbeit,Decision Making and Analytical,Interpersonal,AI
2019,Köln,Nordrhein-Westfalen,verantwortlich,Communication,Generic,ML
2019,Köln,Nordrhein-Westfalen,analyse,Decision Making and Analytical,DecisionMaking,ML
2019,Köln,Nordrhein-Westfalen,reporting,Decision Making and Analytical,DecisionMaking,ML
2019,Köln,Nordrhein-Westfalen,datenanalyse,General,Research,ML
2019,Köln,Nordrhein-Westfalen,reporting,Decision Making and Analytical,DecisionMaking,ML
2019,Köln,Nordrhein-Westfalen,sap,Occupational Attributes,EnterpriseSystem,ML
2019,Köln,Nordrhein-Westfalen,sap,Occupational Attributes,EnterpriseSystem,ML
2019,Köln,Nordrhein-Westfalen,lumira,Occupational Attributes,Visualization,ML
2019,Köln,Nordrhein-Westfalen,analysis,Decision Making and Analytical,DecisionMaking,ML
2019,Köln,Nordrhein-Westfalen,sap,Occupational Attributes,EnterpriseSystem,ML
2019,Köln,Nordrhein-Westfalen,reporting,Decision Making and Analytical,DecisionMaking,ML
2019,München,Bayern,implementierung,Decision Making and Analytical,DecisionMaking,Both AI & ML
2019,München,Bayern,implementierung,Decision Making and Analytical,DecisionMaking,Both AI & ML
2019,München,Bayern,zusammenarbeit,Decision Making and Analytical,Interpersonal,Both AI & ML
2019,München,Bayern,integration,Occupational Attributes,EnterpriseSystem,Both AI & ML
2019,München,Bayern,python,Occupational Attributes,Programming,Both AI & ML
2019,München,Bayern,pandas,Statistics and Data,Statistics,Both AI & ML
2019,Hamburg,Hamburg,implementierung,Decision Making and Analytical,DecisionMaking,Both AI & ML
2019,Hamburg,Hamburg,machine learning,Statistics and Data,DataMining,Both AI & ML
2019,Hamburg,Hamburg,analyse,Decision Making and Analytical,DecisionMaking,Both AI & ML
2019,Hamburg,Hamburg,zusammenarbeit,Decision Making and Analytical,Interpersonal,Both AI & ML
2019,Hamburg,Hamburg,implementierung,Decision Making and Analytical,DecisionMaking,Both AI & ML
2019,Hamburg,Hamburg,machine learning,Statistics and Data,DataMining,Both AI & ML
2019,Hamburg,Hamburg,datenanalyse,General,Research,Both AI & ML
2019,Hamburg,Hamburg,nlp,Specialized ML,NLP,Both AI & ML
2019,Hamburg,Hamburg,analyse,Decision Making and Analytical,DecisionMaking,Both AI & ML
2019,Hamburg,Hamburg,zusammenarbeit,Decision Making and Analytical,Interpersonal,Both AI & ML
2019,Hamburg,Hamburg,integration,Occupational Attributes,EnterpriseSystem,Both AI & ML
2019,Hamburg,Hamburg,mathematik,General,Numeracy,Both AI & ML
2019,Hamburg,Hamburg,python,Occupational Attributes,Programming,Both AI & ML
2019,Hamburg,Hamburg,sql,Statistics and Data,StructuredData,Both AI & ML
2019,Hamburg,Hamburg,machine learning,Statistics and Data,DataMining,Both AI & ML
2019,Hamburg,Hamburg,nlp,Specialized ML,NLP,Both AI & ML
2019,Hamburg,Hamburg,zusammenarbeit,Decision Making and Analytical,Interpersonal,Both AI & ML
2019,Frankfurt am Main,Hessen,integration,Occupational Attributes,EnterpriseSystem,Both AI & ML
2019,Frankfurt am Main,Hessen,implementierung,Decision Making and Analytical,DecisionMaking,Both AI & ML
2019,Frankfurt am Main,Hessen,analyse,Decision Making and Analytical,DecisionMaking,Both AI & ML
2019,Frankfurt am Main,Hessen,machine learning,Statistics and Data,DataMining,Both AI & ML
2019,Frankfurt am Main,Hessen,zusammenarbeit,Decision Making and Analytical,Interpersonal,Both AI & ML
2019,Frankfurt am Main,Hessen,integration,Occupational Attributes,EnterpriseSystem,Both AI & ML
2019,Frankfurt am Main,Hessen,machine learning,Statistics and Data,DataMining,Both AI & ML
2019,Frankfurt am Main,Hessen,python,Occupational Attributes,Programming,Both AI & ML
2019,Frankfurt am Main,Hessen,sql,Statistics and Data,StructuredData,Both AI & ML
2019,Frankfurt am Main,Hessen,pandas,Statistics and Data,Statistics,Both AI & ML
2019,Frankfurt am Main,Hessen,big data,Statistics and Data,BigData,Both AI & ML
2019,Frankfurt am Main,Hessen,spark,Statistics and Data,BigData,Both AI & ML
2019,Frankfurt am Main,Hessen,hadoop,Statistics and Data,BigData,Both AI & ML
2019,Lindau (Bodensee),Bayern,computer vision,Specialized ML,ComputerVision,AI
2019,Lindau (Bodensee),Bayern,computer vision,Specialized ML,ComputerVision,AI
2019,Lindau (Bodensee),Bayern,implementierung,Decision Making and Analytical,DecisionMaking,AI
2019,Lindau (Bodensee),Bayern,implementierung,Decision Making and Analytical,DecisionMaking,AI
2019,Lindau (Bodensee),Bayern,computer vision,Specialized ML,ComputerVision,AI
2019,Lindau (Bodensee),Bayern,analyse,Decision Making and Analytical,DecisionMaking,AI
2019,Lindau (Bodensee),Bayern,opencv,Specialized ML,ComputerVision,AI
2019,Lindau (Bodensee),Bayern,zusammenarbeit,Decision Making and Analytical,Interpersonal,AI
2019,Lindau (Bodensee),Bayern,integration,Occupational Attributes,EnterpriseSystem,AI
2019,Lindau (Bodensee),Bayern,computer vision,Specialized ML,ComputerVision,AI
2019,Lindau (Bodensee),Bayern,bildverarbeitung,Specialized ML,ComputerVision,AI
2019,Lindau (Bodensee),Bayern,computer vision,Specialized ML,ComputerVision,AI
2019,Lindau (Bodensee),Bayern,python,Occupational Attributes,Programming,AI
2019,Lindau (Bodensee),Bayern,c + +,Occupational Attributes,Programming,AI
2019,Aachen,Nordrhein-Westfalen,verantwortlich,Communication,Generic,ML
2019,Aachen,Nordrhein-Westfalen,datenanalyse,General,Research,ML
2019,Aachen,Nordrhein-Westfalen,datenanalyse,General,Research,ML
2019,Aachen,Nordrhein-Westfalen,excel,Decision Making and Analytical,MSOffice,ML
2019,Aachen,Nordrhein-Westfalen,sql,Statistics and Data,StructuredData,ML
2019,Aachen,Nordrhein-Westfalen,zusammenarbeit,Decision Making and Analytical,Interpersonal,ML
2019,Aachen,Nordrhein-Westfalen,excel,Decision Making and Analytical,MSOffice,ML
2019,Aachen,Nordrhein-Westfalen,sql,Statistics and Data,StructuredData,ML
2019,Hamburg,Hamburg,machine learning,Statistics and Data,DataMining,Both AI & ML
2019,Hamburg,Hamburg,machine learning,Statistics and Data,DataMining,Both AI & ML
2019,Hamburg,Hamburg,integration,Occupational Attributes,EnterpriseSystem,Both AI & ML
2019,Hamburg,Hamburg,design,Decision Making and Analytical,DecisionMaking,Both AI & ML
2019,Hamburg,Hamburg,zusammenarbeit,Decision Making and Analytical,Interpersonal,Both AI & ML
2019,Hamburg,Hamburg,mathematik,General,Numeracy,Both AI & ML
2019,Hamburg,Hamburg,statistik,Statistics and Data,Statistics,Both AI & ML
2019,Hamburg,Hamburg,python,Occupational Attributes,Programming,Both AI & ML
2019,Hamburg,Hamburg,sql,Statistics and Data,StructuredData,Both AI & ML
2019,Hamburg,Hamburg,machine learning,Statistics and Data,DataMining,Both AI & ML
2019,Hamburg,Hamburg,pandas,Statistics and Data,Statistics,Both AI & ML
2019,Hamburg,Hamburg,big data,Statistics and Data,BigData,Both AI & ML
2019,Hamburg,Hamburg,spark,Statistics and Data,BigData,Both AI & ML
2019,Hamburg,Hamburg,hadoop,Statistics and Data,BigData,Both AI & ML
2019,Mannheim,Baden-Württemberg,machine learning,Statistics and Data,DataMining,ML
2019,Mannheim,Baden-Württemberg,analyse,Decision Making and Analytical,DecisionMaking,ML
2019,Mannheim,Baden-Württemberg,implementierung,Decision Making and Analytical,DecisionMaking,ML
2019,Mannheim,Baden-Württemberg,machine learning,Statistics and Data,DataMining,ML
2019,Mannheim,Baden-Württemberg,datenanalyse,General,Research,ML
2019,Mannheim,Baden-Württemberg,machine learning,Statistics and Data,DataMining,ML
2019,Mannheim,Baden-Württemberg,implementierung,Decision Making and Analytical,DecisionMaking,ML
2019,Stuttgart,Baden-Württemberg,implementierung,Decision Making and Analytical,DecisionMaking,Both AI & ML
2019,Stuttgart,Baden-Württemberg,analyse,Decision Making and Analytical,DecisionMaking,Both AI & ML
2019,Stuttgart,Baden-Württemberg,python,Occupational Attributes,Programming,Both AI & ML
2019,Stuttgart,Baden-Württemberg,pandas,Statistics and Data,Statistics,Both AI & ML
2019,Stuttgart,Baden-Württemberg,zusammenarbeit,Decision Making and Analytical,Interpersonal,Both AI & ML
2019,Stuttgart,Baden-Württemberg,integration,Occupational Attributes,EnterpriseSystem,Both AI & ML
2019,Stuttgart,Baden-Württemberg,mathematik,General,Numeracy,Both AI & ML
2019,Stuttgart,Baden-Württemberg,python,Occupational Attributes,Programming,Both AI & ML
2019,Stuttgart,Baden-Württemberg,machine learning,Statistics and Data,DataMining,Both AI & ML
2019,Stuttgart,Baden-Württemberg,modellbewertung,Generative AI,EvaluationMonitoring,Both AI & ML
2019,Ulm,Baden-Württemberg,machine learning,Statistics and Data,DataMining,Both AI & ML
2019,Ulm,Baden-Württemberg,machine learning,Statistics and Data,DataMining,Both AI & ML
2019,Ulm,Baden-Württemberg,analyse,Decision Making and Analytical,DecisionMaking,Both AI & ML
2019,Ulm,Baden-Württemberg,implementierung,Decision Making and Analytical,DecisionMaking,Both AI & ML
2019,Ulm,Baden-Württemberg,zusammenarbeit,Decision Making and Analytical,Interpersonal,Both AI & ML
2019,Ulm,Baden-Württemberg,integration,Occupational Attributes,EnterpriseSystem,Both AI & ML
2019,Ulm,Baden-Württemberg,machine learning,Statistics and Data,DataMining,Both AI & ML
2019,Ulm,Baden-Württemberg,analyse,Decision Making and Analytical,DecisionMaking,Both AI & ML
2019,Ulm,Baden-Württemberg,python,Occupational Attributes,Programming,Both AI & ML
2019,Ulm,Baden-Württemberg,sql,Statistics and Data,StructuredData,Both AI & ML
2019,Ulm,Baden-Württemberg,implementierung,Decision Making and Analytical,DecisionMaking,Both AI & ML
2019,Ulm,Baden-Württemberg,zusammenarbeit,Decision Making and Analytical,Interpersonal,Both AI & ML
2019,Ulm,Baden-Württemberg,integration,Occupational Attributes,EnterpriseSystem,Both AI & ML
2019,Ulm,Baden-Württemberg,präsentation,Communication,Presentation,Both AI & ML
2019,Ulm,Baden-Württemberg,mathematik,General,Numeracy,Both AI & ML
2019,Ulm,Baden-Württemberg,python,Occupational Attributes,Programming,Both AI & ML
2019,Ulm,Baden-Württemberg,sql,Statistics and Data,StructuredData,Both AI & ML
2019,Ulm,Baden-Württemberg,machine learning,Statistics and Data,DataMining,Both AI & ML
2019,Ulm,Baden-Württemberg,datenanalyse,General,Research,Both AI & ML
2019,Ulm,Baden-Württemberg,pandas,Statistics and Data,Statistics,Both AI & ML
2019,München,Bayern,machine learning,Statistics and Data,DataMining,Both AI & ML
2019,München,Bayern,prognose,Statistics and Data,DataMining,Both AI & ML
2019,München,Bayern,analyse,Decision Making and Analytical,DecisionMaking,Both AI & ML
2019,München,Bayern,datenanalyse,General,Research,Both AI & ML
2019,München,Bayern,implementierung,Decision Making and Analytical,DecisionMaking,Both AI & ML
2019,München,Bayern,machine learning,Statistics and Data,DataMining,Both AI & ML
2019,München,Bayern,datenanalyse,General,Research,Both AI & ML
2019,München,Bayern,python,Occupational Attributes,Programming,Both AI & ML
2019,München,Bayern,sql,Statistics and Data,StructuredData,Both AI & ML
2019,München,Bayern,statistik,Statistics and Data,Statistics,Both AI & ML
2019,München,Bayern,zusammenarbeit,Decision Making and Analytical,Interpersonal,Both AI & ML
2019,München,Bayern,implementierung,Decision Making and Analytical,DecisionMaking,Both AI & ML
2019,München,Bayern,integration,Occupational Attributes,EnterpriseSystem,Both AI & ML
2019,München,Bayern,mathematik,General,Numeracy,Both AI & ML
2019,München,Bayern,statistik,Statistics and Data,Statistics,Both AI & ML
2019,München,Bayern,python,Occupational Attributes,Programming,Both AI & ML
2019,München,Bayern,sql,Statistics and Data,StructuredData,Both AI & ML
2019,München,Bayern,machine learning,Statistics and Data,DataMining,Both AI & ML
2019,München,Bayern,modellbewertung,Generative AI,EvaluationMonitoring,Both AI & ML
2019,München,Bayern,pandas,Statistics and Data,Statistics,Both AI & ML
2019,Leipzig,Sachsen,machine learning,Statistics and Data,DataMining,Both AI & ML
2019,Leipzig,Sachsen,kommunikation,Decision Making and Analytical,MSOffice,Both AI & ML
2019,Leipzig,Sachsen,implementierung,Decision Making and Analytical,DecisionMaking,Both AI & ML
2019,Leipzig,Sachsen,machine learning,Statistics and Data,DataMining,Both AI & ML
2019,Leipzig,Sachsen,datenanalyse,General,Research,Both AI & ML
2019,Leipzig,Sachsen,machine learning,Statistics and Data,DataMining,Both AI & ML
2019,Köln,Nordrhein-Westfalen,implementierung,Decision Making and Analytical,DecisionMaking,Both AI & ML
2019,Köln,Nordrhein-Westfalen,analyse,Decision Making and Analytical,DecisionMaking,Both AI & ML
2019,Köln,Nordrhein-Westfalen,python,Occupational Attributes,Programming,Both AI & ML
2019,Köln,Nordrhein-Westfalen,sql,Statistics and Data,StructuredData,Both AI & ML
2019,Köln,Nordrhein-Westfalen,zusammenarbeit,Decision Making and Analytical,Interpersonal,Both AI & ML
2019,Köln,Nordrhein-Westfalen,integration,Occupational Attributes,EnterpriseSystem,Both AI & ML
2019,Köln,Nordrhein-Westfalen,machine learning,Statistics and Data,DataMining,Both AI & ML
2019,Köln,Nordrhein-Westfalen,python,Occupational Attributes,Programming,Both AI & ML
2019,Köln,Nordrhein-Westfalen,sql,Statistics and Data,StructuredData,Both AI & ML
2019,Köln,Nordrhein-Westfalen,machine learning,Statistics and Data,DataMining,Both AI & ML
2019,Köln,Nordrhein-Westfalen,big data,Statistics and Data,BigData,Both AI & ML
2019,Köln,Nordrhein-Westfalen,spark,Statistics and Data,BigData,Both AI & ML
2019,Köln,Nordrhein-Westfalen,hadoop,Statistics and Data,BigData,Both AI & ML
2019,Köln,Nordrhein-Westfalen,aws,Cloud Platforms,AWS,Both AI & ML
2019,Köln,Nordrhein-Westfalen,azure,Cloud Platforms,Azure,Both AI & ML
2019,Moosburg,Bayern,computer vision,Specialized ML,ComputerVision,Both AI & ML
2019,Moosburg,Bayern,machine learning,Statistics and Data,DataMining,Both AI & ML
2019,Moosburg,Bayern,computer vision,Specialized ML,ComputerVision,Both AI & ML
2019,Moosburg,Bayern,machine learning,Statistics and Data,DataMining,Both AI & ML
2019,Moosburg,Bayern,implementierung,Decision Making and Analytical,DecisionMaking,Both AI & ML
2019,Moosburg,Bayern,computer vision,Specialized ML,ComputerVision,Both AI & ML
2019,Moosburg,Bayern,machine learning,Statistics and Data,DataMining,Both AI & ML
2019,Moosburg,Bayern,zusammenarbeit,Decision Making and Analytical,Interpersonal,Both AI & ML
2019,Moosburg,Bayern,integration,Occupational Attributes,EnterpriseSystem,Both AI & ML
2019,Moosburg,Bayern,dokumentation,Decision Making and Analytical,MSOffice,Both AI & ML
2019,Moosburg,Bayern,präsentation,Communication,Presentation,Both AI & ML
2019,Moosburg,Bayern,python,Occupational Attributes,Programming,Both AI & ML
2019,Moosburg,Bayern,opencv,Specialized ML,ComputerVision,Both AI & ML
2019,Moosburg,Bayern,computer vision,Specialized ML,ComputerVision,Both AI & ML
2019,Moosburg,Bayern,machine learning,Statistics and Data,DataMining,Both AI & ML
2019,Moosburg,Bayern,analyse,Decision Making and Analytical,DecisionMaking,Both AI & ML
2019,Moosburg,Bayern,pandas,Statistics and Data,Statistics,Both AI & ML
2019,Moosburg,Bayern,deutsch,General,ForeignLanguage,Both AI & ML
2019,Heilbronn,Baden-Württemberg,verantwortlich,Communication,Generic,AI
2019,Heilbronn,Baden-Württemberg,planung,Data Engineering,Orchestration,AI
2019,Heilbronn,Baden-Württemberg,implementierung,Decision Making and Analytical,DecisionMaking,AI
2019,Heilbronn,Baden-Württemberg,implementierung,Decision Making and Analytical,DecisionMaking,AI
2019,Heilbronn,Baden-Württemberg,planung,Data Engineering,Orchestration,AI
2019,Heilbronn,Baden-Württemberg,zusammenarbeit,Decision Making and Analytical,Interpersonal,AI
2019,Heilbronn,Baden-Württemberg,analyse,Decision Making and Analytical,DecisionMaking,AI
2019,Heilbronn,Baden-Württemberg,python,Occupational Attributes,Programming,AI
2019,Berlin,Berlin,big data,Statistics and Data,BigData,Both AI & ML
2019,Berlin,Berlin,big data,Statistics and Data,BigData,Both AI & ML
2019,Berlin,Berlin,implementierung,Decision Making and Analytical,DecisionMaking,Both AI & ML
2019,Berlin,Berlin,machine learning,Statistics and Data,DataMining,Both AI & ML
2019,Berlin,Berlin,datenanalyse,General,Research,Both AI & ML
2019,Berlin,Berlin,mathematik,General,Numeracy,Both AI & ML
2019,Berlin,Berlin,python,Occupational Attributes,Programming,Both AI & ML
2019,Berlin,Berlin,sql,Statistics and Data,StructuredData,Both AI & ML
2019,Berlin,Berlin,machine learning,Statistics and Data,DataMining,Both AI & ML
2019,Berlin,Berlin,big data,Statistics and Data,BigData,Both AI & ML
2019,Berlin,Berlin,spark,Statistics and Data,BigData,Both AI & ML
2019,Berlin,Berlin,hadoop,Statistics and Data,BigData,Both AI & ML
2019,Augsburg,Bayern,implementierung,Decision Making and Analytical,DecisionMaking,AI
2019,Augsburg,Bayern,implementierung,Decision Making and Analytical,DecisionMaking,AI
2019,Köln,Nordrhein-Westfalen,verantwortlich,Communication,Generic,Both AI & ML
2019,Köln,Nordrhein-Westfalen,analyse,Decision Making and Analytical,DecisionMaking,Both AI & ML
2019,Köln,Nordrhein-Westfalen,spark,Statistics and Data,BigData,Both AI & ML
2019,Köln,Nordrhein-Westfalen,hadoop,Statistics and Data,BigData,Both AI & ML
2019,Köln,Nordrhein-Westfalen,tableau,Occupational Attributes,Visualization,Both AI & ML
2019,Köln,Nordrhein-Westfalen,implementierung,Decision Making and Analytical,DecisionMaking,Both AI & ML
2019,Köln,Nordrhein-Westfalen,datenanalyse,General,Research,Both AI & ML
2019,Köln,Nordrhein-Westfalen,vorhersage,Statistics and Data,DataMining,Both AI & ML
2019,Köln,Nordrhein-Westfalen,zusammenarbeit,Decision Making and Analytical,Interpersonal,Both AI & ML
2019,Köln,Nordrhein-Westfalen,sql,Statistics and Data,StructuredData,Both AI & ML
2019,Köln,Nordrhein-Westfalen,nosql,Statistics and Data,BigData,Both AI & ML
2019,Köln,Nordrhein-Westfalen,big data,Statistics and Data,BigData,Both AI & ML
2019,Köln,Nordrhein-Westfalen,spark,Statistics and Data,BigData,Both AI & ML
2019,Köln,Nordrhein-Westfalen,hadoop,Statistics and Data,BigData,Both AI & ML
2019,Köln,Nordrhein-Westfalen,datenanalyse,General,Research,Both AI & ML
2019,Köln,Nordrhein-Westfalen,berichte,Occupational Attributes,Visualization,Both AI & ML
2019,Köln,Nordrhein-Westfalen,implementierung,Decision Making and Analytical,DecisionMaking,Both AI & ML
2019,Köln,Nordrhein-Westfalen,machine learning,Statistics and Data,DataMining,Both AI & ML
2019,Köln,Nordrhein-Westfalen,implementierung,Decision Making and Analytical,DecisionMaking,Both AI & ML
2019,Köln,Nordrhein-Westfalen,machine learning,Statistics and Data,DataMining,Both AI & ML
2019,Köln,Nordrhein-Westfalen,analyse,Decision Making and Analytical,DecisionMaking,Both AI & ML
2019,Köln,Nordrhein-Westfalen,pandas,Statistics and Data,Statistics,Both AI & ML
2019,Köln,Nordrhein-Westfalen,mathematik,General,Numeracy,Both AI & ML
2019,Köln,Nordrhein-Westfalen,python,Occupational Attributes,Programming,Both AI & ML
2019,Köln,Nordrhein-Westfalen,datenanalyse,General,Research,Both AI & ML
2019,Köln,Nordrhein-Westfalen,pandas,Statistics and Data,Statistics,Both AI & ML
2019,Düsseldorf,Nordrhein-Westfalen,java,Occupational Attributes,Programming,ML
2019,Düsseldorf,Nordrhein-Westfalen,java,Occupational Attributes,Programming,ML
2019,Düsseldorf,Nordrhein-Westfalen,java,Occupational Attributes,Programming,ML
2019,Düsseldorf,Nordrhein-Westfalen,implementierung,Decision Making and Analytical,DecisionMaking,ML
2019,Düsseldorf,Nordrhein-Westfalen,java,Occupational Attributes,Programming,ML
2019,Düsseldorf,Nordrhein-Westfalen,zusammenarbeit,Decision Making and Analytical,Interpersonal,ML
2019,Düsseldorf,Nordrhein-Westfalen,integration,Occupational Attributes,EnterpriseSystem,ML
2019,Düsseldorf,Nordrhein-Westfalen,pandas,Statistics and Data,Statistics,ML
2019,Düsseldorf,Nordrhein-Westfalen,kooperation,Decision Making and Analytical,Interpersonal,ML
2019,Düsseldorf,Nordrhein-Westfalen,java,Occupational Attributes,Programming,ML
2019,Düsseldorf,Nordrhein-Westfalen,java,Occupational Attributes,Programming,ML
2019,Düsseldorf,Nordrhein-Westfalen,pandas,Statistics and Data,Statistics,ML
2019,Düsseldorf,Nordrhein-Westfalen,modellbewertung,Generative AI,EvaluationMonitoring,ML
2019,Frankfurt am Main,Hessen,java,Occupational Attributes,Programming,Both AI & ML
2019,Frankfurt am Main,Hessen,java,Occupational Attributes,Programming,Both AI & ML
2019,Frankfurt am Main,Hessen,java,Occupational Attributes,Programming,Both AI & ML
2019,Frankfurt am Main,Hessen,machine learning,Statistics and Data,DataMining,Both AI & ML
2019,Frankfurt am Main,Hessen,java,Occupational Attributes,Programming,Both AI & ML
2019,Frankfurt am Main,Hessen,implementierung,Decision Making and Analytical,DecisionMaking,Both AI & ML
2019,Frankfurt am Main,Hessen,java,Occupational Attributes,Programming,Both AI & ML
2019,Frankfurt am Main,Hessen,integration,Occupational Attributes,EnterpriseSystem,Both AI & ML
2019,Frankfurt am Main,Hessen,machine learning,Statistics and Data,DataMining,Both AI & ML
2019,Frankfurt am Main,Hessen,zusammenarbeit,Decision Making and Analytical,Interpersonal,Both AI & ML
2019,Frankfurt am Main,Hessen,java,Occupational Attributes,Programming,Both AI & ML
2019,Frankfurt am Main,Hessen,machine learning,Statistics and Data,DataMining,Both AI & ML
2019,Frankfurt am Main,Hessen,docker,MLOps,Tools,Both AI & ML
2019,Hannover,Niedersachsen,analyse,Decision Making and Analytical,DecisionMaking,ML
2019,Hannover,Niedersachsen,implementierung,Decision Making and Analytical,DecisionMaking,ML
2019,Hannover,Niedersachsen,python,Occupational Attributes,Programming,ML
2019,Hannover,Niedersachsen,sql,Statistics and Data,StructuredData,ML
2019,Hannover,Niedersachsen,analyse,Decision Making and Analytical,DecisionMaking,ML
2019,Hannover,Niedersachsen,mathematik,General,Numeracy,ML
2019,Hannover,Niedersachsen,statistik,Statistics and Data,Statistics,ML
2019,Hannover,Niedersachsen,python,Occupational Attributes,Programming,ML
2019,Hannover,Niedersachsen,sql,Statistics and Data,StructuredData,ML
2019,Hannover,Niedersachsen,datenanalyse,General,Research,ML
2019,Hannover,Niedersachsen,tableau,Occupational Attributes,Visualization,ML
2019,Düsseldorf,Nordrhein-Westfalen,machine learning,Statistics and Data,DataMining,Both AI & ML
2019,Düsseldorf,Nordrhein-Westfalen,datenanalyse,General,Research,Both AI & ML
2019,Düsseldorf,Nordrhein-Westfalen,implementierung,Decision Making and Analytical,DecisionMaking,Both AI & ML
2019,Düsseldorf,Nordrhein-Westfalen,nlp,Specialized ML,NLP,Both AI & ML
2019,Düsseldorf,Nordrhein-Westfalen,mathematik,General,Numeracy,Both AI & ML
2019,Düsseldorf,Nordrhein-Westfalen,statistik,Statistics and Data,Statistics,Both AI & ML
2019,Düsseldorf,Nordrhein-Westfalen,python,Occupational Attributes,Programming,Both AI & ML
2019,Düsseldorf,Nordrhein-Westfalen,sql,Statistics and Data,StructuredData,Both AI & ML
2019,Düsseldorf,Nordrhein-Westfalen,machine learning,Statistics and Data,DataMining,Both AI & ML
2019,Düsseldorf,Nordrhein-Westfalen,nlp,Specialized ML,NLP,Both AI & ML
2019,Frankfurt am Main,Hessen,implementierung,Decision Making and Analytical,DecisionMaking,Both AI & ML
2019,Frankfurt am Main,Hessen,implementierung,Decision Making and Analytical,DecisionMaking,Both AI & ML
2019,Frankfurt am Main,Hessen,analyse,Decision Making and Analytical,DecisionMaking,Both AI & ML
2019,Frankfurt am Main,Hessen,machine learning,Statistics and Data,DataMining,Both AI & ML
2019,Frankfurt am Main,Hessen,zusammenarbeit,Decision Making and Analytical,Interpersonal,Both AI & ML
2019,Frankfurt am Main,Hessen,machine learning,Statistics and Data,DataMining,Both AI & ML
2019,Frankfurt am Main,Hessen,python,Occupational Attributes,Programming,Both AI & ML
2019,Frankfurt am Main,Hessen,sql,Statistics and Data,StructuredData,Both AI & ML
2019,Frankfurt am Main,Hessen,analyse,Decision Making and Analytical,DecisionMaking,Both AI & ML
2019,Frankfurt am Main,Hessen,pandas,Statistics and Data,Statistics,Both AI & ML
2019,Hamburg,Hamburg,python,Occupational Attributes,Programming,ML
2019,Hamburg,Hamburg,machine learning,Statistics and Data,DataMining,ML
2019,Hamburg,Hamburg,sql,Statistics and Data,StructuredData,ML
2019,Hamburg,Hamburg,python,Occupational Attributes,Programming,ML
2019,Hamburg,Hamburg,spark,Statistics and Data,BigData,ML
2019,Hamburg,Hamburg,sql,Statistics and Data,StructuredData,ML
2019,Hamburg,Hamburg,python,Occupational Attributes,Programming,ML
2019,Hamburg,Hamburg,machine learning,Statistics and Data,DataMining,ML
2019,Hamburg,Hamburg,python,Occupational Attributes,Programming,ML
2019,Hamburg,Hamburg,spark,Statistics and Data,BigData,ML
2019,Hamburg,Hamburg,zusammenarbeit,Decision Making and Analytical,Interpersonal,ML
2019,Hamburg,Hamburg,implementierung,Decision Making and Analytical,DecisionMaking,ML
2019,Hamburg,Hamburg,sql,Statistics and Data,StructuredData,ML
2019,Hamburg,Hamburg,python,Occupational Attributes,Programming,ML
2019,Hamburg,Hamburg,machine learning,Statistics and Data,DataMining,ML
2019,München,Bayern,implementierung,Decision Making and Analytical,DecisionMaking,Both AI & ML
2019,München,Bayern,analyse,Decision Making and Analytical,DecisionMaking,Both AI & ML
2019,München,Bayern,zusammenarbeit,Decision Making and Analytical,Interpersonal,Both AI & ML
2019,München,Bayern,tableau,Occupational Attributes,Visualization,Both AI & ML
2019,München,Bayern,integration,Occupational Attributes,EnterpriseSystem,Both AI & ML
2019,München,Bayern,datenanalyse,General,Research,Both AI & ML
2019,München,Bayern,vorhersage,Statistics and Data,DataMining,Both AI & ML
2019,München,Bayern,tableau,Occupational Attributes,Visualization,Both AI & ML
2019,München,Bayern,sql,Statistics and Data,StructuredData,Both AI & ML
2019,München,Bayern,datenextraktion,Occupational Attributes,Scraping,Both AI & ML
2019,München,Bayern,analyse,Decision Making and Analytical,DecisionMaking,Both AI & ML
2019,München,Bayern,zusammenarbeit,Decision Making and Analytical,Interpersonal,Both AI & ML
2019,München,Bayern,analyse,Decision Making and Analytical,DecisionMaking,ML
2019,München,Bayern,implementierung,Decision Making and Analytical,DecisionMaking,ML
2019,München,Bayern,analyse,Decision Making and Analytical,DecisionMaking,ML
2019,München,Bayern,python,Occupational Attributes,Programming,ML
2019,München,Bayern,sql,Statistics and Data,StructuredData,ML
2019,München,Bayern,zusammenarbeit,Decision Making and Analytical,Interpersonal,ML
2019,München,Bayern,mathematik,General,Numeracy,ML
2019,München,Bayern,statistik,Statistics and Data,Statistics,ML
2019,München,Bayern,python,Occupational Attributes,Programming,ML
2019,München,Bayern,sql,Statistics and Data,StructuredData,ML
2019,Köln,Nordrhein-Westfalen,analyse,Decision Making and Analytical,DecisionMaking,Both AI & ML
2019,Köln,Nordrhein-Westfalen,modellierung,Decision Making and Analytical,DecisionMaking,Both AI & ML
2019,Köln,Nordrhein-Westfalen,machine learning,Statistics and Data,DataMining,Both AI & ML
2019,Köln,Nordrhein-Westfalen,datenanalyse,General,Research,Both AI & ML
2019,Köln,Nordrhein-Westfalen,prognose,Statistics and Data,DataMining,Both AI & ML
2019,Köln,Nordrhein-Westfalen,implementierung,Decision Making and Analytical,DecisionMaking,Both AI & ML
2019,Köln,Nordrhein-Westfalen,analyse,Decision Making and Analytical,DecisionMaking,Both AI & ML
2019,Köln,Nordrhein-Westfalen,zusammenarbeit,Decision Making and Analytical,Interpersonal,Both AI & ML
2019,Köln,Nordrhein-Westfalen,integration,Occupational Attributes,EnterpriseSystem,Both AI & ML
2019,Köln,Nordrhein-Westfalen,mathematik,General,Numeracy,Both AI & ML
2019,Köln,Nordrhein-Westfalen,statistik,Statistics and Data,Statistics,Both AI & ML
2019,Köln,Nordrhein-Westfalen,python,Occupational Attributes,Programming,Both AI & ML
2019,Köln,Nordrhein-Westfalen,sql,Statistics and Data,StructuredData,Both AI & ML
2019,Köln,Nordrhein-Westfalen,machine learning,Statistics and Data,DataMining,Both AI & ML
2019,Köln,Nordrhein-Westfalen,datenanalyse,General,Research,Both AI & ML
2019,Köln,Nordrhein-Westfalen,modellierung,Decision Making and Analytical,DecisionMaking,Both AI & ML
2019,München,Bayern,verantwortlich,Communication,Generic,Both AI & ML
2019,München,Bayern,implementierung,Decision Making and Analytical,DecisionMaking,Both AI & ML
2019,München,Bayern,zusammenarbeit,Decision Making and Analytical,Interpersonal,Both AI & ML
2019,München,Bayern,integration,Occupational Attributes,EnterpriseSystem,Both AI & ML
2019,München,Bayern,python,Occupational Attributes,Programming,Both AI & ML
2019,München,Bayern,sql,Statistics and Data,StructuredData,Both AI & ML
2019,München,Bayern,machine learning,Statistics and Data,DataMining,Both AI & ML
2019,München,Bayern,modellbewertung,Generative AI,EvaluationMonitoring,Both AI & ML
2019,München,Bayern,deutsch,General,ForeignLanguage,Both AI & ML
2019,Darmstadt,Hessen,verantwortlich,Communication,Generic,Both AI & ML
2019,Darmstadt,Hessen,integration,Occupational Attributes,EnterpriseSystem,Both AI & ML
2019,Darmstadt,Hessen,analyse,Decision Making and Analytical,DecisionMaking,Both AI & ML
2019,Darmstadt,Hessen,mathematik,General,Numeracy,Both AI & ML
2019,Darmstadt,Hessen,analysis,Decision Making and Analytical,DecisionMaking,Both AI & ML
2019,Darmstadt,Hessen,python,Occupational Attributes,Programming,Both AI & ML
2019,Darmstadt,Hessen,sql,Statistics and Data,StructuredData,Both AI & ML
2019,Darmstadt,Hessen,datenanalyse,General,Research,Both AI & ML
2019,Darmstadt,Hessen,machine learning,Statistics and Data,DataMining,Both AI & ML
2019,Darmstadt,Hessen,big data,Statistics and Data,BigData,Both AI & ML
2019,Darmstadt,Hessen,spark,Statistics and Data,BigData,Both AI & ML
2019,Darmstadt,Hessen,hadoop,Statistics and Data,BigData,Both AI & ML
2019,Darmstadt,Hessen,deutsch,General,ForeignLanguage,Both AI & ML
2019,Darmstadt,Hessen,englisch,General,ForeignLanguage,Both AI & ML
2019,Düsseldorf,Nordrhein-Westfalen,verantwortlich,Communication,Generic,Both AI & ML
2019,Düsseldorf,Nordrhein-Westfalen,planung,Data Engineering,Orchestration,Both AI & ML
2019,Düsseldorf,Nordrhein-Westfalen,planung,Data Engineering,Orchestration,Both AI & ML
2019,Münster,Nordrhein-Westfalen,verantwortlich,Communication,Generic,Both AI & ML
2019,Münster,Nordrhein-Westfalen,machine learning,Statistics and Data,DataMining,Both AI & ML
2019,Münster,Nordrhein-Westfalen,machine learning,Statistics and Data,DataMining,Both AI & ML
2019,Münster,Nordrhein-Westfalen,datenanalyse,General,Research,Both AI & ML
2019,Münster,Nordrhein-Westfalen,python,Occupational Attributes,Programming,Both AI & ML
2019,Münster,Nordrhein-Westfalen,pandas,Statistics and Data,Statistics,Both AI & ML
2019,Münster,Nordrhein-Westfalen,statistik,Statistics and Data,Statistics,Both AI & ML
2019,Münster,Nordrhein-Westfalen,zusammenarbeit,Decision Making and Analytical,Interpersonal,Both AI & ML
2019,Münster,Nordrhein-Westfalen,implementierung,Decision Making and Analytical,DecisionMaking,Both AI & ML
2019,Münster,Nordrhein-Westfalen,mathematik,General,Numeracy,Both AI & ML
2019,Münster,Nordrhein-Westfalen,statistik,Statistics and Data,Statistics,Both AI & ML
2019,Münster,Nordrhein-Westfalen,python,Occupational Attributes,Programming,Both AI & ML
2019,Münster,Nordrhein-Westfalen,sql,Statistics and Data,StructuredData,Both AI & ML
2019,Münster,Nordrhein-Westfalen,machine learning,Statistics and Data,DataMining,Both AI & ML
2019,Münster,Nordrhein-Westfalen,big data,Statistics and Data,BigData,Both AI & ML
2019,Münster,Nordrhein-Westfalen,spark,Statistics and Data,BigData,Both AI & ML
2019,Münster,Nordrhein-Westfalen,hadoop,Statistics and Data,BigData,Both AI & ML
2019,Saarbrücken,Saarland,machine learning,Statistics and Data,DataMining,Both AI & ML
2019,Saarbrücken,Saarland,machine learning,Statistics and Data,DataMining,Both AI & ML
2019,Saarbrücken,Saarland,implementierung,Decision Making and Analytical,DecisionMaking,Both AI & ML
2019,Saarbrücken,Saarland,machine learning,Statistics and Data,DataMining,Both AI & ML
2019,Saarbrücken,Saarland,datenanalyse,General,Research,Both AI & ML
2019,Saarbrücken,Saarland,zusammenarbeit,Decision Making and Analytical,Interpersonal,Both AI & ML
2019,Saarbrücken,Saarland,integration,Occupational Attributes,EnterpriseSystem,Both AI & ML
2019,Saarbrücken,Saarland,machine learning,Statistics and Data,DataMining,Both AI & ML
2019,Saarbrücken,Saarland,python,Occupational Attributes,Programming,Both AI & ML
2019,Saarbrücken,Saarland,mathematik,General,Numeracy,Both AI & ML
2019,Saarbrücken,Saarland,machine learning,Statistics and Data,DataMining,Both AI & ML
2019,Saarbrücken,Saarland,python,Occupational Attributes,Programming,Both AI & ML
2019,Saarbrücken,Saarland,sql,Statistics and Data,StructuredData,Both AI & ML
2019,Saarbrücken,Saarland,big data,Statistics and Data,BigData,Both AI & ML
2019,Saarbrücken,Saarland,spark,Statistics and Data,BigData,Both AI & ML
2019,Saarbrücken,Saarland,hadoop,Statistics and Data,BigData,Both AI & ML
2019,Aachen,Nordrhein-Westfalen,machine learning,Statistics and Data,DataMining,Both AI & ML
2019,Aachen,Nordrhein-Westfalen,machine learning,Statistics and Data,DataMining,Both AI & ML
2019,Aachen,Nordrhein-Westfalen,implementierung,Decision Making and Analytical,DecisionMaking,Both AI & ML
2019,Aachen,Nordrhein-Westfalen,machine learning,Statistics and Data,DataMining,Both AI & ML
2019,Aachen,Nordrhein-Westfalen,analyse,Decision Making and Analytical,DecisionMaking,Both AI & ML
2019,Aachen,Nordrhein-Westfalen,python,Occupational Attributes,Programming,Both AI & ML
2019,Aachen,Nordrhein-Westfalen,sql,Statistics and Data,StructuredData,Both AI & ML
2019,Aachen,Nordrhein-Westfalen,zusammenarbeit,Decision Making and Analytical,Interpersonal,Both AI & ML
2019,Aachen,Nordrhein-Westfalen,integration,Occupational Attributes,EnterpriseSystem,Both AI & ML
2019,Aachen,Nordrhein-Westfalen,machine learning,Statistics and Data,DataMining,Both AI & ML
2019,Aachen,Nordrhein-Westfalen,mathematik,General,Numeracy,Both AI & ML
2019,Aachen,Nordrhein-Westfalen,statistik,Statistics and Data,Statistics,Both AI & ML
2019,Aachen,Nordrhein-Westfalen,machine learning,Statistics and Data,DataMining,Both AI & ML
2019,Aachen,Nordrhein-Westfalen,python,Occupational Attributes,Programming,Both AI & ML
2019,Aachen,Nordrhein-Westfalen,sql,Statistics and Data,StructuredData,Both AI & ML
2019,Aachen,Nordrhein-Westfalen,pandas,Statistics and Data,Statistics,Both AI & ML
2019,Aachen,Nordrhein-Westfalen,aws,Cloud Platforms,AWS,Both AI & ML
2019,Aachen,Nordrhein-Westfalen,azure,Cloud Platforms,Azure,Both AI & ML
2019,Berlin,Berlin,analyse,Decision Making and Analytical,DecisionMaking,Both AI & ML
2019,Berlin,Berlin,zusammenarbeit,Decision Making and Analytical,Interpersonal,Both AI & ML
2019,Berlin,Berlin,implementierung,Decision Making and Analytical,DecisionMaking,Both AI & ML
2019,Berlin,Berlin,mathematik,General,Numeracy,Both AI & ML
2019,Berlin,Berlin,python,Occupational Attributes,Programming,Both AI & ML
2019,Berlin,Berlin,sql,Statistics and Data,StructuredData,Both AI & ML
2019,Berlin,Berlin,machine learning,Statistics and Data,DataMining,Both AI & ML
2019,Köln,Nordrhein-Westfalen,integration,Occupational Attributes,EnterpriseSystem,Both AI & ML
2019,Köln,Nordrhein-Westfalen,machine learning,Statistics and Data,DataMining,Both AI & ML
2019,Köln,Nordrhein-Westfalen,planung,Data Engineering,Orchestration,Both AI & ML
2019,Köln,Nordrhein-Westfalen,implementierung,Decision Making and Analytical,DecisionMaking,Both AI & ML
2019,Köln,Nordrhein-Westfalen,machine learning,Statistics and Data,DataMining,Both AI & ML
2019,Köln,Nordrhein-Westfalen,analyse,Decision Making and Analytical,DecisionMaking,Both AI & ML
2019,Köln,Nordrhein-Westfalen,python,Occupational Attributes,Programming,Both AI & ML
2019,Köln,Nordrhein-Westfalen,sql,Statistics and Data,StructuredData,Both AI & ML
2019,Köln,Nordrhein-Westfalen,python,Occupational Attributes,Programming,Both AI & ML
2019,Köln,Nordrhein-Westfalen,sql,Statistics and Data,StructuredData,Both AI & ML
2019,Köln,Nordrhein-Westfalen,machine learning,Statistics and Data,DataMining,Both AI & ML
2019,Köln,Nordrhein-Westfalen,analyse,Decision Making and Analytical,DecisionMaking,Both AI & ML
2019,Mosbach,Baden-Württemberg,verantwortlich,Communication,Generic,Both AI & ML
2019,Mosbach,Baden-Württemberg,machine learning,Statistics and Data,DataMining,Both AI & ML
2019,Mosbach,Baden-Württemberg,machine learning,Statistics and Data,DataMining,Both AI & ML
2019,Mosbach,Baden-Württemberg,implementierung,Decision Making and Analytical,DecisionMaking,Both AI & ML
2019,Mosbach,Baden-Württemberg,analyse,Decision Making and Analytical,DecisionMaking,Both AI & ML
2019,Mosbach,Baden-Württemberg,pandas,Statistics and Data,Statistics,Both AI & ML
2019,Mosbach,Baden-Württemberg,sql,Statistics and Data,StructuredData,Both AI & ML
2019,Mosbach,Baden-Württemberg,zusammenarbeit,Decision Making and Analytical,Interpersonal,Both AI & ML
2019,Mosbach,Baden-Württemberg,integration,Occupational Attributes,EnterpriseSystem,Both AI & ML
2019,Mosbach,Baden-Württemberg,machine learning,Statistics and Data,DataMining,Both AI & ML
2019,Mosbach,Baden-Württemberg,python,Occupational Attributes,Programming,Both AI & ML
2019,Mosbach,Baden-Württemberg,big data,Statistics and Data,BigData,Both AI & ML
2019,Mosbach,Baden-Württemberg,spark,Statistics and Data,BigData,Both AI & ML
2019,Mosbach,Baden-Württemberg,hadoop,Statistics and Data,BigData,Both AI & ML
2019,Ulm,Baden-Württemberg,computer vision,Specialized ML,ComputerVision,Both AI & ML
2019,Ulm,Baden-Württemberg,computer vision,Specialized ML,ComputerVision,Both AI & ML
2019,Ulm,Baden-Württemberg,opencv,Specialized ML,ComputerVision,Both AI & ML
2019,Ulm,Baden-Württemberg,integration,Occupational Attributes,EnterpriseSystem,Both AI & ML
2019,Ulm,Baden-Württemberg,computer vision,Specialized ML,ComputerVision,Both AI & ML
2019,Ulm,Baden-Württemberg,opencv,Specialized ML,ComputerVision,Both AI & ML
2019,Ulm,Baden-Württemberg,integration,Occupational Attributes,EnterpriseSystem,Both AI & ML
2019,München,Bayern,implementierung,Decision Making and Analytical,DecisionMaking,Both AI & ML
2019,München,Bayern,machine learning,Statistics and Data,DataMining,Both AI & ML
2019,München,Bayern,analyse,Decision Making and Analytical,DecisionMaking,Both AI & ML
2019,München,Bayern,prognose,Statistics and Data,DataMining,Both AI & ML
2019,München,Bayern,implementierung,Decision Making and Analytical,DecisionMaking,Both AI & ML
2019,München,Bayern,datenanalyse,General,Research,Both AI & ML
2019,München,Bayern,python,Occupational Attributes,Programming,Both AI & ML
2019,München,Bayern,pandas,Statistics and Data,Statistics,Both AI & ML
2019,München,Bayern,mathematik,General,Numeracy,Both AI & ML
2019,München,Bayern,python,Occupational Attributes,Programming,Both AI & ML
2019,München,Bayern,pandas,Statistics and Data,Statistics,Both AI & ML
2019,München,Bayern,sql,Statistics and Data,StructuredData,Both AI & ML
2019,München,Bayern,datenextraktion,Occupational Attributes,Scraping,Both AI & ML
2019,Köln,Nordrhein-Westfalen,mysql,Statistics and Data,StructuredData,Both AI & ML
2019,Köln,Nordrhein-Westfalen,big data,Statistics and Data,BigData,Both AI & ML
2019,Köln,Nordrhein-Westfalen,machine learning,Statistics and Data,DataMining,Both AI & ML
2019,Köln,Nordrhein-Westfalen,big data,Statistics and Data,BigData,Both AI & ML
2019,Köln,Nordrhein-Westfalen,problemlösung,Decision Making and Analytical,ProblemSolving,Both AI & ML
2019,Köln,Nordrhein-Westfalen,machine learning,Statistics and Data,DataMining,Both AI & ML
2019,Köln,Nordrhein-Westfalen,statistik,Statistics and Data,Statistics,Both AI & ML
2019,Köln,Nordrhein-Westfalen,big data,Statistics and Data,BigData,Both AI & ML
2019,Köln,Nordrhein-Westfalen,hadoop,Statistics and Data,BigData,Both AI & ML
2019,Köln,Nordrhein-Westfalen,nosql,Statistics and Data,BigData,Both AI & ML
2019,Köln,Nordrhein-Westfalen,spark,Statistics and Data,BigData,Both AI & ML
2019,Köln,Nordrhein-Westfalen,mathematik,General,Numeracy,Both AI & ML
2019,Köln,Nordrhein-Westfalen,statistik,Statistics and Data,Statistics,Both AI & ML
2019,Köln,Nordrhein-Westfalen,big data,Statistics and Data,BigData,Both AI & ML
2019,Köln,Nordrhein-Westfalen,hadoop,Statistics and Data,BigData,Both AI & ML
2019,Köln,Nordrhein-Westfalen,nosql,Statistics and Data,BigData,Both AI & ML
2019,Köln,Nordrhein-Westfalen,spark,Statistics and Data,BigData,Both AI & ML
2019,Köln,Nordrhein-Westfalen,machine learning,Statistics and Data,DataMining,Both AI & ML
2019,Oberkochen,Baden-Württemberg,machine learning,Statistics and Data,DataMining,Both AI & ML
2019,Oberkochen,Baden-Württemberg,machine learning,Statistics and Data,DataMining,Both AI & ML
2019,Oberkochen,Baden-Württemberg,maschinelles lernen,Statistics and Data,DataMining,Both AI & ML
2019,Oberkochen,Baden-Württemberg,machine learning,Statistics and Data,DataMining,Both AI & ML
2019,Oberkochen,Baden-Württemberg,datenanalyse,General,Research,Both AI & ML
2019,Oberkochen,Baden-Württemberg,python,Occupational Attributes,Programming,Both AI & ML
2019,Oberkochen,Baden-Württemberg,pandas,Statistics and Data,Statistics,Both AI & ML
2019,Oberkochen,Baden-Württemberg,sql,Statistics and Data,StructuredData,Both AI & ML
2019,Oberkochen,Baden-Württemberg,machine learning,Statistics and Data,DataMining,Both AI & ML
2019,Oberkochen,Baden-Württemberg,mathematik,General,Numeracy,Both AI & ML
2019,Oberkochen,Baden-Württemberg,python,Occupational Attributes,Programming,Both AI & ML
2019,Oberkochen,Baden-Württemberg,sql,Statistics and Data,StructuredData,Both AI & ML
2019,Oberkochen,Baden-Württemberg,machine learning,Statistics and Data,DataMining,Both AI & ML
2019,Oberkochen,Baden-Württemberg,modellbewertung,Generative AI,EvaluationMonitoring,Both AI & ML
2019,Köln,Nordrhein-Westfalen,machine learning,Statistics and Data,DataMining,Both AI & ML
2019,Köln,Nordrhein-Westfalen,nlp,Specialized ML,NLP,Both AI & ML
2019,Köln,Nordrhein-Westfalen,nlp,Specialized ML,NLP,Both AI & ML
2019,Köln,Nordrhein-Westfalen,machine learning,Statistics and Data,DataMining,Both AI & ML
2019,Köln,Nordrhein-Westfalen,datenanalyse,General,Research,Both AI & ML
2019,Köln,Nordrhein-Westfalen,python,Occupational Attributes,Programming,Both AI & ML
2019,Köln,Nordrhein-Westfalen,sql,Statistics and Data,StructuredData,Both AI & ML
2019,Köln,Nordrhein-Westfalen,nlp,Specialized ML,NLP,Both AI & ML
2019,Köln,Nordrhein-Westfalen,mathematik,General,Numeracy,Both AI & ML
2019,Köln,Nordrhein-Westfalen,statistik,Statistics and Data,Statistics,Both AI & ML
2019,Köln,Nordrhein-Westfalen,python,Occupational Attributes,Programming,Both AI & ML
2019,Köln,Nordrhein-Westfalen,sql,Statistics and Data,StructuredData,Both AI & ML
2019,Köln,Nordrhein-Westfalen,machine learning,Statistics and Data,DataMining,Both AI & ML
2019,Köln,Nordrhein-Westfalen,nlp,Specialized ML,NLP,Both AI & ML
2019,Köln,Nordrhein-Westfalen,big data,Statistics and Data,BigData,Both AI & ML
2019,Köln,Nordrhein-Westfalen,spark,Statistics and Data,BigData,Both AI & ML
2019,Köln,Nordrhein-Westfalen,hadoop,Statistics and Data,BigData,Both AI & ML
2019,Oberkochen,Baden-Württemberg,machine learning,Statistics and Data,DataMining,Both AI & ML
2019,Oberkochen,Baden-Württemberg,machine learning,Statistics and Data,DataMining,Both AI & ML
2019,Oberkochen,Baden-Württemberg,zusammenarbeit,Decision Making and Analytical,Interpersonal,Both AI & ML
2019,Oberkochen,Baden-Württemberg,implementierung,Decision Making and Analytical,DecisionMaking,Both AI & ML
2019,Oberkochen,Baden-Württemberg,machine learning,Statistics and Data,DataMining,Both AI & ML
2019,Oberkochen,Baden-Württemberg,machine learning,Statistics and Data,DataMining,Both AI & ML
2019,Oberkochen,Baden-Württemberg,python,Occupational Attributes,Programming,Both AI & ML
2019,Oberkochen,Baden-Württemberg,sql,Statistics and Data,StructuredData,Both AI & ML
2019,Lübeck,Schleswig-Holstein,machine learning,Statistics and Data,DataMining,Both AI & ML
2019,Lübeck,Schleswig-Holstein,machine learning,Statistics and Data,DataMining,Both AI & ML
2019,Lübeck,Schleswig-Holstein,analyse,Decision Making and Analytical,DecisionMaking,Both AI & ML
2019,Lübeck,Schleswig-Holstein,zusammenarbeit,Decision Making and Analytical,Interpersonal,Both AI & ML
2019,Lübeck,Schleswig-Holstein,integration,Occupational Attributes,EnterpriseSystem,Both AI & ML
2019,Lübeck,Schleswig-Holstein,machine learning,Statistics and Data,DataMining,Both AI & ML
2019,Lübeck,Schleswig-Holstein,opencv,Specialized ML,ComputerVision,Both AI & ML
2019,Lübeck,Schleswig-Holstein,python,Occupational Attributes,Programming,Both AI & ML
2019,Lübeck,Schleswig-Holstein,sql,Statistics and Data,StructuredData,Both AI & ML
2019,Ulm,Baden-Württemberg,machine learning,Statistics and Data,DataMining,Both AI & ML
2019,Ulm,Baden-Württemberg,machine learning,Statistics and Data,DataMining,Both AI & ML
2019,Ulm,Baden-Württemberg,implementierung,Decision Making and Analytical,DecisionMaking,Both AI & ML
2019,Ulm,Baden-Württemberg,machine learning,Statistics and Data,DataMining,Both AI & ML
2019,Ulm,Baden-Württemberg,analyse,Decision Making and Analytical,DecisionMaking,Both AI & ML
2019,Ulm,Baden-Württemberg,python,Occupational Attributes,Programming,Both AI & ML
2019,Ulm,Baden-Württemberg,pandas,Statistics and Data,Statistics,Both AI & ML
2019,Ulm,Baden-Württemberg,zusammenarbeit,Decision Making and Analytical,Interpersonal,Both AI & ML
2019,Ulm,Baden-Württemberg,integration,Occupational Attributes,EnterpriseSystem,Both AI & ML
2019,Ulm,Baden-Württemberg,machine learning,Statistics and Data,DataMining,Both AI & ML
2019,Ulm,Baden-Württemberg,python,Occupational Attributes,Programming,Both AI & ML
2019,Ulm,Baden-Württemberg,machine learning,Statistics and Data,DataMining,Both AI & ML
2019,Ulm,Baden-Württemberg,analyse,Decision Making and Analytical,DecisionMaking,Both AI & ML
2019,Ulm,Baden-Württemberg,zusammenarbeit,Decision Making and Analytical,Interpersonal,Both AI & ML
2019,Köln,Nordrhein-Westfalen,implementierung,Decision Making and Analytical,DecisionMaking,Both AI & ML
2019,Köln,Nordrhein-Westfalen,analyse,Decision Making and Analytical,DecisionMaking,Both AI & ML
2019,Köln,Nordrhein-Westfalen,python,Occupational Attributes,Programming,Both AI & ML
2019,Köln,Nordrhein-Westfalen,sql,Statistics and Data,StructuredData,Both AI & ML
2019,Köln,Nordrhein-Westfalen,zusammenarbeit,Decision Making and Analytical,Interpersonal,Both AI & ML
2019,Köln,Nordrhein-Westfalen,integration,Occupational Attributes,EnterpriseSystem,Both AI & ML
2019,Köln,Nordrhein-Westfalen,mathematik,General,Numeracy,Both AI & ML
2019,Köln,Nordrhein-Westfalen,statistik,Statistics and Data,Statistics,Both AI & ML
2019,Köln,Nordrhein-Westfalen,python,Occupational Attributes,Programming,Both AI & ML
2019,Köln,Nordrhein-Westfalen,sql,Statistics and Data,StructuredData,Both AI & ML
2019,Köln,Nordrhein-Westfalen,modellbewertung,Generative AI,EvaluationMonitoring,Both AI & ML
2019,Köln,Nordrhein-Westfalen,pandas,Statistics and Data,Statistics,Both AI & ML
2019,Köln,Nordrhein-Westfalen,implementierung,Decision Making and Analytical,DecisionMaking,Both AI & ML
2019,Köln,Nordrhein-Westfalen,machine learning,Statistics and Data,DataMining,Both AI & ML
2019,Köln,Nordrhein-Westfalen,machine learning,Statistics and Data,DataMining,Both AI & ML
2019,Köln,Nordrhein-Westfalen,datenanalyse,General,Research,Both AI & ML
2019,Köln,Nordrhein-Westfalen,python,Occupational Attributes,Programming,Both AI & ML
2019,Köln,Nordrhein-Westfalen,sql,Statistics and Data,StructuredData,Both AI & ML
2019,Köln,Nordrhein-Westfalen,zusammenarbeit,Decision Making and Analytical,Interpersonal,Both AI & ML
2019,Köln,Nordrhein-Westfalen,integration,Occupational Attributes,EnterpriseSystem,Both AI & ML
2019,Köln,Nordrhein-Westfalen,mathematik,General,Numeracy,Both AI & ML
2019,Köln,Nordrhein-Westfalen,statistik,Statistics and Data,Statistics,Both AI & ML
2019,Köln,Nordrhein-Westfalen,machine learning,Statistics and Data,DataMining,Both AI & ML
2019,Köln,Nordrhein-Westfalen,big data,Statistics and Data,BigData,Both AI & ML
2019,Köln,Nordrhein-Westfalen,spark,Statistics and Data,BigData,Both AI & ML
2019,Köln,Nordrhein-Westfalen,hadoop,Statistics and Data,BigData,Both AI & ML
2019,Dresden,Sachsen,analyse,Decision Making and Analytical,DecisionMaking,Both AI & ML
2019,Dresden,Sachsen,datenanalyse,General,Research,Both AI & ML
2019,Dresden,Sachsen,analyse,Decision Making and Analytical,DecisionMaking,Both AI & ML
2019,Dresden,Sachsen,python,Occupational Attributes,Programming,Both AI & ML
2019,Dresden,Sachsen,sql,Statistics and Data,StructuredData,Both AI & ML
2019,Dresden,Sachsen,tableau,Occupational Attributes,Visualization,Both AI & ML
2019,Dresden,Sachsen,mathematik,General,Numeracy,Both AI & ML
2019,Dresden,Sachsen,python,Occupational Attributes,Programming,Both AI & ML
2019,Dresden,Sachsen,sql,Statistics and Data,StructuredData,Both AI & ML
2019,Dresden,Sachsen,pandas,Statistics and Data,Statistics,Both AI & ML
2019,Dresden,Sachsen,tableau,Occupational Attributes,Visualization,Both AI & ML
2019,Berlin,Berlin,analyse,Decision Making and Analytical,DecisionMaking,ML
2019,Berlin,Berlin,datenanalyse,General,Research,ML
2019,Berlin,Berlin,python,Occupational Attributes,Programming,ML
2019,Berlin,Berlin,sql,Statistics and Data,StructuredData,ML
2019,Köln,Nordrhein-Westfalen,datenanalyse,General,Research,Both AI & ML
2019,Köln,Nordrhein-Westfalen,analyse,Decision Making and Analytical,DecisionMaking,Both AI & ML
2019,Köln,Nordrhein-Westfalen,implementierung,Decision Making and Analytical,DecisionMaking,Both AI & ML
2019,Köln,Nordrhein-Westfalen,vorhersage,Statistics and Data,DataMining,Both AI & ML
2019,Köln,Nordrhein-Westfalen,zusammenarbeit,Decision Making and Analytical,Interpersonal,Both AI & ML
2019,Köln,Nordrhein-Westfalen,python,Occupational Attributes,Programming,Both AI & ML
2019,Köln,Nordrhein-Westfalen,sql,Statistics and Data,StructuredData,Both AI & ML
2019,Köln,Nordrhein-Westfalen,pandas,Statistics and Data,Statistics,Both AI & ML
2019,Köln,Nordrhein-Westfalen,machine learning,Statistics and Data,DataMining,Both AI & ML
2019,Düsseldorf,Nordrhein-Westfalen,azure,Cloud Platforms,Azure,Both AI & ML
2019,Düsseldorf,Nordrhein-Westfalen,zusammenarbeit,Decision Making and Analytical,Interpersonal,Both AI & ML
2019,Düsseldorf,Nordrhein-Westfalen,azure,Cloud Platforms,Azure,Both AI & ML
2019,Stuttgart,Baden-Württemberg,design,Decision Making and Analytical,DecisionMaking,AI
2019,Stuttgart,Baden-Württemberg,sap,Occupational Attributes,EnterpriseSystem,AI
2019,Stuttgart,Baden-Württemberg,standardisierung,MLOps,FeatureEngineering,AI
2019,Köln,Nordrhein-Westfalen,datenanalyse,General,Research,Both AI & ML
2019,Köln,Nordrhein-Westfalen,implementierung,Decision Making and Analytical,DecisionMaking,Both AI & ML
2019,Köln,Nordrhein-Westfalen,analyse,Decision Making and Analytical,DecisionMaking,Both AI & ML
2019,Köln,Nordrhein-Westfalen,python,Occupational Attributes,Programming,Both AI & ML
2019,Köln,Nordrhein-Westfalen,sql,Statistics and Data,StructuredData,Both AI & ML
2019,Köln,Nordrhein-Westfalen,zusammenarbeit,Decision Making and Analytical,Interpersonal,Both AI & ML
2019,Köln,Nordrhein-Westfalen,integration,Occupational Attributes,EnterpriseSystem,Both AI & ML
2019,Köln,Nordrhein-Westfalen,machine learning,Statistics and Data,DataMining,Both AI & ML
2019,Köln,Nordrhein-Westfalen,präsentation,Communication,Presentation,Both AI & ML
2019,Köln,Nordrhein-Westfalen,mathematik,General,Numeracy,Both AI & ML
2019,Köln,Nordrhein-Westfalen,python,Occupational Attributes,Programming,Both AI & ML
2019,Köln,Nordrhein-Westfalen,sql,Statistics and Data,StructuredData,Both AI & ML
2019,Köln,Nordrhein-Westfalen,machine learning,Statistics and Data,DataMining,Both AI & ML
2019,München,Bayern,implementierung,Decision Making and Analytical,DecisionMaking,Both AI & ML
2019,München,Bayern,analyse,Decision Making and Analytical,DecisionMaking,Both AI & ML
2019,München,Bayern,python,Occupational Attributes,Programming,Both AI & ML
2019,München,Bayern,sql,Statistics and Data,StructuredData,Both AI & ML
2019,München,Bayern,zusammenarbeit,Decision Making and Analytical,Interpersonal,Both AI & ML
2019,München,Bayern,übersetzung,Specialized ML,NLP,Both AI & ML
2019,München,Bayern,mathematik,General,Numeracy,Both AI & ML
2019,München,Bayern,statistik,Statistics and Data,Statistics,Both AI & ML
2019,München,Bayern,python,Occupational Attributes,Programming,Both AI & ML
2019,München,Bayern,sql,Statistics and Data,StructuredData,Both AI & ML
2019,München,Bayern,machine learning,Statistics and Data,DataMining,Both AI & ML
2019,Bremen,Bremen,analyse,Decision Making and Analytical,DecisionMaking,Both AI & ML
2019,Bremen,Bremen,python,Occupational Attributes,Programming,Both AI & ML
2019,Bremen,Bremen,sql,Statistics and Data,StructuredData,Both AI & ML
2019,Bremen,Bremen,machine learning,Statistics and Data,DataMining,Both AI & ML
2019,Bremen,Bremen,datenanalyse,General,Research,Both AI & ML
2019,Bremen,Bremen,pandas,Statistics and Data,Statistics,Both AI & ML
2019,Dresden,Sachsen,verantwortlich,Communication,Generic,Both AI & ML
2019,Dresden,Sachsen,machine learning,Statistics and Data,DataMining,Both AI & ML
2019,Dresden,Sachsen,implementierung,Decision Making and Analytical,DecisionMaking,Both AI & ML
2019,Dresden,Sachsen,machine learning,Statistics and Data,DataMining,Both AI & ML
2019,Dresden,Sachsen,analyse,Decision Making and Analytical,DecisionMaking,Both AI & ML
2019,Dresden,Sachsen,pandas,Statistics and Data,Statistics,Both AI & ML
2019,Dresden,Sachsen,sql,Statistics and Data,StructuredData,Both AI & ML
2019,Dresden,Sachsen,modellierung,Decision Making and Analytical,DecisionMaking,Both AI & ML
2019,Dresden,Sachsen,vorhersage,Statistics and Data,DataMining,Both AI & ML
2019,Dresden,Sachsen,zusammenarbeit,Decision Making and Analytical,Interpersonal,Both AI & ML
2019,Dresden,Sachsen,mathematik,General,Numeracy,Both AI & ML
2019,Dresden,Sachsen,machine learning,Statistics and Data,DataMining,Both AI & ML
2019,Dresden,Sachsen,python,Occupational Attributes,Programming,Both AI & ML
2019,Dresden,Sachsen,sql,Statistics and Data,StructuredData,Both AI & ML
2019,Dresden,Sachsen,pandas,Statistics and Data,Statistics,Both AI & ML
2019,Köln,Nordrhein-Westfalen,machine learning,Statistics and Data,DataMining,Both AI & ML
2019,Köln,Nordrhein-Westfalen,computer vision,Specialized ML,ComputerVision,Both AI & ML
2019,Köln,Nordrhein-Westfalen,zusammenarbeit,Decision Making and Analytical,Interpersonal,Both AI & ML
2019,Köln,Nordrhein-Westfalen,integration,Occupational Attributes,EnterpriseSystem,Both AI & ML
2019,Köln,Nordrhein-Westfalen,datenanalyse,General,Research,Both AI & ML
2019,Köln,Nordrhein-Westfalen,python,Occupational Attributes,Programming,Both AI & ML
2019,Köln,Nordrhein-Westfalen,pandas,Statistics and Data,Statistics,Both AI & ML
2019,Köln,Nordrhein-Westfalen,computer vision,Specialized ML,ComputerVision,Both AI & ML
2019,Köln,Nordrhein-Westfalen,python,Occupational Attributes,Programming,Both AI & ML
2019,Köln,Nordrhein-Westfalen,sql,Statistics and Data,StructuredData,Both AI & ML
2019,Köln,Nordrhein-Westfalen,machine learning,Statistics and Data,DataMining,Both AI & ML
2019,Mülheim-Kärlich,Rheinland-Pfalz,machine learning,Statistics and Data,DataMining,Both AI & ML
2019,Mülheim-Kärlich,Rheinland-Pfalz,bildverarbeitung,Specialized ML,ComputerVision,Both AI & ML
2019,Mülheim-Kärlich,Rheinland-Pfalz,opencv,Specialized ML,ComputerVision,Both AI & ML
2019,Mülheim-Kärlich,Rheinland-Pfalz,implementierung,Decision Making and Analytical,DecisionMaking,Both AI & ML
2019,Mülheim-Kärlich,Rheinland-Pfalz,machine learning,Statistics and Data,DataMining,Both AI & ML
2019,Mülheim-Kärlich,Rheinland-Pfalz,datenanalyse,General,Research,Both AI & ML
2019,Mülheim-Kärlich,Rheinland-Pfalz,python,Occupational Attributes,Programming,Both AI & ML
2019,Mülheim-Kärlich,Rheinland-Pfalz,pandas,Statistics and Data,Statistics,Both AI & ML
2019,Mülheim-Kärlich,Rheinland-Pfalz,zusammenarbeit,Decision Making and Analytical,Interpersonal,Both AI & ML
2019,Mülheim-Kärlich,Rheinland-Pfalz,integration,Occupational Attributes,EnterpriseSystem,Both AI & ML
2019,Mülheim-Kärlich,Rheinland-Pfalz,programmierung,Occupational Attributes,Programming,Both AI & ML
2019,Mülheim-Kärlich,Rheinland-Pfalz,python,Occupational Attributes,Programming,Both AI & ML
2019,Mülheim-Kärlich,Rheinland-Pfalz,sql,Statistics and Data,StructuredData,Both AI & ML
2019,Mülheim-Kärlich,Rheinland-Pfalz,machine learning,Statistics and Data,DataMining,Both AI & ML
2019,Mülheim-Kärlich,Rheinland-Pfalz,datenanalyse,General,Research,Both AI & ML
2019,Mülheim-Kärlich,Rheinland-Pfalz,pandas,Statistics and Data,Statistics,Both AI & ML
2019,Köln,Nordrhein-Westfalen,implementierung,Decision Making and Analytical,DecisionMaking,AI
2019,Köln,Nordrhein-Westfalen,integration,Occupational Attributes,EnterpriseSystem,AI
2019,Köln,Nordrhein-Westfalen,zusammenarbeit,Decision Making and Analytical,Interpersonal,AI
2019,Köln,Nordrhein-Westfalen,planung,Data Engineering,Orchestration,AI
2019,Köln,Nordrhein-Westfalen,aws,Cloud Platforms,AWS,AI
2019,Köln,Nordrhein-Westfalen,azure,Cloud Platforms,Azure,AI
2019,Köln,Nordrhein-Westfalen,docker,MLOps,Tools,AI
2019,Köln,Nordrhein-Westfalen,kubernetes,MLOps,Tools,AI
2019,Köln,Nordrhein-Westfalen,java,Occupational Attributes,Programming,AI
2019,Köln,Nordrhein-Westfalen,sql,Statistics and Data,StructuredData,AI
2019,München,Bayern,machine learning,Statistics and Data,DataMining,Both AI & ML
2019,München,Bayern,machine learning,Statistics and Data,DataMining,Both AI & ML
2019,München,Bayern,datenanalyse,General,Research,Both AI & ML
2019,München,Bayern,python,Occupational Attributes,Programming,Both AI & ML
2019,München,Bayern,sql,Statistics and Data,StructuredData,Both AI & ML
2019,München,Bayern,statistik,Statistics and Data,Statistics,Both AI & ML
2019,München,Bayern,präsentation,Communication,Presentation,Both AI & ML
2019,München,Bayern,mathematik,General,Numeracy,Both AI & ML
2019,München,Bayern,python,Occupational Attributes,Programming,Both AI & ML
2019,München,Bayern,pandas,Statistics and Data,Statistics,Both AI & ML
2019,München,Bayern,modellbewertung,Generative AI,EvaluationMonitoring,Both AI & ML
2019,München,Bayern,big data,Statistics and Data,BigData,Both AI & ML
2019,München,Bayern,spark,Statistics and Data,BigData,Both AI & ML
2019,München,Bayern,hadoop,Statistics and Data,BigData,Both AI & ML
2019,Köln,Nordrhein-Westfalen,analysis,Decision Making and Analytical,DecisionMaking,Both AI & ML
2019,Köln,Nordrhein-Westfalen,datenanalyse,General,Research,Both AI & ML
2019,Köln,Nordrhein-Westfalen,zusammenarbeit,Decision Making and Analytical,Interpersonal,Both AI & ML
2019,Köln,Nordrhein-Westfalen,implementierung,Decision Making and Analytical,DecisionMaking,Both AI & ML
2019,Köln,Nordrhein-Westfalen,python,Occupational Attributes,Programming,Both AI & ML
2019,Köln,Nordrhein-Westfalen,sql,Statistics and Data,StructuredData,Both AI & ML
2019,Köln,Nordrhein-Westfalen,machine learning,Statistics and Data,DataMining,Both AI & ML
2019,Köln,Nordrhein-Westfalen,analyse,Decision Making and Analytical,DecisionMaking,Both AI & ML
2019,Köln,Nordrhein-Westfalen,pandas,Statistics and Data,Statistics,Both AI & ML
2019,Stuttgart,Baden-Württemberg,implementierung,Decision Making and Analytical,DecisionMaking,Both AI & ML
2019,Stuttgart,Baden-Württemberg,machine learning,Statistics and Data,DataMining,Both AI & ML
2019,Stuttgart,Baden-Württemberg,datenanalyse,General,Research,Both AI & ML
2019,Stuttgart,Baden-Württemberg,integration,Occupational Attributes,EnterpriseSystem,Both AI & ML
2019,Stuttgart,Baden-Württemberg,machine learning,Statistics and Data,DataMining,Both AI & ML
2019,Stuttgart,Baden-Württemberg,datenanalyse,General,Research,Both AI & ML
2019,Stuttgart,Baden-Württemberg,python,Occupational Attributes,Programming,Both AI & ML
2019,Stuttgart,Baden-Württemberg,pandas,Statistics and Data,Statistics,Both AI & ML
2019,Stuttgart,Baden-Württemberg,machine learning,Statistics and Data,DataMining,Both AI & ML
2019,Stuttgart,Baden-Württemberg,integration,Occupational Attributes,EnterpriseSystem,Both AI & ML
2019,Stuttgart,Baden-Württemberg,mathematik,General,Numeracy,Both AI & ML
2019,Stuttgart,Baden-Württemberg,python,Occupational Attributes,Programming,Both AI & ML
2019,Stuttgart,Baden-Württemberg,sql,Statistics and Data,StructuredData,Both AI & ML
2019,Stuttgart,Baden-Württemberg,machine learning,Statistics and Data,DataMining,Both AI & ML
2019,Stuttgart,Baden-Württemberg,modellbewertung,Generative AI,EvaluationMonitoring,Both AI & ML
2019,Bielefeld,Nordrhein-Westfalen,verantwortlich,Communication,Generic,ML
2019,Bielefeld,Nordrhein-Westfalen,analyse,Decision Making and Analytical,DecisionMaking,ML
2019,Bielefeld,Nordrhein-Westfalen,sap,Occupational Attributes,EnterpriseSystem,ML
2019,Bielefeld,Nordrhein-Westfalen,sap,Occupational Attributes,EnterpriseSystem,ML
2019,Bielefeld,Nordrhein-Westfalen,verantwortlich,Communication,Generic,ML
2019,Bielefeld,Nordrhein-Westfalen,sap,Occupational Attributes,EnterpriseSystem,ML
2019,Stuttgart,Baden-Württemberg,machine learning,Statistics and Data,DataMining,Both AI & ML
2019,Stuttgart,Baden-Württemberg,machine learning,Statistics and Data,DataMining,Both AI & ML
2019,Stuttgart,Baden-Württemberg,datenanalyse,General,Research,Both AI & ML
2019,Stuttgart,Baden-Württemberg,python,Occupational Attributes,Programming,Both AI & ML
2019,Stuttgart,Baden-Württemberg,pandas,Statistics and Data,Statistics,Both AI & ML
2019,Stuttgart,Baden-Württemberg,sql,Statistics and Data,StructuredData,Both AI & ML
2019,Stuttgart,Baden-Württemberg,zusammenarbeit,Decision Making and Analytical,Interpersonal,Both AI & ML
2019,Stuttgart,Baden-Württemberg,implementierung,Decision Making and Analytical,DecisionMaking,Both AI & ML
2019,Stuttgart,Baden-Württemberg,integration,Occupational Attributes,EnterpriseSystem,Both AI & ML
2019,Stuttgart,Baden-Württemberg,mathematik,General,Numeracy,Both AI & ML
2019,Stuttgart,Baden-Württemberg,machine learning,Statistics and Data,DataMining,Both AI & ML
2019,Stuttgart,Baden-Württemberg,python,Occupational Attributes,Programming,Both AI & ML
2019,Stuttgart,Baden-Württemberg,sql,Statistics and Data,StructuredData,Both AI & ML
2019,Stuttgart,Baden-Württemberg,pandas,Statistics and Data,Statistics,Both AI & ML
2019,Neckarsulm,Baden-Württemberg,verantwortlich,Communication,Generic,AI
2019,Neckarsulm,Baden-Württemberg,python,Occupational Attributes,Programming,AI
2019,Neckarsulm,Baden-Württemberg,sql,Statistics and Data,StructuredData,AI
2019,Düsseldorf,Nordrhein-Westfalen,verantwortlich,Communication,Generic,Both AI & ML
2019,Düsseldorf,Nordrhein-Westfalen,integration,Occupational Attributes,EnterpriseSystem,Both AI & ML
2019,Düsseldorf,Nordrhein-Westfalen,analyse,Decision Making and Analytical,DecisionMaking,Both AI & ML
2019,Karlsruhe,Baden-Württemberg,architektur,Occupational Attributes,Hardware,ML
2019,Karlsruhe,Baden-Württemberg,architektur,Occupational Attributes,Hardware,ML
2019,Karlsruhe,Baden-Württemberg,zusammenarbeit,Decision Making and Analytical,Interpersonal,ML
2019,Karlsruhe,Baden-Württemberg,systemarchitektur,Occupational Attributes,Hardware,ML
2019,Karlsruhe,Baden-Württemberg,datenanalyse,General,Research,ML
2019,Karlsruhe,Baden-Württemberg,python,Occupational Attributes,Programming,ML
2019,Karlsruhe,Baden-Württemberg,sql,Statistics and Data,StructuredData,ML
2019,München,Bayern,implementierung,Decision Making and Analytical,DecisionMaking,AI
2019,München,Bayern,integration,Occupational Attributes,EnterpriseSystem,AI
2019,München,Bayern,zusammenarbeit,Decision Making and Analytical,Interpersonal,AI
2019,München,Bayern,mathematik,General,Numeracy,AI
2019,München,Bayern,python,Occupational Attributes,Programming,AI
2019,München,Bayern,sql,Statistics and Data,StructuredData,AI
2019,München,Bayern,verantwortlich,Communication,Generic,Both AI & ML
2019,München,Bayern,mathematik,General,Numeracy,Both AI & ML
2019,München,Bayern,datenanalyse,General,Research,Both AI & ML
2019,München,Bayern,python,Occupational Attributes,Programming,Both AI & ML
2019,München,Bayern,sql,Statistics and Data,StructuredData,Both AI & ML
2019,München,Bayern,pandas,Statistics and Data,Statistics,Both AI & ML
2019,München,Bayern,machine learning,Statistics and Data,DataMining,Both AI & ML
2019,Köln,Nordrhein-Westfalen,machine learning,Statistics and Data,DataMining,Both AI & ML
2019,Köln,Nordrhein-Westfalen,machine learning,Statistics and Data,DataMining,Both AI & ML
2019,Köln,Nordrhein-Westfalen,analyse,Decision Making and Analytical,DecisionMaking,Both AI & ML
2019,Köln,Nordrhein-Westfalen,python,Occupational Attributes,Programming,Both AI & ML
2019,Köln,Nordrhein-Westfalen,sql,Statistics and Data,StructuredData,Both AI & ML
2019,Köln,Nordrhein-Westfalen,implementierung,Decision Making and Analytical,DecisionMaking,Both AI & ML
2019,Köln,Nordrhein-Westfalen,zusammenarbeit,Decision Making and Analytical,Interpersonal,Both AI & ML
2019,Köln,Nordrhein-Westfalen,integration,Occupational Attributes,EnterpriseSystem,Both AI & ML
2019,Köln,Nordrhein-Westfalen,mathematik,General,Numeracy,Both AI & ML
2019,Köln,Nordrhein-Westfalen,python,Occupational Attributes,Programming,Both AI & ML
2019,Köln,Nordrhein-Westfalen,pandas,Statistics and Data,Statistics,Both AI & ML
2019,Köln,Nordrhein-Westfalen,big data,Statistics and Data,BigData,Both AI & ML
2019,Köln,Nordrhein-Westfalen,spark,Statistics and Data,BigData,Both AI & ML
2019,Köln,Nordrhein-Westfalen,hadoop,Statistics and Data,BigData,Both AI & ML
2019,Köln,Nordrhein-Westfalen,modellbewertung,Generative AI,EvaluationMonitoring,Both AI & ML
2019,Ingelheim,Rheinland-Pfalz,implementierung,Decision Making and Analytical,DecisionMaking,Both AI & ML
2019,Ingelheim,Rheinland-Pfalz,statistik,Statistics and Data,Statistics,Both AI & ML
2019,Ingelheim,Rheinland-Pfalz,machine learning,Statistics and Data,DataMining,Both AI & ML
2019,Ingelheim,Rheinland-Pfalz,statistik,Statistics and Data,Statistics,Both AI & ML
2019,Ingelheim,Rheinland-Pfalz,machine learning,Statistics and Data,DataMining,Both AI & ML
2019,Ingelheim,Rheinland-Pfalz,mathematik,General,Numeracy,Both AI & ML
2019,Ingelheim,Rheinland-Pfalz,statistik,Statistics and Data,Statistics,Both AI & ML
2019,Ingelheim,Rheinland-Pfalz,machine learning,Statistics and Data,DataMining,Both AI & ML
2019,Ingelheim,Rheinland-Pfalz,python,Occupational Attributes,Programming,Both AI & ML
2019,Ingelheim,Rheinland-Pfalz,sql,Statistics and Data,StructuredData,Both AI & ML
2019,Ingelheim,Rheinland-Pfalz,machine learning,Statistics and Data,DataMining,Both AI & ML
2019,Ingelheim,Rheinland-Pfalz,statistik,Statistics and Data,Statistics,Both AI & ML
2019,Berlin,Berlin,analyse,Decision Making and Analytical,DecisionMaking,Both AI & ML
2019,Berlin,Berlin,implementierung,Decision Making and Analytical,DecisionMaking,Both AI & ML
2019,Berlin,Berlin,machine learning,Statistics and Data,DataMining,Both AI & ML
2019,Berlin,Berlin,mathematik,General,Numeracy,Both AI & ML
2019,Berlin,Berlin,python,Occupational Attributes,Programming,Both AI & ML
2019,Berlin,Berlin,sql,Statistics and Data,StructuredData,Both AI & ML
2019,Berlin,Berlin,machine learning,Statistics and Data,DataMining,Both AI & ML
2019,Berlin,Berlin,modellbewertung,Generative AI,EvaluationMonitoring,Both AI & ML
2019,Hamburg,Hamburg,implementierung,Decision Making and Analytical,DecisionMaking,Both AI & ML
2019,Hamburg,Hamburg,zusammenarbeit,Decision Making and Analytical,Interpersonal,Both AI & ML
2019,Hamburg,Hamburg,python,Occupational Attributes,Programming,Both AI & ML
2019,Köln,Nordrhein-Westfalen,verantwortlich,Communication,Generic,ML
2019,Köln,Nordrhein-Westfalen,planung,Data Engineering,Orchestration,ML
2019,Köln,Nordrhein-Westfalen,analyse,Decision Making and Analytical,DecisionMaking,ML
2019,Köln,Nordrhein-Westfalen,python,Occupational Attributes,Programming,ML
2019,Köln,Nordrhein-Westfalen,sql,Statistics and Data,StructuredData,ML
2019,Köln,Nordrhein-Westfalen,datenanalyse,General,Research,ML
2019,Ulm,Baden-Württemberg,integration,Occupational Attributes,EnterpriseSystem,Both AI & ML
2019,Ulm,Baden-Württemberg,computer vision,Specialized ML,ComputerVision,Both AI & ML
2019,Ulm,Baden-Württemberg,implementierung,Decision Making and Analytical,DecisionMaking,Both AI & ML
2019,Ulm,Baden-Württemberg,computer vision,Specialized ML,ComputerVision,Both AI & ML
2019,Ulm,Baden-Württemberg,zusammenarbeit,Decision Making and Analytical,Interpersonal,Both AI & ML
2019,Ulm,Baden-Württemberg,opencv,Specialized ML,ComputerVision,Both AI & ML
2019,Ulm,Baden-Württemberg,bildverarbeitung,Specialized ML,ComputerVision,Both AI & ML
2019,Ulm,Baden-Württemberg,python,Occupational Attributes,Programming,Both AI & ML
2019,Ulm,Baden-Württemberg,c + +,Occupational Attributes,Programming,Both AI & ML
2019,Ulm,Baden-Württemberg,computer vision,Specialized ML,ComputerVision,Both AI & ML
2019,Ulm,Baden-Württemberg,opencv,Specialized ML,ComputerVision,Both AI & ML
2019,Ulm,Baden-Württemberg,machine learning,Statistics and Data,DataMining,Both AI & ML
2019,Ulm,Baden-Württemberg,python,Occupational Attributes,Programming,Both AI & ML
2019,Ulm,Baden-Württemberg,c + +,Occupational Attributes,Programming,Both AI & ML
2019,Ulm,Baden-Württemberg,opencv,Specialized ML,ComputerVision,Both AI & ML
2019,München,Bayern,verantwortlich,Communication,Generic,AI
2019,München,Bayern,implementierung,Decision Making and Analytical,DecisionMaking,AI
2019,München,Bayern,kommunikation,Decision Making and Analytical,MSOffice,AI
2019,München,Bayern,zusammenarbeit,Decision Making and Analytical,Interpersonal,AI
2019,München,Bayern,analyse,Decision Making and Analytical,DecisionMaking,AI
2019,München,Bayern,präsentation,Communication,Presentation,AI
2019,Aachen,Nordrhein-Westfalen,verantwortlich,Communication,Generic,Both AI & ML
2019,Aachen,Nordrhein-Westfalen,machine learning,Statistics and Data,DataMining,Both AI & ML
2019,Aachen,Nordrhein-Westfalen,planung,Data Engineering,Orchestration,Both AI & ML
2019,Aachen,Nordrhein-Westfalen,machine learning,Statistics and Data,DataMining,Both AI & ML
2019,Aachen,Nordrhein-Westfalen,machine learning,Statistics and Data,DataMining,Both AI & ML
2019,Aachen,Nordrhein-Westfalen,python,Occupational Attributes,Programming,Both AI & ML
2019,Aachen,Nordrhein-Westfalen,sql,Statistics and Data,StructuredData,Both AI & ML
2019,Aachen,Nordrhein-Westfalen,datenanalyse,General,Research,Both AI & ML
2019,Köln,Nordrhein-Westfalen,programmierung,Occupational Attributes,Programming,AI
2019,Köln,Nordrhein-Westfalen,integration,Occupational Attributes,EnterpriseSystem,AI
2019,Köln,Nordrhein-Westfalen,programmierung,Occupational Attributes,Programming,AI
2019,Köln,Nordrhein-Westfalen,implementierung,Decision Making and Analytical,DecisionMaking,AI
2019,Köln,Nordrhein-Westfalen,integration,Occupational Attributes,EnterpriseSystem,AI
2019,Köln,Nordrhein-Westfalen,zusammenarbeit,Decision Making and Analytical,Interpersonal,AI
2019,Köln,Nordrhein-Westfalen,machine learning,Statistics and Data,DataMining,Both AI & ML
2019,Köln,Nordrhein-Westfalen,analyse,Decision Making and Analytical,DecisionMaking,Both AI & ML
2019,Köln,Nordrhein-Westfalen,implementierung,Decision Making and Analytical,DecisionMaking,Both AI & ML
2019,Köln,Nordrhein-Westfalen,prognose,Statistics and Data,DataMining,Both AI & ML
2019,Köln,Nordrhein-Westfalen,machine learning,Statistics and Data,DataMining,Both AI & ML
2019,Köln,Nordrhein-Westfalen,datenanalyse,General,Research,Both AI & ML
2019,Köln,Nordrhein-Westfalen,python,Occupational Attributes,Programming,Both AI & ML
2019,Köln,Nordrhein-Westfalen,sql,Statistics and Data,StructuredData,Both AI & ML
2019,Köln,Nordrhein-Westfalen,zusammenarbeit,Decision Making and Analytical,Interpersonal,Both AI & ML
2019,Köln,Nordrhein-Westfalen,mathematik,General,Numeracy,Both AI & ML
2019,Köln,Nordrhein-Westfalen,python,Occupational Attributes,Programming,Both AI & ML
2019,Köln,Nordrhein-Westfalen,pandas,Statistics and Data,Statistics,Both AI & ML
2019,Köln,Nordrhein-Westfalen,datenanalyse,General,Research,Both AI & ML
2019,Köln,Nordrhein-Westfalen,docker,MLOps,Tools,Both AI & ML
2019,Köln,Nordrhein-Westfalen,zusammenarbeit,Decision Making and Analytical,Interpersonal,Both AI & ML
2019,Köln,Nordrhein-Westfalen,implementierung,Decision Making and Analytical,DecisionMaking,ML
2019,Köln,Nordrhein-Westfalen,integration,Occupational Attributes,EnterpriseSystem,ML
2019,Köln,Nordrhein-Westfalen,implementierung,Decision Making and Analytical,DecisionMaking,ML
2019,Köln,Nordrhein-Westfalen,analyse,Decision Making and Analytical,DecisionMaking,ML
2019,Köln,Nordrhein-Westfalen,sql,Statistics and Data,StructuredData,ML
2019,Köln,Nordrhein-Westfalen,python,Occupational Attributes,Programming,ML
2019,Köln,Nordrhein-Westfalen,datenanalyse,General,Research,ML
2019,Köln,Nordrhein-Westfalen,planung,Data Engineering,Orchestration,Both AI & ML
2019,Köln,Nordrhein-Westfalen,integration,Occupational Attributes,EnterpriseSystem,Both AI & ML
2019,Köln,Nordrhein-Westfalen,python,Occupational Attributes,Programming,Both AI & ML
2019,Köln,Nordrhein-Westfalen,sql,Statistics and Data,StructuredData,Both AI & ML
2019,Köln,Nordrhein-Westfalen,datenanalyse,General,Research,Both AI & ML
2019,Köln,Nordrhein-Westfalen,machine learning,Statistics and Data,DataMining,Both AI & ML
2019,Köln,Nordrhein-Westfalen,big data,Statistics and Data,BigData,Both AI & ML
2019,Köln,Nordrhein-Westfalen,spark,Statistics and Data,BigData,Both AI & ML
2019,Köln,Nordrhein-Westfalen,hadoop,Statistics and Data,BigData,Both AI & ML
2019,Köln,Nordrhein-Westfalen,aws,Cloud Platforms,AWS,Both AI & ML
2019,Köln,Nordrhein-Westfalen,azure,Cloud Platforms,Azure,Both AI & ML
2019,Köln,Nordrhein-Westfalen,implementierung,Decision Making and Analytical,DecisionMaking,Both AI & ML
2019,Köln,Nordrhein-Westfalen,machine learning,Statistics and Data,DataMining,Both AI & ML
2019,Köln,Nordrhein-Westfalen,vorhersage,Statistics and Data,DataMining,Both AI & ML
2019,Köln,Nordrhein-Westfalen,zusammenarbeit,Decision Making and Analytical,Interpersonal,Both AI & ML
2019,Köln,Nordrhein-Westfalen,analyse,Decision Making and Analytical,DecisionMaking,Both AI & ML
2019,Köln,Nordrhein-Westfalen,machine learning,Statistics and Data,DataMining,Both AI & ML
2019,Köln,Nordrhein-Westfalen,python,Occupational Attributes,Programming,Both AI & ML
2019,Ulm,Baden-Württemberg,zusammenarbeit,Decision Making and Analytical,Interpersonal,Both AI & ML
2019,Ulm,Baden-Württemberg,machine learning,Statistics and Data,DataMining,Both AI & ML
2019,Ulm,Baden-Württemberg,machine learning,Statistics and Data,DataMining,Both AI & ML
2019,Stuttgart,Baden-Württemberg,verantwortlich,Communication,Generic,Both AI & ML
2019,Stuttgart,Baden-Württemberg,analyse,Decision Making and Analytical,DecisionMaking,Both AI & ML
2019,Stuttgart,Baden-Württemberg,machine learning,Statistics and Data,DataMining,Both AI & ML
2019,Stuttgart,Baden-Württemberg,analyse,Decision Making and Analytical,DecisionMaking,Both AI & ML
2019,Stuttgart,Baden-Württemberg,machine learning,Statistics and Data,DataMining,Both AI & ML
2019,Stuttgart,Baden-Württemberg,implementierung,Decision Making and Analytical,DecisionMaking,Both AI & ML
2019,Stuttgart,Baden-Württemberg,machine learning,Statistics and Data,DataMining,Both AI & ML
2019,Stuttgart,Baden-Württemberg,zusammenarbeit,Decision Making and Analytical,Interpersonal,Both AI & ML
2019,Stuttgart,Baden-Württemberg,machine learning,Statistics and Data,DataMining,Both AI & ML
2019,Stuttgart,Baden-Württemberg,python,Occupational Attributes,Programming,Both AI & ML
2019,Stuttgart,Baden-Württemberg,sql,Statistics and Data,StructuredData,Both AI & ML
2019,Düsseldorf,Nordrhein-Westfalen,implementierung,Decision Making and Analytical,DecisionMaking,Both AI & ML
2019,Düsseldorf,Nordrhein-Westfalen,machine learning,Statistics and Data,DataMining,Both AI & ML
2019,Düsseldorf,Nordrhein-Westfalen,analyse,Decision Making and Analytical,DecisionMaking,Both AI & ML
2019,Düsseldorf,Nordrhein-Westfalen,python,Occupational Attributes,Programming,Both AI & ML
2019,Düsseldorf,Nordrhein-Westfalen,pandas,Statistics and Data,Statistics,Both AI & ML
2019,Düsseldorf,Nordrhein-Westfalen,zusammenarbeit,Decision Making and Analytical,Interpersonal,Both AI & ML
2019,Düsseldorf,Nordrhein-Westfalen,integration,Occupational Attributes,EnterpriseSystem,Both AI & ML
2019,Düsseldorf,Nordrhein-Westfalen,mathematik,General,Numeracy,Both AI & ML
2019,Düsseldorf,Nordrhein-Westfalen,python,Occupational Attributes,Programming,Both AI & ML
2019,Düsseldorf,Nordrhein-Westfalen,machine learning,Statistics and Data,DataMining,Both AI & ML
2019,Düsseldorf,Nordrhein-Westfalen,datenanalyse,General,Research,Both AI & ML
2019,Düsseldorf,Nordrhein-Westfalen,pandas,Statistics and Data,Statistics,Both AI & ML
2019,Düsseldorf,Nordrhein-Westfalen,sql,Statistics and Data,StructuredData,Both AI & ML
2019,Düsseldorf,Nordrhein-Westfalen,datenextraktion,Occupational Attributes,Scraping,Both AI & ML
2019,Düsseldorf,Nordrhein-Westfalen,problemlösung,Decision Making and Analytical,ProblemSolving,Both AI & ML
2019,Münster,Nordrhein-Westfalen,machine learning,Statistics and Data,DataMining,Both AI & ML
2019,Münster,Nordrhein-Westfalen,machine learning,Statistics and Data,DataMining,Both AI & ML
2019,Münster,Nordrhein-Westfalen,implementierung,Decision Making and Analytical,DecisionMaking,Both AI & ML
2019,Münster,Nordrhein-Westfalen,python,Occupational Attributes,Programming,Both AI & ML
2019,Münster,Nordrhein-Westfalen,sql,Statistics and Data,StructuredData,Both AI & ML
2019,Münster,Nordrhein-Westfalen,datenanalyse,General,Research,Both AI & ML
2019,Münster,Nordrhein-Westfalen,machine learning,Statistics and Data,DataMining,Both AI & ML
2019,Hamburg,Hamburg,analyse,Decision Making and Analytical,DecisionMaking,Both AI & ML
2019,Hamburg,Hamburg,machine learning,Statistics and Data,DataMining,Both AI & ML
2019,Hamburg,Hamburg,analyse,Decision Making and Analytical,DecisionMaking,Both AI & ML
2019,Hamburg,Hamburg,machine learning,Statistics and Data,DataMining,Both AI & ML
2019,Hamburg,Hamburg,projektmanagement,Occupational Attributes,ProjectManagement,Both AI & ML
2019,Hamburg,Hamburg,mathematik,General,Numeracy,Both AI & ML
2019,Hamburg,Hamburg,statistik,Statistics and Data,Statistics,Both AI & ML
2019,Hamburg,Hamburg,sql,Statistics and Data,StructuredData,Both AI & ML
2019,Hamburg,Hamburg,machine learning,Statistics and Data,DataMining,Both AI & ML
2019,Hamburg,Hamburg,projektmanagement,Occupational Attributes,ProjectManagement,Both AI & ML
2019,Münster,Nordrhein-Westfalen,machine learning,Statistics and Data,DataMining,Both AI & ML
2019,Münster,Nordrhein-Westfalen,machine learning,Statistics and Data,DataMining,Both AI & ML
2019,Münster,Nordrhein-Westfalen,datenanalyse,General,Research,Both AI & ML
2019,Münster,Nordrhein-Westfalen,python,Occupational Attributes,Programming,Both AI & ML
2019,Münster,Nordrhein-Westfalen,sql,Statistics and Data,StructuredData,Both AI & ML
2019,Münster,Nordrhein-Westfalen,statistik,Statistics and Data,Statistics,Both AI & ML
2019,Münster,Nordrhein-Westfalen,pandas,Statistics and Data,Statistics,Both AI & ML
2019,Münster,Nordrhein-Westfalen,zusammenarbeit,Decision Making and Analytical,Interpersonal,Both AI & ML
2019,Münster,Nordrhein-Westfalen,python,Occupational Attributes,Programming,Both AI & ML
2019,Münster,Nordrhein-Westfalen,sql,Statistics and Data,StructuredData,Both AI & ML
2019,Münster,Nordrhein-Westfalen,machine learning,Statistics and Data,DataMining,Both AI & ML
2019,Münster,Nordrhein-Westfalen,modellbewertung,Generative AI,EvaluationMonitoring,Both AI & ML
2019,Düsseldorf,Nordrhein-Westfalen,machine learning,Statistics and Data,DataMining,Both AI & ML
2019,Düsseldorf,Nordrhein-Westfalen,machine learning,Statistics and Data,DataMining,Both AI & ML
2019,Düsseldorf,Nordrhein-Westfalen,machine learning,Statistics and Data,DataMining,Both AI & ML
2019,Düsseldorf,Nordrhein-Westfalen,analyse,Decision Making and Analytical,DecisionMaking,Both AI & ML
2019,Düsseldorf,Nordrhein-Westfalen,python,Occupational Attributes,Programming,Both AI & ML
2019,Düsseldorf,Nordrhein-Westfalen,sql,Statistics and Data,StructuredData,Both AI & ML
2019,Düsseldorf,Nordrhein-Westfalen,implementierung,Decision Making and Analytical,DecisionMaking,Both AI & ML
2019,Düsseldorf,Nordrhein-Westfalen,zusammenarbeit,Decision Making and Analytical,Interpersonal,Both AI & ML
2019,Düsseldorf,Nordrhein-Westfalen,integration,Occupational Attributes,EnterpriseSystem,Both AI & ML
2019,Düsseldorf,Nordrhein-Westfalen,pandas,Statistics and Data,Statistics,Both AI & ML
2019,Düsseldorf,Nordrhein-Westfalen,machine learning,Statistics and Data,DataMining,Both AI & ML
2019,Düsseldorf,Nordrhein-Westfalen,python,Occupational Attributes,Programming,Both AI & ML
2019,Düsseldorf,Nordrhein-Westfalen,sql,Statistics and Data,StructuredData,Both AI & ML
2019,Düsseldorf,Nordrhein-Westfalen,big data,Statistics and Data,BigData,Both AI & ML
2019,Düsseldorf,Nordrhein-Westfalen,spark,Statistics and Data,BigData,Both AI & ML
2019,Düsseldorf,Nordrhein-Westfalen,hadoop,Statistics and Data,BigData,Both AI & ML
2019,Köln,Nordrhein-Westfalen,sap,Occupational Attributes,EnterpriseSystem,ML
2019,Köln,Nordrhein-Westfalen,verantwortlich,Communication,Generic,ML
2019,Köln,Nordrhein-Westfalen,reporting,Decision Making and Analytical,DecisionMaking,ML
2019,Köln,Nordrhein-Westfalen,datenanalyse,General,Research,ML
2019,Köln,Nordrhein-Westfalen,reporting,Decision Making and Analytical,DecisionMaking,ML
2019,Köln,Nordrhein-Westfalen,reporting,Decision Making and Analytical,DecisionMaking,ML
2019,Köln,Nordrhein-Westfalen,sap,Occupational Attributes,EnterpriseSystem,ML
2019,Köln,Nordrhein-Westfalen,sap,Occupational Attributes,EnterpriseSystem,ML
2019,Köln,Nordrhein-Westfalen,lumira,Occupational Attributes,Visualization,ML
2019,Köln,Nordrhein-Westfalen,analysis,Decision Making and Analytical,DecisionMaking,ML
2019,Köln,Nordrhein-Westfalen,sap,Occupational Attributes,EnterpriseSystem,ML
2019,Köln,Nordrhein-Westfalen,reporting,Decision Making and Analytical,DecisionMaking,ML
2019,Köln,Nordrhein-Westfalen,datenanalyse,General,Research,ML
2019,Bietigheim-Bissingen,Baden-Württemberg,datenanalyse,General,Research,Both AI & ML
2019,Bietigheim-Bissingen,Baden-Württemberg,implementierung,Decision Making and Analytical,DecisionMaking,Both AI & ML
2019,Bietigheim-Bissingen,Baden-Württemberg,machine learning,Statistics and Data,DataMining,Both AI & ML
2019,Bietigheim-Bissingen,Baden-Württemberg,datenanalyse,General,Research,Both AI & ML
2019,Bietigheim-Bissingen,Baden-Württemberg,machine learning,Statistics and Data,DataMining,Both AI & ML
2019,Bietigheim-Bissingen,Baden-Württemberg,implementierung,Decision Making and Analytical,DecisionMaking,Both AI & ML
2019,Bietigheim-Bissingen,Baden-Württemberg,python,Occupational Attributes,Programming,Both AI & ML
2019,Bietigheim-Bissingen,Baden-Württemberg,sql,Statistics and Data,StructuredData,Both AI & ML
2019,Bietigheim-Bissingen,Baden-Württemberg,machine learning,Statistics and Data,DataMining,Both AI & ML
2019,Bietigheim-Bissingen,Baden-Württemberg,datenanalyse,General,Research,Both AI & ML
2019,Bietigheim-Bissingen,Baden-Württemberg,pandas,Statistics and Data,Statistics,Both AI & ML
2019,Frankfurt am Main,Hessen,machine learning,Statistics and Data,DataMining,Both AI & ML
2019,Frankfurt am Main,Hessen,machine learning,Statistics and Data,DataMining,Both AI & ML
2019,Frankfurt am Main,Hessen,mathematik,General,Numeracy,Both AI & ML
2019,Frankfurt am Main,Hessen,machine learning,Statistics and Data,DataMining,Both AI & ML
2019,Frankfurt am Main,Hessen,python,Occupational Attributes,Programming,Both AI & ML
2019,Frankfurt am Main,Hessen,analyse,Decision Making and Analytical,DecisionMaking,Both AI & ML
2019,Frankfurt am Main,Hessen,pandas,Statistics and Data,Statistics,Both AI & ML
2019,Köln,Nordrhein-Westfalen,analyse,Decision Making and Analytical,DecisionMaking,Both AI & ML
2019,Köln,Nordrhein-Westfalen,implementierung,Decision Making and Analytical,DecisionMaking,Both AI & ML
2019,Köln,Nordrhein-Westfalen,datenanalyse,General,Research,Both AI & ML
2019,Köln,Nordrhein-Westfalen,python,Occupational Attributes,Programming,Both AI & ML
2019,Köln,Nordrhein-Westfalen,sql,Statistics and Data,StructuredData,Both AI & ML
2019,Köln,Nordrhein-Westfalen,machine learning,Statistics and Data,DataMining,Both AI & ML
2019,Köln,Nordrhein-Westfalen,zusammenarbeit,Decision Making and Analytical,Interpersonal,Both AI & ML
2019,Köln,Nordrhein-Westfalen,integration,Occupational Attributes,EnterpriseSystem,Both AI & ML
2019,Köln,Nordrhein-Westfalen,mathematik,General,Numeracy,Both AI & ML
2019,Köln,Nordrhein-Westfalen,statistik,Statistics and Data,Statistics,Both AI & ML
2019,Köln,Nordrhein-Westfalen,python,Occupational Attributes,Programming,Both AI & ML
2019,Köln,Nordrhein-Westfalen,pandas,Statistics and Data,Statistics,Both AI & ML
2019,Köln,Nordrhein-Westfalen,sql,Statistics and Data,StructuredData,Both AI & ML
2019,Köln,Nordrhein-Westfalen,datenextraktion,Occupational Attributes,Scraping,Both AI & ML
2019,Köln,Nordrhein-Westfalen,analyse,Decision Making and Analytical,DecisionMaking,Both AI & ML
2019,Leipzig,Sachsen,machine learning,Statistics and Data,DataMining,ML
2019,Leipzig,Sachsen,opencv,Specialized ML,ComputerVision,ML
2019,Leipzig,Sachsen,machine learning,Statistics and Data,DataMining,ML
2019,Leipzig,Sachsen,opencv,Specialized ML,ComputerVision,ML
2019,Karlsruhe,Baden-Württemberg,kommunikation,Decision Making and Analytical,MSOffice,AI
2019,Karlsruhe,Baden-Württemberg,kommunikation,Decision Making and Analytical,MSOffice,AI
2019,Karlsruhe,Baden-Württemberg,planung,Data Engineering,Orchestration,AI
2019,Köln,Nordrhein-Westfalen,datenanalyse,General,Research,Both AI & ML
2019,Köln,Nordrhein-Westfalen,machine learning,Statistics and Data,DataMining,Both AI & ML
2019,Köln,Nordrhein-Westfalen,machine learning,Statistics and Data,DataMining,Both AI & ML
2019,Köln,Nordrhein-Westfalen,analyse,Decision Making and Analytical,DecisionMaking,Both AI & ML
2019,Köln,Nordrhein-Westfalen,zusammenarbeit,Decision Making and Analytical,Interpersonal,Both AI & ML
2019,Köln,Nordrhein-Westfalen,implementierung,Decision Making and Analytical,DecisionMaking,Both AI & ML
2019,Köln,Nordrhein-Westfalen,mathematik,General,Numeracy,Both AI & ML
2019,Köln,Nordrhein-Westfalen,python,Occupational Attributes,Programming,Both AI & ML
2019,Köln,Nordrhein-Westfalen,sql,Statistics and Data,StructuredData,Both AI & ML
2019,Köln,Nordrhein-Westfalen,machine learning,Statistics and Data,DataMining,Both AI & ML
2019,Köln,Nordrhein-Westfalen,statistik,Statistics and Data,Statistics,Both AI & ML
2019,Lübeck,Schleswig-Holstein,implementierung,Decision Making and Analytical,DecisionMaking,Both AI & ML
2019,Lübeck,Schleswig-Holstein,machine learning,Statistics and Data,DataMining,Both AI & ML
2019,Lübeck,Schleswig-Holstein,analyse,Decision Making and Analytical,DecisionMaking,Both AI & ML
2019,Lübeck,Schleswig-Holstein,pandas,Statistics and Data,Statistics,Both AI & ML
2019,Lübeck,Schleswig-Holstein,sql,Statistics and Data,StructuredData,Both AI & ML
2019,Lübeck,Schleswig-Holstein,implementierung,Decision Making and Analytical,DecisionMaking,Both AI & ML
2019,Lübeck,Schleswig-Holstein,zusammenarbeit,Decision Making and Analytical,Interpersonal,Both AI & ML
2019,Lübeck,Schleswig-Holstein,integration,Occupational Attributes,EnterpriseSystem,Both AI & ML
2019,Lübeck,Schleswig-Holstein,mathematik,General,Numeracy,Both AI & ML
2019,Lübeck,Schleswig-Holstein,statistik,Statistics and Data,Statistics,Both AI & ML
2019,Lübeck,Schleswig-Holstein,python,Occupational Attributes,Programming,Both AI & ML
2019,Lübeck,Schleswig-Holstein,sql,Statistics and Data,StructuredData,Both AI & ML
2019,Lübeck,Schleswig-Holstein,nosql,Statistics and Data,BigData,Both AI & ML
2019,Lübeck,Schleswig-Holstein,machine learning,Statistics and Data,DataMining,Both AI & ML
2019,Lübeck,Schleswig-Holstein,big data,Statistics and Data,BigData,Both AI & ML
2019,Lübeck,Schleswig-Holstein,spark,Statistics and Data,BigData,Both AI & ML
2019,Lübeck,Schleswig-Holstein,hadoop,Statistics and Data,BigData,Both AI & ML
2019,Lübeck,Schleswig-Holstein,aws,Cloud Platforms,AWS,Both AI & ML
2019,Lübeck,Schleswig-Holstein,azure,Cloud Platforms,Azure,Both AI & ML
2019,Lübeck,Schleswig-Holstein,docker,MLOps,Tools,Both AI & ML
2019,Lübeck,Schleswig-Holstein,kubernetes,MLOps,Tools,Both AI & ML
2019,Berlin,Berlin,zusammenarbeit,Decision Making and Analytical,Interpersonal,Both AI & ML
2019,Berlin,Berlin,implementierung,Decision Making and Analytical,DecisionMaking,Both AI & ML
2019,Berlin,Berlin,analyse,Decision Making and Analytical,DecisionMaking,Both AI & ML
2019,Berlin,Berlin,mathematik,General,Numeracy,Both AI & ML
2019,Berlin,Berlin,python,Occupational Attributes,Programming,Both AI & ML
2019,Berlin,Berlin,datenanalyse,General,Research,Both AI & ML
2019,Hamburg,Hamburg,implementierung,Decision Making and Analytical,DecisionMaking,Both AI & ML
2019,Hamburg,Hamburg,implementierung,Decision Making and Analytical,DecisionMaking,Both AI & ML
2019,Hamburg,Hamburg,integration,Occupational Attributes,EnterpriseSystem,Both AI & ML
2019,Hamburg,Hamburg,zusammenarbeit,Decision Making and Analytical,Interpersonal,Both AI & ML
2019,Hamburg,Hamburg,machine learning,Statistics and Data,DataMining,Both AI & ML
2019,Hamburg,Hamburg,python,Occupational Attributes,Programming,Both AI & ML
2019,Hamburg,Hamburg,machine learning,Statistics and Data,DataMining,Both AI & ML
2019,Hamburg,Hamburg,analyse,Decision Making and Analytical,DecisionMaking,Both AI & ML
2019,Hamburg,Hamburg,pandas,Statistics and Data,Statistics,Both AI & ML
2019,Berlin,Berlin,implementierung,Decision Making and Analytical,DecisionMaking,AI
2019,Berlin,Berlin,implementierung,Decision Making and Analytical,DecisionMaking,AI
2019,Berlin,Berlin,zusammenarbeit,Decision Making and Analytical,Interpersonal,AI
2019,Berlin,Berlin,mathematik,General,Numeracy,AI
2019,Berlin,Berlin,statistik,Statistics and Data,Statistics,AI
2019,Berlin,Berlin,python,Occupational Attributes,Programming,AI
2019,Hamburg,Hamburg,implementierung,Decision Making and Analytical,DecisionMaking,Both AI & ML
2019,Hamburg,Hamburg,machine learning,Statistics and Data,DataMining,Both AI & ML
2019,Hamburg,Hamburg,python,Occupational Attributes,Programming,Both AI & ML
2019,Hamburg,Hamburg,zusammenarbeit,Decision Making and Analytical,Interpersonal,Both AI & ML
2019,Hamburg,Hamburg,mathematik,General,Numeracy,Both AI & ML
2019,Hamburg,Hamburg,machine learning,Statistics and Data,DataMining,Both AI & ML
2019,Hamburg,Hamburg,python,Occupational Attributes,Programming,Both AI & ML
2019,Düsseldorf,Nordrhein-Westfalen,implementierung,Decision Making and Analytical,DecisionMaking,Both AI & ML
2019,Düsseldorf,Nordrhein-Westfalen,zusammenarbeit,Decision Making and Analytical,Interpersonal,Both AI & ML
2019,Düsseldorf,Nordrhein-Westfalen,analyse,Decision Making and Analytical,DecisionMaking,Both AI & ML
2019,Düsseldorf,Nordrhein-Westfalen,machine learning,Statistics and Data,DataMining,Both AI & ML
2019,Düsseldorf,Nordrhein-Westfalen,python,Occupational Attributes,Programming,Both AI & ML
2019,Düsseldorf,Nordrhein-Westfalen,machine learning,Statistics and Data,DataMining,Both AI & ML
2019,Düsseldorf,Nordrhein-Westfalen,python,Occupational Attributes,Programming,Both AI & ML
2019,Berlin,Berlin,implementierung,Decision Making and Analytical,DecisionMaking,Both AI & ML
2019,Berlin,Berlin,machine learning,Statistics and Data,DataMining,Both AI & ML
2019,Berlin,Berlin,analyse,Decision Making and Analytical,DecisionMaking,Both AI & ML
2019,Berlin,Berlin,pandas,Statistics and Data,Statistics,Both AI & ML
2019,Berlin,Berlin,implementierung,Decision Making and Analytical,DecisionMaking,Both AI & ML
2019,Berlin,Berlin,python,Occupational Attributes,Programming,Both AI & ML
2019,Berlin,Berlin,mathematik,General,Numeracy,Both AI & ML
2019,Berlin,Berlin,statistik,Statistics and Data,Statistics,Both AI & ML
2019,Berlin,Berlin,python,Occupational Attributes,Programming,Both AI & ML
2019,Berlin,Berlin,datenanalyse,General,Research,Both AI & ML
2019,Berlin,Berlin,pandas,Statistics and Data,Statistics,Both AI & ML
2019,Berlin,Berlin,zusammenarbeit,Decision Making and Analytical,Interpersonal,Both AI & ML
2019,Berlin,Berlin,implementierung,Decision Making and Analytical,DecisionMaking,Both AI & ML
2019,Berlin,Berlin,implementierung,Decision Making and Analytical,DecisionMaking,Both AI & ML
2019,Berlin,Berlin,machine learning,Statistics and Data,DataMining,Both AI & ML
2019,Berlin,Berlin,analyse,Decision Making and Analytical,DecisionMaking,Both AI & ML
2019,Berlin,Berlin,python,Occupational Attributes,Programming,Both AI & ML
2019,Berlin,Berlin,sql,Statistics and Data,StructuredData,Both AI & ML
2019,Berlin,Berlin,mathematik,General,Numeracy,Both AI & ML
2019,Berlin,Berlin,machine learning,Statistics and Data,DataMining,Both AI & ML
2019,Berlin,Berlin,python,Occupational Attributes,Programming,Both AI & ML
2019,Berlin,Berlin,datenanalyse,General,Research,Both AI & ML
2019,Berlin,Berlin,sql,Statistics and Data,StructuredData,Both AI & ML
2019,Berlin,Berlin,modellbewertung,Generative AI,EvaluationMonitoring,Both AI & ML
2019,Berlin,Berlin,implementierung,Decision Making and Analytical,DecisionMaking,Both AI & ML
2019,Berlin,Berlin,analyse,Decision Making and Analytical,DecisionMaking,Both AI & ML
2019,Berlin,Berlin,integration,Occupational Attributes,EnterpriseSystem,Both AI & ML
2019,Berlin,Berlin,machine learning,Statistics and Data,DataMining,Both AI & ML
2019,Berlin,Berlin,implementierung,Decision Making and Analytical,DecisionMaking,Both AI & ML
2019,Berlin,Berlin,analyse,Decision Making and Analytical,DecisionMaking,Both AI & ML
2019,Berlin,Berlin,pandas,Statistics and Data,Statistics,Both AI & ML
2019,Berlin,Berlin,sql,Statistics and Data,StructuredData,Both AI & ML
2019,Berlin,Berlin,machine learning,Statistics and Data,DataMining,Both AI & ML
2019,Berlin,Berlin,datenanalyse,General,Research,Both AI & ML
2019,Berlin,Berlin,tableau,Occupational Attributes,Visualization,Both AI & ML
2019,Berlin,Berlin,aws,Cloud Platforms,AWS,Both AI & ML
2019,Berlin,Berlin,azure,Cloud Platforms,Azure,Both AI & ML
2019,Frankfurt am Main,Hessen,machine learning,Statistics and Data,DataMining,Both AI & ML
2019,Frankfurt am Main,Hessen,implementierung,Decision Making and Analytical,DecisionMaking,Both AI & ML
2019,Frankfurt am Main,Hessen,machine learning,Statistics and Data,DataMining,Both AI & ML
2019,Frankfurt am Main,Hessen,analyse,Decision Making and Analytical,DecisionMaking,Both AI & ML
2019,Frankfurt am Main,Hessen,python,Occupational Attributes,Programming,Both AI & ML
2019,Frankfurt am Main,Hessen,sql,Statistics and Data,StructuredData,Both AI & ML
2019,Frankfurt am Main,Hessen,zusammenarbeit,Decision Making and Analytical,Interpersonal,Both AI & ML
2019,Frankfurt am Main,Hessen,machine learning,Statistics and Data,DataMining,Both AI & ML
2019,Frankfurt am Main,Hessen,mathematik,General,Numeracy,Both AI & ML
2019,Frankfurt am Main,Hessen,statistik,Statistics and Data,Statistics,Both AI & ML
2019,Frankfurt am Main,Hessen,python,Occupational Attributes,Programming,Both AI & ML
2019,Frankfurt am Main,Hessen,sql,Statistics and Data,StructuredData,Both AI & ML
2019,Frankfurt am Main,Hessen,machine learning,Statistics and Data,DataMining,Both AI & ML
2019,Frankfurt am Main,Hessen,big data,Statistics and Data,BigData,Both AI & ML
2019,Frankfurt am Main,Hessen,spark,Statistics and Data,BigData,Both AI & ML
2019,Frankfurt am Main,Hessen,hadoop,Statistics and Data,BigData,Both AI & ML
2019,Frankfurt am Main,Hessen,aws,Cloud Platforms,AWS,Both AI & ML
2019,Frankfurt am Main,Hessen,azure,Cloud Platforms,Azure,Both AI & ML
2019,Dresden,Sachsen,analyse,Decision Making and Analytical,DecisionMaking,Both AI & ML
2019,Dresden,Sachsen,python,Occupational Attributes,Programming,Both AI & ML
2019,Dresden,Sachsen,pandas,Statistics and Data,Statistics,Both AI & ML
2019,Dresden,Sachsen,machine learning,Statistics and Data,DataMining,Both AI & ML
2019,Dresden,Sachsen,mathematik,General,Numeracy,Both AI & ML
2019,Dresden,Sachsen,python,Occupational Attributes,Programming,Both AI & ML
2019,Dresden,Sachsen,sql,Statistics and Data,StructuredData,Both AI & ML
2019,Dresden,Sachsen,machine learning,Statistics and Data,DataMining,Both AI & ML
2019,Dresden,Sachsen,datenanalyse,General,Research,Both AI & ML
2019,Dresden,Sachsen,pandas,Statistics and Data,Statistics,Both AI & ML
2019,Leipzig,Sachsen,machine learning,Statistics and Data,DataMining,Both AI & ML
2019,Leipzig,Sachsen,machine learning,Statistics and Data,DataMining,Both AI & ML
2019,Leipzig,Sachsen,machine learning,Statistics and Data,DataMining,Both AI & ML
2019,Leipzig,Sachsen,implementierung,Decision Making and Analytical,DecisionMaking,Both AI & ML
2019,Leipzig,Sachsen,analyse,Decision Making and Analytical,DecisionMaking,Both AI & ML
2019,Leipzig,Sachsen,mathematik,General,Numeracy,Both AI & ML
2019,Leipzig,Sachsen,python,Occupational Attributes,Programming,Both AI & ML
2019,Leipzig,Sachsen,machine learning,Statistics and Data,DataMining,Both AI & ML
2019,Leipzig,Sachsen,datenanalyse,General,Research,Both AI & ML
2019,Leipzig,Sachsen,pandas,Statistics and Data,Statistics,Both AI & ML
2019,Köln,Nordrhein-Westfalen,spracherkennung,Generative AI,Multimodal,ML
2019,Köln,Nordrhein-Westfalen,bildverarbeitung,Specialized ML,ComputerVision,ML
2019,Köln,Nordrhein-Westfalen,spracherkennung,Generative AI,Multimodal,ML
2019,Köln,Nordrhein-Westfalen,datenanalyse,General,Research,ML
2019,Köln,Nordrhein-Westfalen,python,Occupational Attributes,Programming,ML
2019,Köln,Nordrhein-Westfalen,pandas,Statistics and Data,Statistics,ML
2019,Köln,Nordrhein-Westfalen,implementierung,Decision Making and Analytical,DecisionMaking,ML
2019,Köln,Nordrhein-Westfalen,bildverarbeitung,Specialized ML,ComputerVision,ML
2019,Köln,Nordrhein-Westfalen,opencv,Specialized ML,ComputerVision,ML
2019,Köln,Nordrhein-Westfalen,mathematik,General,Numeracy,ML
2019,Köln,Nordrhein-Westfalen,python,Occupational Attributes,Programming,ML
2019,Köln,Nordrhein-Westfalen,pandas,Statistics and Data,Statistics,ML
2019,Köln,Nordrhein-Westfalen,opencv,Specialized ML,ComputerVision,ML
2019,Köln,Nordrhein-Westfalen,machine learning,Statistics and Data,DataMining,ML
2019,Köln,Nordrhein-Westfalen,zusammenarbeit,Decision Making and Analytical,Interpersonal,ML
2019,Köln,Nordrhein-Westfalen,machine learning,Statistics and Data,DataMining,ML
2019,Köln,Nordrhein-Westfalen,datenanalyse,General,Research,ML
2019,Köln,Nordrhein-Westfalen,python,Occupational Attributes,Programming,ML
2019,Köln,Nordrhein-Westfalen,sql,Statistics and Data,StructuredData,ML
2019,Köln,Nordrhein-Westfalen,zusammenarbeit,Decision Making and Analytical,Interpersonal,ML
2019,Köln,Nordrhein-Westfalen,implementierung,Decision Making and Analytical,DecisionMaking,ML
2019,Köln,Nordrhein-Westfalen,statistik,Statistics and Data,Statistics,ML
2019,Köln,Nordrhein-Westfalen,mathematik,General,Numeracy,ML
2019,Köln,Nordrhein-Westfalen,python,Occupational Attributes,Programming,ML
2019,Köln,Nordrhein-Westfalen,sql,Statistics and Data,StructuredData,ML
2019,Köln,Nordrhein-Westfalen,statistik,Statistics and Data,Statistics,ML
2019,Frankfurt am Main,Hessen,machine learning,Statistics and Data,DataMining,Both AI & ML
2019,Frankfurt am Main,Hessen,mathematik,General,Numeracy,Both AI & ML
2019,Frankfurt am Main,Hessen,machine learning,Statistics and Data,DataMining,Both AI & ML
2019,Frankfurt am Main,Hessen,machine learning,Statistics and Data,DataMining,Both AI & ML
2019,Frankfurt am Main,Hessen,python,Occupational Attributes,Programming,Both AI & ML
2019,Frankfurt am Main,Hessen,implementierung,Decision Making and Analytical,DecisionMaking,Both AI & ML
2019,Frankfurt am Main,Hessen,zusammenarbeit,Decision Making and Analytical,Interpersonal,Both AI & ML
2019,Frankfurt am Main,Hessen,mathematik,General,Numeracy,Both AI & ML
2019,Frankfurt am Main,Hessen,python,Occupational Attributes,Programming,Both AI & ML
2019,Frankfurt am Main,Hessen,machine learning,Statistics and Data,DataMining,Both AI & ML
2019,Berlin,Berlin,machine learning,Statistics and Data,DataMining,Both AI & ML
2019,Berlin,Berlin,machine learning,Statistics and Data,DataMining,Both AI & ML
2019,Berlin,Berlin,sap,Occupational Attributes,EnterpriseSystem,Both AI & ML
2019,Berlin,Berlin,implementierung,Decision Making and Analytical,DecisionMaking,Both AI & ML
2019,Berlin,Berlin,machine learning,Statistics and Data,DataMining,Both AI & ML
2019,Berlin,Berlin,datenanalyse,General,Research,Both AI & ML
2019,Berlin,Berlin,machine learning,Statistics and Data,DataMining,Both AI & ML
2019,Berlin,Berlin,analyse,Decision Making and Analytical,DecisionMaking,Both AI & ML
2019,Berlin,Berlin,python,Occupational Attributes,Programming,Both AI & ML
2019,Berlin,Berlin,pandas,Statistics and Data,Statistics,Both AI & ML
2019,Berlin,Berlin,implementierung,Decision Making and Analytical,DecisionMaking,Both AI & ML
2019,Berlin,Berlin,zusammenarbeit,Decision Making and Analytical,Interpersonal,Both AI & ML
2019,Berlin,Berlin,mathematik,General,Numeracy,Both AI & ML
2019,Berlin,Berlin,statistik,Statistics and Data,Statistics,Both AI & ML
2019,Berlin,Berlin,python,Occupational Attributes,Programming,Both AI & ML
2019,Berlin,Berlin,machine learning,Statistics and Data,DataMining,Both AI & ML
2019,Berlin,Berlin,machine learning,Statistics and Data,DataMining,Both AI & ML
2019,Berlin,Berlin,machine learning,Statistics and Data,DataMining,Both AI & ML
2019,Berlin,Berlin,sap,Occupational Attributes,EnterpriseSystem,Both AI & ML
2019,Berlin,Berlin,implementierung,Decision Making and Analytical,DecisionMaking,Both AI & ML
2019,Berlin,Berlin,implementierung,Decision Making and Analytical,DecisionMaking,Both AI & ML
2019,Berlin,Berlin,machine learning,Statistics and Data,DataMining,Both AI & ML
2019,Berlin,Berlin,analyse,Decision Making and Analytical,DecisionMaking,Both AI & ML
2019,Berlin,Berlin,pandas,Statistics and Data,Statistics,Both AI & ML
2019,Berlin,Berlin,sql,Statistics and Data,StructuredData,Both AI & ML
2019,Berlin,Berlin,zusammenarbeit,Decision Making and Analytical,Interpersonal,Both AI & ML
2019,Berlin,Berlin,integration,Occupational Attributes,EnterpriseSystem,Both AI & ML
2019,Berlin,Berlin,programmierung,Occupational Attributes,Programming,Both AI & ML
2019,Berlin,Berlin,python,Occupational Attributes,Programming,Both AI & ML
2019,Berlin,Berlin,machine learning,Statistics and Data,DataMining,Both AI & ML
2019,Berlin,Berlin,analyse,Decision Making and Analytical,DecisionMaking,Both AI & ML
2019,Berlin,Berlin,sql,Statistics and Data,StructuredData,Both AI & ML
2019,München,Bayern,english,General,ForeignLanguage,Both AI & ML
2019,München,Bayern,implementierung,Decision Making and Analytical,DecisionMaking,Both AI & ML
2019,München,Bayern,flexible,Employee Attributes,Adaptability,Both AI & ML
2019,München,Bayern,zusammenarbeit,Decision Making and Analytical,Interpersonal,Both AI & ML
2019,München,Bayern,kommunikation,Decision Making and Analytical,MSOffice,Both AI & ML
2019,München,Bayern,englisch,General,ForeignLanguage,Both AI & ML
2019,München,Bayern,programmierung,Occupational Attributes,Programming,Both AI & ML
2019,München,Bayern,python,Occupational Attributes,Programming,Both AI & ML
2019,München,Bayern,machine learning,Statistics and Data,DataMining,Both AI & ML
2019,Stuttgart,Baden-Württemberg,machine learning,Statistics and Data,DataMining,ML
2019,Stuttgart,Baden-Württemberg,integration,Occupational Attributes,EnterpriseSystem,ML
2019,Stuttgart,Baden-Württemberg,implementierung,Decision Making and Analytical,DecisionMaking,ML
2019,Stuttgart,Baden-Württemberg,machine learning,Statistics and Data,DataMining,ML
2019,Stuttgart,Baden-Württemberg,machine learning,Statistics and Data,DataMining,ML
2019,Stuttgart,Baden-Württemberg,mathematik,General,Numeracy,ML
2019,Stuttgart,Baden-Württemberg,verantwortlich,Communication,Generic,Both AI & ML
2019,Stuttgart,Baden-Württemberg,analyse,Decision Making and Analytical,DecisionMaking,Both AI & ML
2019,Stuttgart,Baden-Württemberg,implementierung,Decision Making and Analytical,DecisionMaking,Both AI & ML
2019,Stuttgart,Baden-Württemberg,machine learning,Statistics and Data,DataMining,Both AI & ML
2019,Stuttgart,Baden-Württemberg,machine learning,Statistics and Data,DataMining,Both AI & ML
2019,Stuttgart,Baden-Württemberg,analyse,Decision Making and Analytical,DecisionMaking,Both AI & ML
2019,Stuttgart,Baden-Württemberg,implementierung,Decision Making and Analytical,DecisionMaking,Both AI & ML
2019,Stuttgart,Baden-Württemberg,python,Occupational Attributes,Programming,Both AI & ML
2019,Stuttgart,Baden-Württemberg,machine learning,Statistics and Data,DataMining,Both AI & ML
2019,Stuttgart,Baden-Württemberg,sql,Statistics and Data,StructuredData,Both AI & ML
2019,Stuttgart,Baden-Württemberg,datenanalyse,General,Research,Both AI & ML
2019,Berlin,Berlin,english,General,ForeignLanguage,Both AI & ML
2019,Berlin,Berlin,analyse,Decision Making and Analytical,DecisionMaking,Both AI & ML
2019,Berlin,Berlin,python,Occupational Attributes,Programming,Both AI & ML
2019,Berlin,Berlin,pandas,Statistics and Data,Statistics,Both AI & ML
2019,Berlin,Berlin,zusammenarbeit,Decision Making and Analytical,Interpersonal,Both AI & ML
2019,Berlin,Berlin,integration,Occupational Attributes,EnterpriseSystem,Both AI & ML
2019,Berlin,Berlin,modellbewertung,Generative AI,EvaluationMonitoring,Both AI & ML
2019,Berlin,Berlin,mathematik,General,Numeracy,Both AI & ML
2019,Berlin,Berlin,statistik,Statistics and Data,Statistics,Both AI & ML
2019,Berlin,Berlin,machine learning,Statistics and Data,DataMining,Both AI & ML
2019,Berlin,Berlin,python,Occupational Attributes,Programming,Both AI & ML
2019,Berlin,Berlin,pandas,Statistics and Data,Statistics,Both AI & ML
2019,Berlin,Berlin,modellbewertung,Generative AI,EvaluationMonitoring,Both AI & ML
2019,Berlin,Berlin,statistik,Statistics and Data,Statistics,Both AI & ML
2019,Berlin,Berlin,deutsch,General,ForeignLanguage,Both AI & ML
2019,Berlin,Berlin,englisch,General,ForeignLanguage,Both AI & ML
2019,Braunschweig,Niedersachsen,machine learning,Statistics and Data,DataMining,Both AI & ML
2019,Braunschweig,Niedersachsen,implementierung,Decision Making and Analytical,DecisionMaking,Both AI & ML
2019,Braunschweig,Niedersachsen,machine learning,Statistics and Data,DataMining,Both AI & ML
2019,Braunschweig,Niedersachsen,datenanalyse,General,Research,Both AI & ML
2019,Braunschweig,Niedersachsen,vorhersage,Statistics and Data,DataMining,Both AI & ML
2019,Braunschweig,Niedersachsen,zusammenarbeit,Decision Making and Analytical,Interpersonal,Both AI & ML
2019,Braunschweig,Niedersachsen,analyse,Decision Making and Analytical,DecisionMaking,Both AI & ML
2019,Braunschweig,Niedersachsen,python,Occupational Attributes,Programming,Both AI & ML
2019,Braunschweig,Niedersachsen,sql,Statistics and Data,StructuredData,Both AI & ML
2019,Braunschweig,Niedersachsen,mathematik,General,Numeracy,Both AI & ML
2019,Braunschweig,Niedersachsen,statistik,Statistics and Data,Statistics,Both AI & ML
2019,Braunschweig,Niedersachsen,machine learning,Statistics and Data,DataMining,Both AI & ML
2019,Braunschweig,Niedersachsen,python,Occupational Attributes,Programming,Both AI & ML
2019,Braunschweig,Niedersachsen,sql,Statistics and Data,StructuredData,Both AI & ML
2019,Braunschweig,Niedersachsen,pandas,Statistics and Data,Statistics,Both AI & ML
2019,Braunschweig,Niedersachsen,big data,Statistics and Data,BigData,Both AI & ML
2019,Braunschweig,Niedersachsen,spark,Statistics and Data,BigData,Both AI & ML
2019,Braunschweig,Niedersachsen,hadoop,Statistics and Data,BigData,Both AI & ML
2019,Köln,Nordrhein-Westfalen,analyse,Decision Making and Analytical,DecisionMaking,ML
2019,Köln,Nordrhein-Westfalen,zusammenarbeit,Decision Making and Analytical,Interpersonal,ML
2019,Köln,Nordrhein-Westfalen,statistik,Statistics and Data,Statistics,ML
2019,Köln,Nordrhein-Westfalen,mathematik,General,Numeracy,ML
2019,Köln,Nordrhein-Westfalen,projektmanagement,Occupational Attributes,ProjectManagement,ML
2019,Köln,Nordrhein-Westfalen,deutsch,General,ForeignLanguage,ML
2019,Düsseldorf,Nordrhein-Westfalen,machine learning,Statistics and Data,DataMining,ML
2019,Düsseldorf,Nordrhein-Westfalen,machine learning,Statistics and Data,DataMining,ML
2019,Düsseldorf,Nordrhein-Westfalen,mathematik,General,Numeracy,ML
2019,Düsseldorf,Nordrhein-Westfalen,statistik,Statistics and Data,Statistics,ML
2019,Düsseldorf,Nordrhein-Westfalen,sas,Statistics and Data,Statistics,ML
2019,Stuttgart,Baden-Württemberg,design,Decision Making and Analytical,DecisionMaking,ML
2019,Stuttgart,Baden-Württemberg,implementierung,Decision Making and Analytical,DecisionMaking,ML
2019,Stuttgart,Baden-Württemberg,zusammenarbeit,Decision Making and Analytical,Interpersonal,ML
2019,Stuttgart,Baden-Württemberg,oracle,Statistics and Data,StructuredData,ML
2019,Stuttgart,Baden-Württemberg,mysql,Statistics and Data,StructuredData,ML
2019,Stuttgart,Baden-Württemberg,nosql,Statistics and Data,BigData,ML
2019,Stuttgart,Baden-Württemberg,deutsch,General,ForeignLanguage,ML
2019,Stuttgart,Baden-Württemberg,englisch,General,ForeignLanguage,ML
2019,Hamburg,Hamburg,verantwortlich,Communication,Generic,ML
2019,Hamburg,Hamburg,präsentation,Communication,Presentation,ML
2019,Hamburg,Hamburg,präsentation,Communication,Presentation,ML
2019,Hamburg,Hamburg,hardware,Occupational Attributes,Hardware,ML
2019,Hamburg,Hamburg,design,Decision Making and Analytical,DecisionMaking,ML
2019,Hamburg,Hamburg,programmierung,Occupational Attributes,Programming,ML
2019,Hamburg,Hamburg,design,Decision Making and Analytical,DecisionMaking,ML
2019,Hamburg,Hamburg,kommunikation,Decision Making and Analytical,MSOffice,ML
2019,Hamburg,Hamburg,c + +,Occupational Attributes,Programming,ML
2019,Hamburg,Hamburg,python,Occupational Attributes,Programming,ML
2019,Hamburg,Hamburg,java,Occupational Attributes,Programming,ML
2019,Hamburg,Hamburg,sql,Statistics and Data,StructuredData,ML
2019,Hamburg,Hamburg,spark,Statistics and Data,BigData,ML
2019,Hamburg,Hamburg,aws,Cloud Platforms,AWS,ML
2019,Hamburg,Hamburg,aws,Cloud Platforms,AWS,ML
2019,Hamburg,Hamburg,deutsch,General,ForeignLanguage,ML
2019,Hamburg,Hamburg,französisch,General,ForeignLanguage,ML
2019,Hamburg,Hamburg,zusammenarbeit,Decision Making and Analytical,Interpersonal,ML
2019,Köln,Nordrhein-Westfalen,verantwortlich,Communication,Generic,ML
2019,Köln,Nordrhein-Westfalen,sap,Occupational Attributes,EnterpriseSystem,ML
2019,Köln,Nordrhein-Westfalen,sap,Occupational Attributes,EnterpriseSystem,ML
2019,Köln,Nordrhein-Westfalen,reporting,Decision Making and Analytical,DecisionMaking,ML
2019,Köln,Nordrhein-Westfalen,communication,Decision Making and Analytical,MSOffice,ML
2019,Köln,Nordrhein-Westfalen,modeling,Decision Making and Analytical,DecisionMaking,ML
2019,Köln,Nordrhein-Westfalen,big data,Statistics and Data,BigData,ML
2019,Köln,Nordrhein-Westfalen,oracle,Statistics and Data,StructuredData,ML
2019,Köln,Nordrhein-Westfalen,sap,Occupational Attributes,EnterpriseSystem,ML
2019,Köln,Nordrhein-Westfalen,sap,Occupational Attributes,EnterpriseSystem,ML
2019,Hamburg,Hamburg,machine learning,Statistics and Data,DataMining,Both AI & ML
2019,Hamburg,Hamburg,statistik,Statistics and Data,Statistics,Both AI & ML
2019,Hamburg,Hamburg,machine learning,Statistics and Data,DataMining,Both AI & ML
2019,Hamburg,Hamburg,analyse,Decision Making and Analytical,DecisionMaking,AI
2019,Hamburg,Hamburg,analyse,Decision Making and Analytical,DecisionMaking,AI
2019,Hamburg,Hamburg,implementierung,Decision Making and Analytical,DecisionMaking,AI
2019,Hamburg,Hamburg,projektmanagement,Occupational Attributes,ProjectManagement,AI
2019,Hamburg,Hamburg,deutsch,General,ForeignLanguage,AI
2019,Berlin,Berlin,rechnungswesen,General,Numeracy,Both AI & ML
2019,Berlin,Berlin,sap,Occupational Attributes,EnterpriseSystem,Both AI & ML
2019,Kirchentellinsfurt,Baden-Württemberg,machine learning,Statistics and Data,DataMining,Both AI & ML
2019,Kirchentellinsfurt,Baden-Württemberg,machine learning,Statistics and Data,DataMining,Both AI & ML
2019,Kirchentellinsfurt,Baden-Württemberg,datenanalyse,General,Research,Both AI & ML
2019,Kirchentellinsfurt,Baden-Württemberg,python,Occupational Attributes,Programming,Both AI & ML
2019,Kirchentellinsfurt,Baden-Württemberg,sql,Statistics and Data,StructuredData,Both AI & ML
2019,Kirchentellinsfurt,Baden-Württemberg,zusammenarbeit,Decision Making and Analytical,Interpersonal,Both AI & ML
2019,Kirchentellinsfurt,Baden-Württemberg,implementierung,Decision Making and Analytical,DecisionMaking,Both AI & ML
2019,Kirchentellinsfurt,Baden-Württemberg,mathematik,General,Numeracy,Both AI & ML
2019,Kirchentellinsfurt,Baden-Württemberg,statistik,Statistics and Data,Statistics,Both AI & ML
2019,Kirchentellinsfurt,Baden-Württemberg,machine learning,Statistics and Data,DataMining,Both AI & ML
2019,Kirchentellinsfurt,Baden-Württemberg,analyse,Decision Making and Analytical,DecisionMaking,Both AI & ML
2019,Kirchentellinsfurt,Baden-Württemberg,pandas,Statistics and Data,Statistics,Both AI & ML
2019,Kirchentellinsfurt,Baden-Württemberg,sql,Statistics and Data,StructuredData,Both AI & ML
2019,Stuttgart,Baden-Württemberg,machine learning,Statistics and Data,DataMining,Both AI & ML
2019,Stuttgart,Baden-Württemberg,machine learning,Statistics and Data,DataMining,Both AI & ML
2019,Stuttgart,Baden-Württemberg,zusammenarbeit,Decision Making and Analytical,Interpersonal,Both AI & ML
2019,Stuttgart,Baden-Württemberg,implementierung,Decision Making and Analytical,DecisionMaking,Both AI & ML
2019,Stuttgart,Baden-Württemberg,machine learning,Statistics and Data,DataMining,Both AI & ML
2019,Stuttgart,Baden-Württemberg,datenanalyse,General,Research,Both AI & ML
2019,Stuttgart,Baden-Württemberg,python,Occupational Attributes,Programming,Both AI & ML
2019,Stuttgart,Baden-Württemberg,pandas,Statistics and Data,Statistics,Both AI & ML
2019,Stuttgart,Baden-Württemberg,sql,Statistics and Data,StructuredData,Both AI & ML
2019,Stuttgart,Baden-Württemberg,mathematik,General,Numeracy,Both AI & ML
2019,Stuttgart,Baden-Württemberg,machine learning,Statistics and Data,DataMining,Both AI & ML
2019,Stuttgart,Baden-Württemberg,python,Occupational Attributes,Programming,Both AI & ML
2019,Stuttgart,Baden-Württemberg,pandas,Statistics and Data,Statistics,Both AI & ML
2019,Stuttgart,Baden-Württemberg,machine learning,Statistics and Data,DataMining,Both AI & ML
2019,Stuttgart,Baden-Württemberg,sql,Statistics and Data,StructuredData,Both AI & ML
2019,Köln,Nordrhein-Westfalen,machine learning,Statistics and Data,DataMining,Both AI & ML
2019,Köln,Nordrhein-Westfalen,prognose,Statistics and Data,DataMining,Both AI & ML
2019,Köln,Nordrhein-Westfalen,datenanalyse,General,Research,Both AI & ML
2019,Köln,Nordrhein-Westfalen,python,Occupational Attributes,Programming,Both AI & ML
2019,Köln,Nordrhein-Westfalen,sql,Statistics and Data,StructuredData,Both AI & ML
2019,Köln,Nordrhein-Westfalen,pandas,Statistics and Data,Statistics,Both AI & ML
2019,Köln,Nordrhein-Westfalen,implementierung,Decision Making and Analytical,DecisionMaking,Both AI & ML
2019,Köln,Nordrhein-Westfalen,zusammenarbeit,Decision Making and Analytical,Interpersonal,Both AI & ML
2019,Köln,Nordrhein-Westfalen,integration,Occupational Attributes,EnterpriseSystem,Both AI & ML
2019,Köln,Nordrhein-Westfalen,mathematik,General,Numeracy,Both AI & ML
2019,Köln,Nordrhein-Westfalen,statistik,Statistics and Data,Statistics,Both AI & ML
2019,Köln,Nordrhein-Westfalen,python,Occupational Attributes,Programming,Both AI & ML
2019,Köln,Nordrhein-Westfalen,sql,Statistics and Data,StructuredData,Both AI & ML
2019,Köln,Nordrhein-Westfalen,machine learning,Statistics and Data,DataMining,Both AI & ML
2019,Köln,Nordrhein-Westfalen,big data,Statistics and Data,BigData,Both AI & ML
2019,Köln,Nordrhein-Westfalen,spark,Statistics and Data,BigData,Both AI & ML
2019,Köln,Nordrhein-Westfalen,hadoop,Statistics and Data,BigData,Both AI & ML
2019,Köln,Nordrhein-Westfalen,präsentation,Communication,Presentation,Both AI & ML
2019,Köln,Nordrhein-Westfalen,aws,Cloud Platforms,AWS,Both AI & ML
2019,Köln,Nordrhein-Westfalen,azure,Cloud Platforms,Azure,Both AI & ML
2019,Pforzheim,Baden-Württemberg,verantwortlich,Communication,Generic,Both AI & ML
2019,Pforzheim,Baden-Württemberg,analyse,Decision Making and Analytical,DecisionMaking,Both AI & ML
2019,Pforzheim,Baden-Württemberg,machine learning,Statistics and Data,DataMining,Both AI & ML
2019,Pforzheim,Baden-Württemberg,datenanalyse,General,Research,Both AI & ML
2019,Pforzheim,Baden-Württemberg,implementierung,Decision Making and Analytical,DecisionMaking,Both AI & ML
2019,Pforzheim,Baden-Württemberg,machine learning,Statistics and Data,DataMining,Both AI & ML
2019,Pforzheim,Baden-Württemberg,zusammenarbeit,Decision Making and Analytical,Interpersonal,Both AI & ML
2019,Pforzheim,Baden-Württemberg,mathematik,General,Numeracy,Both AI & ML
2019,Pforzheim,Baden-Württemberg,statistik,Statistics and Data,Statistics,Both AI & ML
2019,Pforzheim,Baden-Württemberg,python,Occupational Attributes,Programming,Both AI & ML
2019,Pforzheim,Baden-Württemberg,sql,Statistics and Data,StructuredData,Both AI & ML
2019,Pforzheim,Baden-Württemberg,machine learning,Statistics and Data,DataMining,Both AI & ML
2019,Köln,Nordrhein-Westfalen,verantwortlich,Communication,Generic,Both AI & ML
2019,Köln,Nordrhein-Westfalen,analyse,Decision Making and Analytical,DecisionMaking,Both AI & ML
2019,Köln,Nordrhein-Westfalen,machine learning,Statistics and Data,DataMining,Both AI & ML
2019,Köln,Nordrhein-Westfalen,machine learning,Statistics and Data,DataMining,Both AI & ML
2019,Köln,Nordrhein-Westfalen,datenanalyse,General,Research,Both AI & ML
2019,Köln,Nordrhein-Westfalen,python,Occupational Attributes,Programming,Both AI & ML
2019,Köln,Nordrhein-Westfalen,sql,Statistics and Data,StructuredData,Both AI & ML
2019,Köln,Nordrhein-Westfalen,statistik,Statistics and Data,Statistics,Both AI & ML
2019,Köln,Nordrhein-Westfalen,zusammenarbeit,Decision Making and Analytical,Interpersonal,Both AI & ML
2019,Köln,Nordrhein-Westfalen,integration,Occupational Attributes,EnterpriseSystem,Both AI & ML
2019,Köln,Nordrhein-Westfalen,mathematik,General,Numeracy,Both AI & ML
2019,Köln,Nordrhein-Westfalen,statistik,Statistics and Data,Statistics,Both AI & ML
2019,Köln,Nordrhein-Westfalen,python,Occupational Attributes,Programming,Both AI & ML
2019,Köln,Nordrhein-Westfalen,sql,Statistics and Data,StructuredData,Both AI & ML
2019,Köln,Nordrhein-Westfalen,machine learning,Statistics and Data,DataMining,Both AI & ML
2019,Köln,Nordrhein-Westfalen,big data,Statistics and Data,BigData,Both AI & ML
2019,Köln,Nordrhein-Westfalen,spark,Statistics and Data,BigData,Both AI & ML
2019,Köln,Nordrhein-Westfalen,hadoop,Statistics and Data,BigData,Both AI & ML
2019,Köln,Nordrhein-Westfalen,tableau,Occupational Attributes,Visualization,Both AI & ML
2019,Köln,Nordrhein-Westfalen,aws,Cloud Platforms,AWS,Both AI & ML
2019,Köln,Nordrhein-Westfalen,azure,Cloud Platforms,Azure,Both AI & ML
2019,München,Bayern,analyse,Decision Making and Analytical,DecisionMaking,Both AI & ML
2019,München,Bayern,python,Occupational Attributes,Programming,Both AI & ML
2019,München,Bayern,pandas,Statistics and Data,Statistics,Both AI & ML
2019,München,Bayern,implementierung,Decision Making and Analytical,DecisionMaking,Both AI & ML
2019,München,Bayern,zusammenarbeit,Decision Making and Analytical,Interpersonal,Both AI & ML
2019,München,Bayern,integration,Occupational Attributes,EnterpriseSystem,Both AI & ML
2019,München,Bayern,mathematik,General,Numeracy,Both AI & ML
2019,München,Bayern,statistik,Statistics and Data,Statistics,Both AI & ML
2019,München,Bayern,python,Occupational Attributes,Programming,Both AI & ML
2019,München,Bayern,sql,Statistics and Data,StructuredData,Both AI & ML
2019,München,Bayern,machine learning,Statistics and Data,DataMining,Both AI & ML
2019,München,Bayern,big data,Statistics and Data,BigData,Both AI & ML
2019,München,Bayern,spark,Statistics and Data,BigData,Both AI & ML
2019,München,Bayern,hadoop,Statistics and Data,BigData,Both AI & ML
2019,Berlin,Berlin,machine learning,Statistics and Data,DataMining,Both AI & ML
2019,Berlin,Berlin,implementierung,Decision Making and Analytical,DecisionMaking,Both AI & ML
2019,Berlin,Berlin,machine learning,Statistics and Data,DataMining,Both AI & ML
2019,Berlin,Berlin,analyse,Decision Making and Analytical,DecisionMaking,Both AI & ML
2019,Berlin,Berlin,python,Occupational Attributes,Programming,Both AI & ML
2019,Berlin,Berlin,sql,Statistics and Data,StructuredData,Both AI & ML
2019,Berlin,Berlin,implementierung,Decision Making and Analytical,DecisionMaking,Both AI & ML
2019,Berlin,Berlin,präsentation,Communication,Presentation,Both AI & ML
2019,Berlin,Berlin,mathematik,General,Numeracy,Both AI & ML
2019,Berlin,Berlin,statistik,Statistics and Data,Statistics,Both AI & ML
2019,Berlin,Berlin,python,Occupational Attributes,Programming,Both AI & ML
2019,Berlin,Berlin,sql,Statistics and Data,StructuredData,Both AI & ML
2019,Berlin,Berlin,machine learning,Statistics and Data,DataMining,Both AI & ML
2019,Berlin,Berlin,datenanalyse,General,Research,Both AI & ML
2019,Berlin,Berlin,pandas,Statistics and Data,Statistics,Both AI & ML
2019,Ludwigsburg,Baden-Württemberg,integration,Occupational Attributes,EnterpriseSystem,AI
2019,Ludwigsburg,Baden-Württemberg,implementierung,Decision Making and Analytical,DecisionMaking,AI
2019,Ludwigsburg,Baden-Württemberg,zusammenarbeit,Decision Making and Analytical,Interpersonal,AI
2019,Ludwigsburg,Baden-Württemberg,analyse,Decision Making and Analytical,DecisionMaking,AI
2019,Ludwigsburg,Baden-Württemberg,spark,Statistics and Data,BigData,AI
2019,Ludwigsburg,Baden-Württemberg,hadoop,Statistics and Data,BigData,AI
2019,Ludwigsburg,Baden-Württemberg,aws,Cloud Platforms,AWS,AI
2019,Ludwigsburg,Baden-Württemberg,azure,Cloud Platforms,Azure,AI
2019,Ludwigsburg,Baden-Württemberg,mathematik,General,Numeracy,AI
2019,Ludwigsburg,Baden-Württemberg,python,Occupational Attributes,Programming,AI
2019,Ludwigsburg,Baden-Württemberg,sql,Statistics and Data,StructuredData,AI
2019,Ludwigsburg,Baden-Württemberg,big data,Statistics and Data,BigData,AI
2019,Ludwigsburg,Baden-Württemberg,spark,Statistics and Data,BigData,AI
2019,Ludwigsburg,Baden-Württemberg,hadoop,Statistics and Data,BigData,AI
2019,Ludwigsburg,Baden-Württemberg,docker,MLOps,Tools,AI
2019,Ludwigsburg,Baden-Württemberg,kubernetes,MLOps,Tools,AI
2019,Stuttgart,Baden-Württemberg,verantwortlich,Communication,Generic,ML
2019,Stuttgart,Baden-Württemberg,implementierung,Decision Making and Analytical,DecisionMaking,ML
2019,Stuttgart,Baden-Württemberg,analyse,Decision Making and Analytical,DecisionMaking,ML
2019,Stuttgart,Baden-Württemberg,big data,Statistics and Data,BigData,ML
2019,Stuttgart,Baden-Württemberg,implementierung,Decision Making and Analytical,DecisionMaking,ML
2019,Stuttgart,Baden-Württemberg,big data,Statistics and Data,BigData,ML
2019,Stuttgart,Baden-Württemberg,analyse,Decision Making and Analytical,DecisionMaking,ML
2019,Stuttgart,Baden-Württemberg,zusammenarbeit,Decision Making and Analytical,Interpersonal,ML
2019,Stuttgart,Baden-Württemberg,azure,Cloud Platforms,Azure,ML
2019,Stuttgart,Baden-Württemberg,aws,Cloud Platforms,AWS,ML
2019,Stuttgart,Baden-Württemberg,big data,Statistics and Data,BigData,ML
2019,Stuttgart,Baden-Württemberg,analyse,Decision Making and Analytical,DecisionMaking,ML
2019,Stuttgart,Baden-Württemberg,aws,Cloud Platforms,AWS,ML
2019,Stuttgart,Baden-Württemberg,analyse,Decision Making and Analytical,DecisionMaking,ML
2019,Stuttgart,Baden-Württemberg,python,Occupational Attributes,Programming,ML
2019,Stuttgart,Baden-Württemberg,sql,Statistics and Data,StructuredData,ML
2019,Köln,Nordrhein-Westfalen,verantwortlich,Communication,Generic,AI
2019,Köln,Nordrhein-Westfalen,implementierung,Decision Making and Analytical,DecisionMaking,AI
2019,Köln,Nordrhein-Westfalen,zusammenarbeit,Decision Making and Analytical,Interpersonal,AI
2019,Köln,Nordrhein-Westfalen,verantwortlich,Communication,Generic,AI
2019,Köln,Nordrhein-Westfalen,implementierung,Decision Making and Analytical,DecisionMaking,AI
2019,Köln,Nordrhein-Westfalen,implementierung,Decision Making and Analytical,DecisionMaking,AI
2019,Köln,Nordrhein-Westfalen,python,Occupational Attributes,Programming,AI
2019,Köln,Nordrhein-Westfalen,datenanalyse,General,Research,AI
2019,Köln,Nordrhein-Westfalen,pandas,Statistics and Data,Statistics,AI
2019,Köln,Nordrhein-Westfalen,kommunikation,Decision Making and Analytical,MSOffice,AI
2019,Köln,Nordrhein-Westfalen,zusammenarbeit,Decision Making and Analytical,Interpersonal,AI
2019,Schwäbisch Gmünd,Baden-Württemberg,implementierung,Decision Making and Analytical,DecisionMaking,Both AI & ML
2019,Schwäbisch Gmünd,Baden-Württemberg,machine learning,Statistics and Data,DataMining,Both AI & ML
2019,Schwäbisch Gmünd,Baden-Württemberg,zusammenarbeit,Decision Making and Analytical,Interpersonal,Both AI & ML
2019,Schwäbisch Gmünd,Baden-Württemberg,integration,Occupational Attributes,EnterpriseSystem,Both AI & ML
2019,Schwäbisch Gmünd,Baden-Württemberg,mathematik,General,Numeracy,Both AI & ML
2019,Schwäbisch Gmünd,Baden-Württemberg,python,Occupational Attributes,Programming,Both AI & ML
2019,Schwäbisch Gmünd,Baden-Württemberg,sql,Statistics and Data,StructuredData,Both AI & ML
2019,Schwäbisch Gmünd,Baden-Württemberg,machine learning,Statistics and Data,DataMining,Both AI & ML
2019,Bad Nauheim,Hessen,implementierung,Decision Making and Analytical,DecisionMaking,AI
2019,Bad Nauheim,Hessen,zusammenarbeit,Decision Making and Analytical,Interpersonal,AI
2019,Düsseldorf,Nordrhein-Westfalen,machine learning,Statistics and Data,DataMining,Both AI & ML
2019,Düsseldorf,Nordrhein-Westfalen,implementierung,Decision Making and Analytical,DecisionMaking,Both AI & ML
2019,Düsseldorf,Nordrhein-Westfalen,machine learning,Statistics and Data,DataMining,Both AI & ML
2019,Düsseldorf,Nordrhein-Westfalen,datenanalyse,General,Research,Both AI & ML
2019,Düsseldorf,Nordrhein-Westfalen,python,Occupational Attributes,Programming,Both AI & ML
2019,Düsseldorf,Nordrhein-Westfalen,sql,Statistics and Data,StructuredData,Both AI & ML
2019,Düsseldorf,Nordrhein-Westfalen,tableau,Occupational Attributes,Visualization,Both AI & ML
2019,Düsseldorf,Nordrhein-Westfalen,zusammenarbeit,Decision Making and Analytical,Interpersonal,Both AI & ML
2019,Düsseldorf,Nordrhein-Westfalen,mathematik,General,Numeracy,Both AI & ML
2019,Düsseldorf,Nordrhein-Westfalen,statistik,Statistics and Data,Statistics,Both AI & ML
2019,Düsseldorf,Nordrhein-Westfalen,machine learning,Statistics and Data,DataMining,Both AI & ML
2019,Düsseldorf,Nordrhein-Westfalen,python,Occupational Attributes,Programming,Both AI & ML
2019,Düsseldorf,Nordrhein-Westfalen,sql,Statistics and Data,StructuredData,Both AI & ML
2019,Düsseldorf,Nordrhein-Westfalen,pandas,Statistics and Data,Statistics,Both AI & ML
2019,Köln,Nordrhein-Westfalen,analyse,Decision Making and Analytical,DecisionMaking,AI
2019,Köln,Nordrhein-Westfalen,zusammenarbeit,Decision Making and Analytical,Interpersonal,AI
2019,Köln,Nordrhein-Westfalen,implementierung,Decision Making and Analytical,DecisionMaking,AI
2019,Köln,Nordrhein-Westfalen,datenanalyse,General,Research,AI
2019,Köln,Nordrhein-Westfalen,python,Occupational Attributes,Programming,AI
2019,Köln,Nordrhein-Westfalen,sql,Statistics and Data,StructuredData,AI
2019,Düsseldorf,Nordrhein-Westfalen,crm,Occupational Attributes,EnterpriseSystem,ML
2019,Düsseldorf,Nordrhein-Westfalen,verantwortlich,Communication,Generic,ML
2019,Düsseldorf,Nordrhein-Westfalen,implementierung,Decision Making and Analytical,DecisionMaking,ML
2019,Düsseldorf,Nordrhein-Westfalen,machine learning,Statistics and Data,DataMining,ML
2019,Düsseldorf,Nordrhein-Westfalen,implementierung,Decision Making and Analytical,DecisionMaking,ML
2019,Düsseldorf,Nordrhein-Westfalen,analyse,Decision Making and Analytical,DecisionMaking,ML
2019,Düsseldorf,Nordrhein-Westfalen,machine learning,Statistics and Data,DataMining,ML
2019,Düsseldorf,Nordrhein-Westfalen,crm,Occupational Attributes,EnterpriseSystem,ML
2019,Düsseldorf,Nordrhein-Westfalen,machine learning,Statistics and Data,DataMining,ML
2019,Düsseldorf,Nordrhein-Westfalen,pandas,Statistics and Data,Statistics,ML
2019,Köln,Nordrhein-Westfalen,analyse,Decision Making and Analytical,DecisionMaking,Both AI & ML
2019,Köln,Nordrhein-Westfalen,big data,Statistics and Data,BigData,Both AI & ML
2019,Köln,Nordrhein-Westfalen,sql,Statistics and Data,StructuredData,Both AI & ML
2019,Köln,Nordrhein-Westfalen,python,Occupational Attributes,Programming,Both AI & ML
2019,Köln,Nordrhein-Westfalen,machine learning,Statistics and Data,DataMining,Both AI & ML
2019,Köln,Nordrhein-Westfalen,implementierung,Decision Making and Analytical,DecisionMaking,Both AI & ML
2019,Köln,Nordrhein-Westfalen,zusammenarbeit,Decision Making and Analytical,Interpersonal,Both AI & ML
2019,Köln,Nordrhein-Westfalen,präsentation,Communication,Presentation,Both AI & ML
2019,Köln,Nordrhein-Westfalen,mathematik,General,Numeracy,Both AI & ML
2019,Köln,Nordrhein-Westfalen,python,Occupational Attributes,Programming,Both AI & ML
2019,Köln,Nordrhein-Westfalen,sql,Statistics and Data,StructuredData,Both AI & ML
2019,Köln,Nordrhein-Westfalen,big data,Statistics and Data,BigData,Both AI & ML
2019,Köln,Nordrhein-Westfalen,spark,Statistics and Data,BigData,Both AI & ML
2019,Köln,Nordrhein-Westfalen,hadoop,Statistics and Data,BigData,Both AI & ML
2019,Köln,Nordrhein-Westfalen,machine learning,Statistics and Data,DataMining,Both AI & ML
2019,Frankfurt am Main,Hessen,integration,Occupational Attributes,EnterpriseSystem,AI
2019,Frankfurt am Main,Hessen,analyse,Decision Making and Analytical,DecisionMaking,AI
2019,Frankfurt am Main,Hessen,implementierung,Decision Making and Analytical,DecisionMaking,AI
2019,Frankfurt am Main,Hessen,integration,Occupational Attributes,EnterpriseSystem,AI
2019,Frankfurt am Main,Hessen,analyse,Decision Making and Analytical,DecisionMaking,AI
2019,Frankfurt am Main,Hessen,zusammenarbeit,Decision Making and Analytical,Interpersonal,AI
2019,Frankfurt am Main,Hessen,sql,Statistics and Data,StructuredData,AI
2019,Frankfurt am Main,Hessen,python,Occupational Attributes,Programming,AI
2019,Frankfurt am Main,Hessen,selbstständig,Employee Attributes,Independence,AI
2019,Frankfurt am Main,Hessen,implementierung,Decision Making and Analytical,DecisionMaking,Both AI & ML
2019,Frankfurt am Main,Hessen,analyse,Decision Making and Analytical,DecisionMaking,Both AI & ML
2019,Frankfurt am Main,Hessen,zusammenarbeit,Decision Making and Analytical,Interpersonal,Both AI & ML
2019,Frankfurt am Main,Hessen,machine learning,Statistics and Data,DataMining,Both AI & ML
2019,Frankfurt am Main,Hessen,mathematik,General,Numeracy,Both AI & ML
2019,Frankfurt am Main,Hessen,statistik,Statistics and Data,Statistics,Both AI & ML
2019,Frankfurt am Main,Hessen,python,Occupational Attributes,Programming,Both AI & ML
2019,Frankfurt am Main,Hessen,sql,Statistics and Data,StructuredData,Both AI & ML
2019,Frankfurt am Main,Hessen,big data,Statistics and Data,BigData,Both AI & ML
2019,Frankfurt am Main,Hessen,spark,Statistics and Data,BigData,Both AI & ML
2019,Frankfurt am Main,Hessen,hadoop,Statistics and Data,BigData,Both AI & ML
2019,Frankfurt am Main,Hessen,machine learning,Statistics and Data,DataMining,Both AI & ML
2019,Frankfurt am Main,Hessen,datenanalyse,General,Research,Both AI & ML
2019,Frankfurt am Main,Hessen,pandas,Statistics and Data,Statistics,Both AI & ML
2019,Frankfurt am Main,Hessen,aws,Cloud Platforms,AWS,Both AI & ML
2019,Frankfurt am Main,Hessen,azure,Cloud Platforms,Azure,Both AI & ML
2019,,Rheinland-Pfalz,machine learning,Statistics and Data,DataMining,Both AI & ML
2019,,Rheinland-Pfalz,machine learning,Statistics and Data,DataMining,Both AI & ML
2019,,Rheinland-Pfalz,python,Occupational Attributes,Programming,Both AI & ML
2019,,Rheinland-Pfalz,datenanalyse,General,Research,Both AI & ML
2019,,Rheinland-Pfalz,pandas,Statistics and Data,Statistics,Both AI & ML
2019,,Rheinland-Pfalz,zusammenarbeit,Decision Making and Analytical,Interpersonal,Both AI & ML
2019,,Rheinland-Pfalz,integration,Occupational Attributes,EnterpriseSystem,Both AI & ML
2019,,Rheinland-Pfalz,mathematik,General,Numeracy,Both AI & ML
2019,,Rheinland-Pfalz,python,Occupational Attributes,Programming,Both AI & ML
2019,,Rheinland-Pfalz,pandas,Statistics and Data,Statistics,Both AI & ML
2019,,Rheinland-Pfalz,statistik,Statistics and Data,Statistics,Both AI & ML
2019,Wiesbaden,Hessen,machine learning,Statistics and Data,DataMining,Both AI & ML
2019,Wiesbaden,Hessen,implementierung,Decision Making and Analytical,DecisionMaking,Both AI & ML
2019,Wiesbaden,Hessen,architektur,Occupational Attributes,Hardware,Both AI & ML
2019,Wiesbaden,Hessen,architektur,Occupational Attributes,Hardware,Both AI & ML
2019,Wiesbaden,Hessen,modellierung,Decision Making and Analytical,DecisionMaking,Both AI & ML
2019,Wiesbaden,Hessen,design,Decision Making and Analytical,DecisionMaking,Both AI & ML
2019,Wiesbaden,Hessen,machine learning,Statistics and Data,DataMining,Both AI & ML
2019,Wiesbaden,Hessen,machine learning,Statistics and Data,DataMining,Both AI & ML
2019,Wiesbaden,Hessen,mathematik,General,Numeracy,Both AI & ML
2019,Wiesbaden,Hessen,python,Occupational Attributes,Programming,Both AI & ML
2019,Wiesbaden,Hessen,sql,Statistics and Data,StructuredData,Both AI & ML
2019,Wiesbaden,Hessen,machine learning,Statistics and Data,DataMining,Both AI & ML
2019,Wiesbaden,Hessen,pandas,Statistics and Data,Statistics,Both AI & ML
2019,Wiesbaden,Hessen,big data,Statistics and Data,BigData,Both AI & ML
2019,Wiesbaden,Hessen,spark,Statistics and Data,BigData,Both AI & ML
2019,Wiesbaden,Hessen,hadoop,Statistics and Data,BigData,Both AI & ML
2019,,Hessen,machine learning,Statistics and Data,DataMining,Both AI & ML
2019,,Hessen,machine learning,Statistics and Data,DataMining,Both AI & ML
2019,,Hessen,machine learning,Statistics and Data,DataMining,Both AI & ML
2019,,Hessen,implementierung,Decision Making and Analytical,DecisionMaking,Both AI & ML
2019,,Hessen,machine learning,Statistics and Data,DataMining,Both AI & ML
2019,,Hessen,analyse,Decision Making and Analytical,DecisionMaking,Both AI & ML
2019,,Hessen,python,Occupational Attributes,Programming,Both AI & ML
2019,,Hessen,sql,Statistics and Data,StructuredData,Both AI & ML
2019,,Hessen,zusammenarbeit,Decision Making and Analytical,Interpersonal,Both AI & ML
2019,,Hessen,integration,Occupational Attributes,EnterpriseSystem,Both AI & ML
2019,,Hessen,machine learning,Statistics and Data,DataMining,Both AI & ML
2019,,Hessen,dokumentation,Decision Making and Analytical,MSOffice,Both AI & ML
2019,,Hessen,präsentation,Communication,Presentation,Both AI & ML
2019,,Hessen,machine learning,Statistics and Data,DataMining,Both AI & ML
2019,,Hessen,mathematik,General,Numeracy,Both AI & ML
2019,,Hessen,statistik,Statistics and Data,Statistics,Both AI & ML
2019,,Hessen,programmierung,Occupational Attributes,Programming,Both AI & ML
2019,,Hessen,python,Occupational Attributes,Programming,Both AI & ML
2019,,Hessen,sql,Statistics and Data,StructuredData,Both AI & ML
2019,,Hessen,machine learning,Statistics and Data,DataMining,Both AI & ML
2019,,Hessen,pandas,Statistics and Data,Statistics,Both AI & ML
2019,,Hessen,big data,Statistics and Data,BigData,Both AI & ML
2019,,Hessen,spark,Statistics and Data,BigData,Both AI & ML
2019,,Hessen,hadoop,Statistics and Data,BigData,Both AI & ML
2019,Leipzig,Sachsen,machine learning,Statistics and Data,DataMining,Both AI & ML
2019,Leipzig,Sachsen,machine learning,Statistics and Data,DataMining,Both AI & ML
2019,Leipzig,Sachsen,maschinelles lernen,Statistics and Data,DataMining,Both AI & ML
2019,Leipzig,Sachsen,implementierung,Decision Making and Analytical,DecisionMaking,Both AI & ML
2019,Leipzig,Sachsen,machine learning,Statistics and Data,DataMining,Both AI & ML
2019,Leipzig,Sachsen,analyse,Decision Making and Analytical,DecisionMaking,Both AI & ML
2019,Leipzig,Sachsen,python,Occupational Attributes,Programming,Both AI & ML
2019,Leipzig,Sachsen,sql,Statistics and Data,StructuredData,Both AI & ML
2019,Leipzig,Sachsen,zusammenarbeit,Decision Making and Analytical,Interpersonal,Both AI & ML
2019,Leipzig,Sachsen,integration,Occupational Attributes,EnterpriseSystem,Both AI & ML
2019,Leipzig,Sachsen,mathematik,General,Numeracy,Both AI & ML
2019,Leipzig,Sachsen,machine learning,Statistics and Data,DataMining,Both AI & ML
2019,Leipzig,Sachsen,python,Occupational Attributes,Programming,Both AI & ML
2019,Leipzig,Sachsen,sql,Statistics and Data,StructuredData,Both AI & ML
2019,Leipzig,Sachsen,machine learning,Statistics and Data,DataMining,Both AI & ML
2019,Leipzig,Sachsen,big data,Statistics and Data,BigData,Both AI & ML
2019,Leipzig,Sachsen,spark,Statistics and Data,BigData,Both AI & ML
2019,Leipzig,Sachsen,hadoop,Statistics and Data,BigData,Both AI & ML
2019,Aachen,Nordrhein-Westfalen,ergebnisorientiert,Employee Attributes,Motivation,Both AI & ML
2019,Aachen,Nordrhein-Westfalen,verantwortlich,Communication,Generic,Both AI & ML
2019,Aachen,Nordrhein-Westfalen,analyse,Decision Making and Analytical,DecisionMaking,Both AI & ML
2019,Aachen,Nordrhein-Westfalen,machine learning,Statistics and Data,DataMining,Both AI & ML
2019,Aachen,Nordrhein-Westfalen,machine learning,Statistics and Data,DataMining,Both AI & ML
2019,Aachen,Nordrhein-Westfalen,datenanalyse,General,Research,Both AI & ML
2019,Aachen,Nordrhein-Westfalen,python,Occupational Attributes,Programming,Both AI & ML
2019,Aachen,Nordrhein-Westfalen,sql,Statistics and Data,StructuredData,Both AI & ML
2019,Aachen,Nordrhein-Westfalen,zusammenarbeit,Decision Making and Analytical,Interpersonal,Both AI & ML
2019,Aachen,Nordrhein-Westfalen,implementierung,Decision Making and Analytical,DecisionMaking,Both AI & ML
2019,Aachen,Nordrhein-Westfalen,mathematik,General,Numeracy,Both AI & ML
2019,Aachen,Nordrhein-Westfalen,statistik,Statistics and Data,Statistics,Both AI & ML
2019,Aachen,Nordrhein-Westfalen,python,Occupational Attributes,Programming,Both AI & ML
2019,Aachen,Nordrhein-Westfalen,pandas,Statistics and Data,Statistics,Both AI & ML
2019,Aachen,Nordrhein-Westfalen,sql,Statistics and Data,StructuredData,Both AI & ML
2019,Aachen,Nordrhein-Westfalen,machine learning,Statistics and Data,DataMining,Both AI & ML
2019,Essen,Nordrhein-Westfalen,implementierung,Decision Making and Analytical,DecisionMaking,Both AI & ML
2019,Essen,Nordrhein-Westfalen,analyse,Decision Making and Analytical,DecisionMaking,Both AI & ML
2019,Essen,Nordrhein-Westfalen,python,Occupational Attributes,Programming,Both AI & ML
2019,Essen,Nordrhein-Westfalen,sql,Statistics and Data,StructuredData,Both AI & ML
2019,Essen,Nordrhein-Westfalen,zusammenarbeit,Decision Making and Analytical,Interpersonal,Both AI & ML
2019,Essen,Nordrhein-Westfalen,integration,Occupational Attributes,EnterpriseSystem,Both AI & ML
2019,Essen,Nordrhein-Westfalen,mathematik,General,Numeracy,Both AI & ML
2019,Essen,Nordrhein-Westfalen,statistik,Statistics and Data,Statistics,Both AI & ML
2019,Essen,Nordrhein-Westfalen,machine learning,Statistics and Data,DataMining,Both AI & ML
2019,Essen,Nordrhein-Westfalen,pandas,Statistics and Data,Statistics,Both AI & ML
2019,Essen,Nordrhein-Westfalen,aws,Cloud Platforms,AWS,Both AI & ML
2019,Essen,Nordrhein-Westfalen,azure,Cloud Platforms,Azure,Both AI & ML
2019,Essen,Nordrhein-Westfalen,machine learning,Statistics and Data,DataMining,Both AI & ML
2019,Essen,Nordrhein-Westfalen,machine learning,Statistics and Data,DataMining,Both AI & ML
2019,Essen,Nordrhein-Westfalen,verantwortlich,Communication,Generic,Both AI & ML
2019,Essen,Nordrhein-Westfalen,machine learning,Statistics and Data,DataMining,Both AI & ML
2019,Essen,Nordrhein-Westfalen,implementierung,Decision Making and Analytical,DecisionMaking,Both AI & ML
2019,Essen,Nordrhein-Westfalen,machine learning,Statistics and Data,DataMining,Both AI & ML
2019,Essen,Nordrhein-Westfalen,analyse,Decision Making and Analytical,DecisionMaking,Both AI & ML
2019,Essen,Nordrhein-Westfalen,python,Occupational Attributes,Programming,Both AI & ML
2019,Essen,Nordrhein-Westfalen,pandas,Statistics and Data,Statistics,Both AI & ML
2019,Essen,Nordrhein-Westfalen,sql,Statistics and Data,StructuredData,Both AI & ML
2019,Essen,Nordrhein-Westfalen,zusammenarbeit,Decision Making and Analytical,Interpersonal,Both AI & ML
2019,Essen,Nordrhein-Westfalen,integration,Occupational Attributes,EnterpriseSystem,Both AI & ML
2019,Essen,Nordrhein-Westfalen,machine learning,Statistics and Data,DataMining,Both AI & ML
2019,Essen,Nordrhein-Westfalen,mathematik,General,Numeracy,Both AI & ML
2019,Essen,Nordrhein-Westfalen,python,Occupational Attributes,Programming,Both AI & ML
2019,Essen,Nordrhein-Westfalen,machine learning,Statistics and Data,DataMining,Both AI & ML
2019,Essen,Nordrhein-Westfalen,analyse,Decision Making and Analytical,DecisionMaking,Both AI & ML
2019,Essen,Nordrhein-Westfalen,pandas,Statistics and Data,Statistics,Both AI & ML
2019,Essen,Nordrhein-Westfalen,sql,Statistics and Data,StructuredData,Both AI & ML
2019,Essen,Nordrhein-Westfalen,big data,Statistics and Data,BigData,Both AI & ML
2019,Essen,Nordrhein-Westfalen,spark,Statistics and Data,BigData,Both AI & ML
2019,Essen,Nordrhein-Westfalen,hadoop,Statistics and Data,BigData,Both AI & ML
2019,München,Bayern,verantwortlich,Communication,Generic,Both AI & ML
2019,München,Bayern,analyse,Decision Making and Analytical,DecisionMaking,Both AI & ML
2019,München,Bayern,prognose,Statistics and Data,DataMining,Both AI & ML
2019,München,Bayern,analyse,Decision Making and Analytical,DecisionMaking,Both AI & ML
2019,München,Bayern,datenanalyse,General,Research,Both AI & ML
2019,München,Bayern,python,Occupational Attributes,Programming,Both AI & ML
2019,München,Bayern,sql,Statistics and Data,StructuredData,Both AI & ML
2019,München,Bayern,machine learning,Statistics and Data,DataMining,Both AI & ML
2019,München,Bayern,zusammenarbeit,Decision Making and Analytical,Interpersonal,Both AI & ML
2019,München,Bayern,integration,Occupational Attributes,EnterpriseSystem,Both AI & ML
2019,München,Bayern,mathematik,General,Numeracy,Both AI & ML
2019,München,Bayern,statistik,Statistics and Data,Statistics,Both AI & ML
2019,München,Bayern,python,Occupational Attributes,Programming,Both AI & ML
2019,München,Bayern,sql,Statistics and Data,StructuredData,Both AI & ML
2019,München,Bayern,machine learning,Statistics and Data,DataMining,Both AI & ML
2019,Sankt Augustin,Nordrhein-Westfalen,machine learning,Statistics and Data,DataMining,Both AI & ML
2019,Sankt Augustin,Nordrhein-Westfalen,machine learning,Statistics and Data,DataMining,Both AI & ML
2019,Sankt Augustin,Nordrhein-Westfalen,implementierung,Decision Making and Analytical,DecisionMaking,Both AI & ML
2019,Sankt Augustin,Nordrhein-Westfalen,analyse,Decision Making and Analytical,DecisionMaking,Both AI & ML
2019,Sankt Augustin,Nordrhein-Westfalen,python,Occupational Attributes,Programming,Both AI & ML
2019,Sankt Augustin,Nordrhein-Westfalen,pandas,Statistics and Data,Statistics,Both AI & ML
2019,Sankt Augustin,Nordrhein-Westfalen,sql,Statistics and Data,StructuredData,Both AI & ML
2019,Sankt Augustin,Nordrhein-Westfalen,zusammenarbeit,Decision Making and Analytical,Interpersonal,Both AI & ML
2019,Sankt Augustin,Nordrhein-Westfalen,integration,Occupational Attributes,EnterpriseSystem,Both AI & ML
2019,Sankt Augustin,Nordrhein-Westfalen,mathematik,General,Numeracy,Both AI & ML
2019,Sankt Augustin,Nordrhein-Westfalen,python,Occupational Attributes,Programming,Both AI & ML
2019,Sankt Augustin,Nordrhein-Westfalen,pandas,Statistics and Data,Statistics,Both AI & ML
2019,Sankt Augustin,Nordrhein-Westfalen,datenanalyse,General,Research,Both AI & ML
2019,Sankt Augustin,Nordrhein-Westfalen,sql,Statistics and Data,StructuredData,Both AI & ML
2019,Sankt Augustin,Nordrhein-Westfalen,pandas,Statistics and Data,Statistics,Both AI & ML
2019,Karlsruhe,Baden-Württemberg,verantwortlich,Communication,Generic,Both AI & ML
2019,Karlsruhe,Baden-Württemberg,analyse,Decision Making and Analytical,DecisionMaking,Both AI & ML
2019,Karlsruhe,Baden-Württemberg,implementierung,Decision Making and Analytical,DecisionMaking,Both AI & ML
2019,Karlsruhe,Baden-Württemberg,analyse,Decision Making and Analytical,DecisionMaking,Both AI & ML
2019,Karlsruhe,Baden-Württemberg,implementierung,Decision Making and Analytical,DecisionMaking,Both AI & ML
2019,Karlsruhe,Baden-Württemberg,zusammenarbeit,Decision Making and Analytical,Interpersonal,Both AI & ML
2019,Karlsruhe,Baden-Württemberg,integration,Occupational Attributes,EnterpriseSystem,Both AI & ML
2019,Karlsruhe,Baden-Württemberg,python,Occupational Attributes,Programming,Both AI & ML
2019,Karlsruhe,Baden-Württemberg,sql,Statistics and Data,StructuredData,Both AI & ML
2019,Karlsruhe,Baden-Württemberg,machine learning,Statistics and Data,DataMining,Both AI & ML
2019,Köln,Nordrhein-Westfalen,integration,Occupational Attributes,EnterpriseSystem,ML
2019,Köln,Nordrhein-Westfalen,zusammenarbeit,Decision Making and Analytical,Interpersonal,ML
2019,Köln,Nordrhein-Westfalen,implementierung,Decision Making and Analytical,DecisionMaking,ML
2019,Köln,Nordrhein-Westfalen,datenanalyse,General,Research,ML
2019,Köln,Nordrhein-Westfalen,pandas,Statistics and Data,Statistics,ML
2019,Frankfurt am Main,Hessen,verantwortlich,Communication,Generic,ML
2019,Frankfurt am Main,Hessen,analyse,Decision Making and Analytical,DecisionMaking,ML
2019,Frankfurt am Main,Hessen,implementierung,Decision Making and Analytical,DecisionMaking,ML
2019,Frankfurt am Main,Hessen,zusammenarbeit,Decision Making and Analytical,Interpersonal,ML
2019,Frankfurt am Main,Hessen,python,Occupational Attributes,Programming,ML
2019,Frankfurt am Main,Hessen,sql,Statistics and Data,StructuredData,ML
2019,Frankfurt am Main,Hessen,big data,Statistics and Data,BigData,ML
2019,Frankfurt am Main,Hessen,spark,Statistics and Data,BigData,ML
2019,Frankfurt am Main,Hessen,hadoop,Statistics and Data,BigData,ML
2019,Frankfurt am Main,Hessen,deutsch,General,ForeignLanguage,ML
2019,Hannover,Niedersachsen,hadoop,Statistics and Data,BigData,Both AI & ML
2019,Hannover,Niedersachsen,hadoop,Statistics and Data,BigData,Both AI & ML
2019,Hannover,Niedersachsen,hadoop,Statistics and Data,BigData,Both AI & ML
2019,Hannover,Niedersachsen,big data,Statistics and Data,BigData,Both AI & ML
2019,Hannover,Niedersachsen,machine learning,Statistics and Data,DataMining,Both AI & ML
2019,Hannover,Niedersachsen,machine learning,Statistics and Data,DataMining,Both AI & ML
2019,Hannover,Niedersachsen,datenanalyse,General,Research,Both AI & ML
2019,Hannover,Niedersachsen,vorhersage,Statistics and Data,DataMining,Both AI & ML
2019,Hannover,Niedersachsen,zusammenarbeit,Decision Making and Analytical,Interpersonal,Both AI & ML
2019,Hannover,Niedersachsen,implementierung,Decision Making and Analytical,DecisionMaking,Both AI & ML
2019,Hannover,Niedersachsen,big data,Statistics and Data,BigData,Both AI & ML
2019,Hannover,Niedersachsen,mathematik,General,Numeracy,Both AI & ML
2019,Hannover,Niedersachsen,statistik,Statistics and Data,Statistics,Both AI & ML
2019,Hannover,Niedersachsen,big data,Statistics and Data,BigData,Both AI & ML
2019,Hannover,Niedersachsen,hadoop,Statistics and Data,BigData,Both AI & ML
2019,Hannover,Niedersachsen,spark,Statistics and Data,BigData,Both AI & ML
2019,Hannover,Niedersachsen,python,Occupational Attributes,Programming,Both AI & ML
2019,Hannover,Niedersachsen,sql,Statistics and Data,StructuredData,Both AI & ML
2019,Hannover,Niedersachsen,machine learning,Statistics and Data,DataMining,Both AI & ML
2019,Hannover,Niedersachsen,analyse,Decision Making and Analytical,DecisionMaking,Both AI & ML
2019,Mönchengladbach,Nordrhein-Westfalen,verantwortlich,Communication,Generic,Both AI & ML
2019,Mönchengladbach,Nordrhein-Westfalen,machine learning,Statistics and Data,DataMining,Both AI & ML
2019,Mönchengladbach,Nordrhein-Westfalen,machine learning,Statistics and Data,DataMining,Both AI & ML
2019,Mönchengladbach,Nordrhein-Westfalen,implementierung,Decision Making and Analytical,DecisionMaking,Both AI & ML
2019,Mönchengladbach,Nordrhein-Westfalen,machine learning,Statistics and Data,DataMining,Both AI & ML
2019,Mönchengladbach,Nordrhein-Westfalen,datenanalyse,General,Research,Both AI & ML
2019,Mönchengladbach,Nordrhein-Westfalen,zusammenarbeit,Decision Making and Analytical,Interpersonal,Both AI & ML
2019,Mönchengladbach,Nordrhein-Westfalen,integration,Occupational Attributes,EnterpriseSystem,Both AI & ML
2019,Mönchengladbach,Nordrhein-Westfalen,python,Occupational Attributes,Programming,Both AI & ML
2019,Mönchengladbach,Nordrhein-Westfalen,sql,Statistics and Data,StructuredData,Both AI & ML
2019,Mönchengladbach,Nordrhein-Westfalen,machine learning,Statistics and Data,DataMining,Both AI & ML
2019,Mönchengladbach,Nordrhein-Westfalen,python,Occupational Attributes,Programming,Both AI & ML
2019,Mönchengladbach,Nordrhein-Westfalen,sql,Statistics and Data,StructuredData,Both AI & ML
2019,Mönchengladbach,Nordrhein-Westfalen,datenanalyse,General,Research,Both AI & ML
2019,Frankfurt am Main,Hessen,implementierung,Decision Making and Analytical,DecisionMaking,Both AI & ML
2019,Frankfurt am Main,Hessen,machine learning,Statistics and Data,DataMining,Both AI & ML
2019,Frankfurt am Main,Hessen,verantwortlich,Communication,Generic,Both AI & ML
2019,Frankfurt am Main,Hessen,implementierung,Decision Making and Analytical,DecisionMaking,Both AI & ML
2019,Frankfurt am Main,Hessen,machine learning,Statistics and Data,DataMining,Both AI & ML
2019,Frankfurt am Main,Hessen,machine learning,Statistics and Data,DataMining,Both AI & ML
2019,Frankfurt am Main,Hessen,implementierung,Decision Making and Analytical,DecisionMaking,Both AI & ML
2019,Frankfurt am Main,Hessen,analyse,Decision Making and Analytical,DecisionMaking,Both AI & ML
2019,Frankfurt am Main,Hessen,pandas,Statistics and Data,Statistics,Both AI & ML
2019,Frankfurt am Main,Hessen,sql,Statistics and Data,StructuredData,Both AI & ML
2019,Frankfurt am Main,Hessen,zusammenarbeit,Decision Making and Analytical,Interpersonal,Both AI & ML
2019,Frankfurt am Main,Hessen,implementierung,Decision Making and Analytical,DecisionMaking,Both AI & ML
2019,Frankfurt am Main,Hessen,mathematik,General,Numeracy,Both AI & ML
2019,Frankfurt am Main,Hessen,statistik,Statistics and Data,Statistics,Both AI & ML
2019,Frankfurt am Main,Hessen,machine learning,Statistics and Data,DataMining,Both AI & ML
2019,Frankfurt am Main,Hessen,python,Occupational Attributes,Programming,Both AI & ML
2019,Frankfurt am Main,Hessen,datenanalyse,General,Research,Both AI & ML
2019,Frankfurt am Main,Hessen,pandas,Statistics and Data,Statistics,Both AI & ML
2019,Frankfurt am Main,Hessen,sql,Statistics and Data,StructuredData,Both AI & ML
2019,Braunschweig,Niedersachsen,machine learning,Statistics and Data,DataMining,Both AI & ML
2019,Braunschweig,Niedersachsen,machine learning,Statistics and Data,DataMining,Both AI & ML
2019,Braunschweig,Niedersachsen,analyse,Decision Making and Analytical,DecisionMaking,Both AI & ML
2019,Braunschweig,Niedersachsen,zusammenarbeit,Decision Making and Analytical,Interpersonal,Both AI & ML
2019,Braunschweig,Niedersachsen,implementierung,Decision Making and Analytical,DecisionMaking,Both AI & ML
2019,Braunschweig,Niedersachsen,mathematik,General,Numeracy,Both AI & ML
2019,Braunschweig,Niedersachsen,python,Occupational Attributes,Programming,Both AI & ML
2019,Braunschweig,Niedersachsen,sql,Statistics and Data,StructuredData,Both AI & ML
2019,Braunschweig,Niedersachsen,machine learning,Statistics and Data,DataMining,Both AI & ML
2019,Braunschweig,Niedersachsen,integration,Occupational Attributes,EnterpriseSystem,Both AI & ML
2019,Karlsruhe,Baden-Württemberg,design,Decision Making and Analytical,DecisionMaking,Both AI & ML
2019,Karlsruhe,Baden-Württemberg,implementierung,Decision Making and Analytical,DecisionMaking,Both AI & ML
2019,Karlsruhe,Baden-Württemberg,analyse,Decision Making and Analytical,DecisionMaking,Both AI & ML
2019,Karlsruhe,Baden-Württemberg,python,Occupational Attributes,Programming,Both AI & ML
2019,Karlsruhe,Baden-Württemberg,pandas,Statistics and Data,Statistics,Both AI & ML
2019,Karlsruhe,Baden-Württemberg,zusammenarbeit,Decision Making and Analytical,Interpersonal,Both AI & ML
2019,Karlsruhe,Baden-Württemberg,integration,Occupational Attributes,EnterpriseSystem,Both AI & ML
2019,Karlsruhe,Baden-Württemberg,mathematik,General,Numeracy,Both AI & ML
2019,Karlsruhe,Baden-Württemberg,python,Occupational Attributes,Programming,Both AI & ML
2019,Karlsruhe,Baden-Württemberg,pandas,Statistics and Data,Statistics,Both AI & ML
2019,Karlsruhe,Baden-Württemberg,statistik,Statistics and Data,Statistics,Both AI & ML
2019,Köln,Nordrhein-Westfalen,machine learning,Statistics and Data,DataMining,Both AI & ML
2019,Köln,Nordrhein-Westfalen,implementierung,Decision Making and Analytical,DecisionMaking,Both AI & ML
2019,Köln,Nordrhein-Westfalen,machine learning,Statistics and Data,DataMining,Both AI & ML
2019,Köln,Nordrhein-Westfalen,analyse,Decision Making and Analytical,DecisionMaking,Both AI & ML
2019,Köln,Nordrhein-Westfalen,python,Occupational Attributes,Programming,Both AI & ML
2019,Köln,Nordrhein-Westfalen,sql,Statistics and Data,StructuredData,Both AI & ML
2019,Köln,Nordrhein-Westfalen,zusammenarbeit,Decision Making and Analytical,Interpersonal,Both AI & ML
2019,Köln,Nordrhein-Westfalen,integration,Occupational Attributes,EnterpriseSystem,Both AI & ML
2019,Köln,Nordrhein-Westfalen,mathematik,General,Numeracy,Both AI & ML
2019,Köln,Nordrhein-Westfalen,machine learning,Statistics and Data,DataMining,Both AI & ML
2019,Köln,Nordrhein-Westfalen,python,Occupational Attributes,Programming,Both AI & ML
2019,Köln,Nordrhein-Westfalen,sql,Statistics and Data,StructuredData,Both AI & ML
2019,Köln,Nordrhein-Westfalen,machine learning,Statistics and Data,DataMining,Both AI & ML
2019,Köln,Nordrhein-Westfalen,datenanalyse,General,Research,Both AI & ML
2019,Köln,Nordrhein-Westfalen,pandas,Statistics and Data,Statistics,Both AI & ML
2019,Berlin,Berlin,analyse,Decision Making and Analytical,DecisionMaking,Both AI & ML
2019,Berlin,Berlin,implementierung,Decision Making and Analytical,DecisionMaking,Both AI & ML
2019,Berlin,Berlin,analyse,Decision Making and Analytical,DecisionMaking,Both AI & ML
2019,Berlin,Berlin,python,Occupational Attributes,Programming,Both AI & ML
2019,Berlin,Berlin,sql,Statistics and Data,StructuredData,Both AI & ML
2019,Berlin,Berlin,zusammenarbeit,Decision Making and Analytical,Interpersonal,Both AI & ML
2019,Berlin,Berlin,mathematik,General,Numeracy,Both AI & ML
2019,Berlin,Berlin,statistik,Statistics and Data,Statistics,Both AI & ML
2019,Berlin,Berlin,python,Occupational Attributes,Programming,Both AI & ML
2019,Berlin,Berlin,pandas,Statistics and Data,Statistics,Both AI & ML
2019,Berlin,Berlin,sql,Statistics and Data,StructuredData,Both AI & ML
2019,Berlin,Berlin,machine learning,Statistics and Data,DataMining,Both AI & ML
2019,Nürnberg,Bayern,implementierung,Decision Making and Analytical,DecisionMaking,Both AI & ML
2019,Nürnberg,Bayern,analyse,Decision Making and Analytical,DecisionMaking,Both AI & ML
2019,Nürnberg,Bayern,zusammenarbeit,Decision Making and Analytical,Interpersonal,Both AI & ML
2019,Nürnberg,Bayern,python,Occupational Attributes,Programming,Both AI & ML
2019,Nürnberg,Bayern,sql,Statistics and Data,StructuredData,Both AI & ML
2019,Nürnberg,Bayern,machine learning,Statistics and Data,DataMining,Both AI & ML
2019,Aachen,Nordrhein-Westfalen,jboss,Occupational Attributes,Programming,ML
2019,Aachen,Nordrhein-Westfalen,c + +,Occupational Attributes,Programming,ML
2019,Aachen,Nordrhein-Westfalen,java,Occupational Attributes,Programming,ML
2019,Aachen,Nordrhein-Westfalen,jboss,Occupational Attributes,Programming,ML
2019,Aachen,Nordrhein-Westfalen,architektur,Occupational Attributes,Hardware,ML
2019,Aachen,Nordrhein-Westfalen,integration,Occupational Attributes,EnterpriseSystem,ML
2019,Aachen,Nordrhein-Westfalen,modellierung,Decision Making and Analytical,DecisionMaking,ML
2019,Aachen,Nordrhein-Westfalen,java,Occupational Attributes,Programming,ML
2019,Aachen,Nordrhein-Westfalen,c + +,Occupational Attributes,Programming,ML
2019,Aachen,Nordrhein-Westfalen,jboss,Occupational Attributes,Programming,ML
2019,Aachen,Nordrhein-Westfalen,integration,Occupational Attributes,EnterpriseSystem,ML
2019,Frankfurt am Main,Hessen,analyse,Decision Making and Analytical,DecisionMaking,Both AI & ML
2019,Frankfurt am Main,Hessen,zusammenarbeit,Decision Making and Analytical,Interpersonal,Both AI & ML
2019,Frankfurt am Main,Hessen,tableau,Occupational Attributes,Visualization,Both AI & ML
2019,Frankfurt am Main,Hessen,analyse,Decision Making and Analytical,DecisionMaking,Both AI & ML
2019,Frankfurt am Main,Hessen,sql,Statistics and Data,StructuredData,Both AI & ML
2019,Frankfurt am Main,Hessen,python,Occupational Attributes,Programming,Both AI & ML
2019,Frankfurt am Main,Hessen,zusammenarbeit,Decision Making and Analytical,Interpersonal,Both AI & ML
2019,Frankfurt am Main,Hessen,sql,Statistics and Data,StructuredData,Both AI & ML
2019,Frankfurt am Main,Hessen,python,Occupational Attributes,Programming,Both AI & ML
2019,Frankfurt am Main,Hessen,datenanalyse,General,Research,Both AI & ML
2019,Frankfurt am Main,Hessen,tableau,Occupational Attributes,Visualization,Both AI & ML
2019,Köln,Nordrhein-Westfalen,implementierung,Decision Making and Analytical,DecisionMaking,Both AI & ML
2019,Köln,Nordrhein-Westfalen,analyse,Decision Making and Analytical,DecisionMaking,Both AI & ML
2019,Köln,Nordrhein-Westfalen,zusammenarbeit,Decision Making and Analytical,Interpersonal,Both AI & ML
2019,Köln,Nordrhein-Westfalen,python,Occupational Attributes,Programming,Both AI & ML
2019,München,Bayern,machine learning,Statistics and Data,DataMining,Both AI & ML
2019,München,Bayern,machine learning,Statistics and Data,DataMining,Both AI & ML
2019,München,Bayern,analyse,Decision Making and Analytical,DecisionMaking,Both AI & ML
2019,München,Bayern,zusammenarbeit,Decision Making and Analytical,Interpersonal,Both AI & ML
2019,München,Bayern,machine learning,Statistics and Data,DataMining,Both AI & ML
2019,Lübeck,Schleswig-Holstein,verantwortlich,Communication,Generic,Both AI & ML
2019,Lübeck,Schleswig-Holstein,implementierung,Decision Making and Analytical,DecisionMaking,Both AI & ML
2019,Lübeck,Schleswig-Holstein,prognose,Statistics and Data,DataMining,Both AI & ML
2019,Lübeck,Schleswig-Holstein,zusammenarbeit,Decision Making and Analytical,Interpersonal,Both AI & ML
2019,Lübeck,Schleswig-Holstein,integration,Occupational Attributes,EnterpriseSystem,Both AI & ML
2019,Lübeck,Schleswig-Holstein,datenanalyse,General,Research,Both AI & ML
2019,Lübeck,Schleswig-Holstein,python,Occupational Attributes,Programming,Both AI & ML
2019,Lübeck,Schleswig-Holstein,sql,Statistics and Data,StructuredData,Both AI & ML
2019,Lübeck,Schleswig-Holstein,machine learning,Statistics and Data,DataMining,Both AI & ML
2019,Lübeck,Schleswig-Holstein,implementierung,Decision Making and Analytical,DecisionMaking,Both AI & ML
2019,Lübeck,Schleswig-Holstein,zusammenarbeit,Decision Making and Analytical,Interpersonal,Both AI & ML
2019,Lübeck,Schleswig-Holstein,sap,Occupational Attributes,EnterpriseSystem,Both AI & ML
2019,Nürnberg,Bayern,machine learning,Statistics and Data,DataMining,Both AI & ML
2019,Nürnberg,Bayern,machine learning,Statistics and Data,DataMining,Both AI & ML
2019,Nürnberg,Bayern,implementierung,Decision Making and Analytical,DecisionMaking,Both AI & ML
2019,Nürnberg,Bayern,machine learning,Statistics and Data,DataMining,Both AI & ML
2019,Nürnberg,Bayern,datenanalyse,General,Research,Both AI & ML
2019,Nürnberg,Bayern,python,Occupational Attributes,Programming,Both AI & ML
2019,Nürnberg,Bayern,sql,Statistics and Data,StructuredData,Both AI & ML
2019,Nürnberg,Bayern,statistik,Statistics and Data,Statistics,Both AI & ML
2019,Nürnberg,Bayern,mathematik,General,Numeracy,Both AI & ML
2019,Nürnberg,Bayern,machine learning,Statistics and Data,DataMining,Both AI & ML
2019,Nürnberg,Bayern,python,Occupational Attributes,Programming,Both AI & ML
2019,Nürnberg,Bayern,sql,Statistics and Data,StructuredData,Both AI & ML
2019,Nürnberg,Bayern,modellbewertung,Generative AI,EvaluationMonitoring,Both AI & ML
2019,Hamburg,Hamburg,machine learning,Statistics and Data,DataMining,Both AI & ML
2019,Hamburg,Hamburg,machine learning,Statistics and Data,DataMining,Both AI & ML
2019,Hamburg,Hamburg,implementierung,Decision Making and Analytical,DecisionMaking,Both AI & ML
2019,Hamburg,Hamburg,machine learning,Statistics and Data,DataMining,Both AI & ML
2019,Hamburg,Hamburg,analyse,Decision Making and Analytical,DecisionMaking,Both AI & ML
2019,Hamburg,Hamburg,python,Occupational Attributes,Programming,Both AI & ML
2019,Hamburg,Hamburg,sql,Statistics and Data,StructuredData,Both AI & ML
2019,Hamburg,Hamburg,modellierung,Decision Making and Analytical,DecisionMaking,Both AI & ML
2019,Hamburg,Hamburg,zusammenarbeit,Decision Making and Analytical,Interpersonal,Both AI & ML
2019,Hamburg,Hamburg,integration,Occupational Attributes,EnterpriseSystem,Both AI & ML
2019,Hamburg,Hamburg,machine learning,Statistics and Data,DataMining,Both AI & ML
2019,Hamburg,Hamburg,pandas,Statistics and Data,Statistics,Both AI & ML
2019,Hamburg,Hamburg,mathematik,General,Numeracy,Both AI & ML
2019,Hamburg,Hamburg,machine learning,Statistics and Data,DataMining,Both AI & ML
2019,Hamburg,Hamburg,python,Occupational Attributes,Programming,Both AI & ML
2019,Hamburg,Hamburg,sql,Statistics and Data,StructuredData,Both AI & ML
2019,Hamburg,Hamburg,nosql,Statistics and Data,BigData,Both AI & ML
2019,Hamburg,Hamburg,machine learning,Statistics and Data,DataMining,Both AI & ML
2019,Hamburg,Hamburg,datenanalyse,General,Research,Both AI & ML
2019,Freiburg im Breisgau,Baden-Württemberg,machine learning,Statistics and Data,DataMining,Both AI & ML
2019,Freiburg im Breisgau,Baden-Württemberg,machine learning,Statistics and Data,DataMining,Both AI & ML
2019,Freiburg im Breisgau,Baden-Württemberg,machine learning,Statistics and Data,DataMining,Both AI & ML
2019,Freiburg im Breisgau,Baden-Württemberg,implementierung,Decision Making and Analytical,DecisionMaking,Both AI & ML
2019,Freiburg im Breisgau,Baden-Württemberg,machine learning,Statistics and Data,DataMining,Both AI & ML
2019,Freiburg im Breisgau,Baden-Württemberg,analyse,Decision Making and Analytical,DecisionMaking,Both AI & ML
2019,Freiburg im Breisgau,Baden-Württemberg,pandas,Statistics and Data,Statistics,Both AI & ML
2019,Freiburg im Breisgau,Baden-Württemberg,zusammenarbeit,Decision Making and Analytical,Interpersonal,Both AI & ML
2019,Freiburg im Breisgau,Baden-Württemberg,integration,Occupational Attributes,EnterpriseSystem,Both AI & ML
2019,Freiburg im Breisgau,Baden-Württemberg,machine learning,Statistics and Data,DataMining,Both AI & ML
2019,Freiburg im Breisgau,Baden-Württemberg,mathematik,General,Numeracy,Both AI & ML
2019,Freiburg im Breisgau,Baden-Württemberg,statistik,Statistics and Data,Statistics,Both AI & ML
2019,Freiburg im Breisgau,Baden-Württemberg,python,Occupational Attributes,Programming,Both AI & ML
2019,Freiburg im Breisgau,Baden-Württemberg,sql,Statistics and Data,StructuredData,Both AI & ML
2019,Freiburg im Breisgau,Baden-Württemberg,machine learning,Statistics and Data,DataMining,Both AI & ML
2019,Freiburg im Breisgau,Baden-Württemberg,modellbewertung,Generative AI,EvaluationMonitoring,Both AI & ML
2019,Freiburg im Breisgau,Baden-Württemberg,zusammenarbeit,Decision Making and Analytical,Interpersonal,Both AI & ML
2019,Düsseldorf,Nordrhein-Westfalen,implementierung,Decision Making and Analytical,DecisionMaking,Both AI & ML
2019,Düsseldorf,Nordrhein-Westfalen,analyse,Decision Making and Analytical,DecisionMaking,Both AI & ML
2019,Düsseldorf,Nordrhein-Westfalen,integration,Occupational Attributes,EnterpriseSystem,Both AI & ML
2019,Düsseldorf,Nordrhein-Westfalen,vorhersage,Statistics and Data,DataMining,Both AI & ML
2019,Düsseldorf,Nordrhein-Westfalen,datenanalyse,General,Research,Both AI & ML
2019,Düsseldorf,Nordrhein-Westfalen,python,Occupational Attributes,Programming,Both AI & ML
2019,Düsseldorf,Nordrhein-Westfalen,sql,Statistics and Data,StructuredData,Both AI & ML
2019,Düsseldorf,Nordrhein-Westfalen,zusammenarbeit,Decision Making and Analytical,Interpersonal,Both AI & ML
2019,Düsseldorf,Nordrhein-Westfalen,implementierung,Decision Making and Analytical,DecisionMaking,Both AI & ML
2019,Düsseldorf,Nordrhein-Westfalen,mathematik,General,Numeracy,Both AI & ML
2019,Düsseldorf,Nordrhein-Westfalen,python,Occupational Attributes,Programming,Both AI & ML
2019,Düsseldorf,Nordrhein-Westfalen,pandas,Statistics and Data,Statistics,Both AI & ML
2019,Leipzig,Sachsen,verantwortlich,Communication,Generic,AI
2019,Herzogenrath,Nordrhein-Westfalen,verantwortlich,Communication,Generic,Both AI & ML
2019,Herzogenrath,Nordrhein-Westfalen,machine learning,Statistics and Data,DataMining,Both AI & ML
2019,Herzogenrath,Nordrhein-Westfalen,analyse,Decision Making and Analytical,DecisionMaking,Both AI & ML
2019,Herzogenrath,Nordrhein-Westfalen,implementierung,Decision Making and Analytical,DecisionMaking,Both AI & ML
2019,Herzogenrath,Nordrhein-Westfalen,machine learning,Statistics and Data,DataMining,Both AI & ML
2019,Herzogenrath,Nordrhein-Westfalen,prognose,Statistics and Data,DataMining,Both AI & ML
2019,Herzogenrath,Nordrhein-Westfalen,zusammenarbeit,Decision Making and Analytical,Interpersonal,Both AI & ML
2019,Herzogenrath,Nordrhein-Westfalen,machine learning,Statistics and Data,DataMining,Both AI & ML
2019,Herzogenrath,Nordrhein-Westfalen,python,Occupational Attributes,Programming,Both AI & ML
2019,Herzogenrath,Nordrhein-Westfalen,sql,Statistics and Data,StructuredData,Both AI & ML
2019,Herzogenrath,Nordrhein-Westfalen,datenanalyse,General,Research,Both AI & ML
2019,Herzogenrath,Nordrhein-Westfalen,machine learning,Statistics and Data,DataMining,Both AI & ML
2019,München,Bayern,verantwortlich,Communication,Generic,Both AI & ML
2019,München,Bayern,implementierung,Decision Making and Analytical,DecisionMaking,Both AI & ML
2019,München,Bayern,machine learning,Statistics and Data,DataMining,Both AI & ML
2019,München,Bayern,machine learning,Statistics and Data,DataMining,Both AI & ML
2019,München,Bayern,implementierung,Decision Making and Analytical,DecisionMaking,Both AI & ML
2019,München,Bayern,datenanalyse,General,Research,Both AI & ML
2019,München,Bayern,vorhersage,Statistics and Data,DataMining,Both AI & ML
2019,München,Bayern,zusammenarbeit,Decision Making and Analytical,Interpersonal,Both AI & ML
2019,München,Bayern,integration,Occupational Attributes,EnterpriseSystem,Both AI & ML
2019,München,Bayern,machine learning,Statistics and Data,DataMining,Both AI & ML
2019,München,Bayern,machine learning,Statistics and Data,DataMining,Both AI & ML
2019,München,Bayern,python,Occupational Attributes,Programming,Both AI & ML
2019,Köln,Nordrhein-Westfalen,sap,Occupational Attributes,EnterpriseSystem,ML
2019,Köln,Nordrhein-Westfalen,sap,Occupational Attributes,EnterpriseSystem,ML
2019,Köln,Nordrhein-Westfalen,verantwortlich,Communication,Generic,ML
2019,Köln,Nordrhein-Westfalen,sap,Occupational Attributes,EnterpriseSystem,ML
2019,Köln,Nordrhein-Westfalen,sap,Occupational Attributes,EnterpriseSystem,ML
2019,Köln,Nordrhein-Westfalen,analyse,Decision Making and Analytical,DecisionMaking,ML
2019,Köln,Nordrhein-Westfalen,sap,Occupational Attributes,EnterpriseSystem,ML
2019,Köln,Nordrhein-Westfalen,implementierung,Decision Making and Analytical,DecisionMaking,ML
2019,Köln,Nordrhein-Westfalen,sap,Occupational Attributes,EnterpriseSystem,ML
2019,Köln,Nordrhein-Westfalen,datenanalyse,General,Research,ML
2019,Köln,Nordrhein-Westfalen,python,Occupational Attributes,Programming,ML
2019,Köln,Nordrhein-Westfalen,sql,Statistics and Data,StructuredData,ML
2019,Köln,Nordrhein-Westfalen,pandas,Statistics and Data,Statistics,ML
2019,Köln,Nordrhein-Westfalen,sap,Occupational Attributes,EnterpriseSystem,ML
2019,Köln,Nordrhein-Westfalen,projektmanagement,Occupational Attributes,ProjectManagement,ML
2019,Köln,Nordrhein-Westfalen,python,Occupational Attributes,Programming,ML
2019,Köln,Nordrhein-Westfalen,sql,Statistics and Data,StructuredData,ML
2019,Köln,Nordrhein-Westfalen,pandas,Statistics and Data,Statistics,ML
2019,Köln,Nordrhein-Westfalen,modellbewertung,Generative AI,EvaluationMonitoring,ML
2019,Jena,Thüringen,computer vision,Specialized ML,ComputerVision,Both AI & ML
2019,Jena,Thüringen,integration,Occupational Attributes,EnterpriseSystem,Both AI & ML
2019,Jena,Thüringen,machine learning,Statistics and Data,DataMining,Both AI & ML
2019,Jena,Thüringen,zusammenarbeit,Decision Making and Analytical,Interpersonal,Both AI & ML
2019,Jena,Thüringen,computer vision,Specialized ML,ComputerVision,Both AI & ML
2019,Jena,Thüringen,python,Occupational Attributes,Programming,Both AI & ML
2019,Jena,Thüringen,c + +,Occupational Attributes,Programming,Both AI & ML
2019,Jena,Thüringen,computer vision,Specialized ML,ComputerVision,Both AI & ML
2019,Jena,Thüringen,statistik,Statistics and Data,Statistics,Both AI & ML
2019,Jena,Thüringen,opencv,Specialized ML,ComputerVision,Both AI & ML
2019,Hamburg,Hamburg,machine learning,Statistics and Data,DataMining,Both AI & ML
2019,Hamburg,Hamburg,machine learning,Statistics and Data,DataMining,Both AI & ML
2019,Hamburg,Hamburg,computer vision,Specialized ML,ComputerVision,Both AI & ML
2019,Hamburg,Hamburg,implementierung,Decision Making and Analytical,DecisionMaking,Both AI & ML
2019,Hamburg,Hamburg,machine learning,Statistics and Data,DataMining,Both AI & ML
2019,Hamburg,Hamburg,datenanalyse,General,Research,Both AI & ML
2019,Hamburg,Hamburg,python,Occupational Attributes,Programming,Both AI & ML
2019,Hamburg,Hamburg,pandas,Statistics and Data,Statistics,Both AI & ML
2019,Hamburg,Hamburg,implementierung,Decision Making and Analytical,DecisionMaking,Both AI & ML
2019,Hamburg,Hamburg,python,Occupational Attributes,Programming,Both AI & ML
2019,Hamburg,Hamburg,pandas,Statistics and Data,Statistics,Both AI & ML
2019,Hamburg,Hamburg,machine learning,Statistics and Data,DataMining,Both AI & ML
2019,Hamburg,Hamburg,computer vision,Specialized ML,ComputerVision,Both AI & ML
2019,Hamburg,Hamburg,opencv,Specialized ML,ComputerVision,Both AI & ML
2019,Bergisch Gladbach,Nordrhein-Westfalen,verantwortlich,Communication,Generic,Both AI & ML
2019,Bergisch Gladbach,Nordrhein-Westfalen,analyse,Decision Making and Analytical,DecisionMaking,Both AI & ML
2019,Bergisch Gladbach,Nordrhein-Westfalen,machine learning,Statistics and Data,DataMining,Both AI & ML
2019,Bergisch Gladbach,Nordrhein-Westfalen,datenanalyse,General,Research,Both AI & ML
2019,Bergisch Gladbach,Nordrhein-Westfalen,implementierung,Decision Making and Analytical,DecisionMaking,Both AI & ML
2019,Bergisch Gladbach,Nordrhein-Westfalen,zusammenarbeit,Decision Making and Analytical,Interpersonal,Both AI & ML
2019,Bergisch Gladbach,Nordrhein-Westfalen,mathematik,General,Numeracy,Both AI & ML
2019,Bergisch Gladbach,Nordrhein-Westfalen,python,Occupational Attributes,Programming,Both AI & ML
2019,Bergisch Gladbach,Nordrhein-Westfalen,sql,Statistics and Data,StructuredData,Both AI & ML
2019,Bergisch Gladbach,Nordrhein-Westfalen,machine learning,Statistics and Data,DataMining,Both AI & ML
2019,Bergisch Gladbach,Nordrhein-Westfalen,pandas,Statistics and Data,Statistics,Both AI & ML
2019,Friedrichshafen,Baden-Württemberg,machine learning,Statistics and Data,DataMining,Both AI & ML
2019,Friedrichshafen,Baden-Württemberg,analyse,Decision Making and Analytical,DecisionMaking,Both AI & ML
2019,Friedrichshafen,Baden-Württemberg,implementierung,Decision Making and Analytical,DecisionMaking,Both AI & ML
2019,Friedrichshafen,Baden-Württemberg,machine learning,Statistics and Data,DataMining,Both AI & ML
2019,Friedrichshafen,Baden-Württemberg,dokumentation,Decision Making and Analytical,MSOffice,Both AI & ML
2019,Friedrichshafen,Baden-Württemberg,zusammenarbeit,Decision Making and Analytical,Interpersonal,Both AI & ML
2019,Friedrichshafen,Baden-Württemberg,python,Occupational Attributes,Programming,Both AI & ML
2019,Friedrichshafen,Baden-Württemberg,sql,Statistics and Data,StructuredData,Both AI & ML
2019,Friedrichshafen,Baden-Württemberg,machine learning,Statistics and Data,DataMining,Both AI & ML
2019,Dresden,Sachsen,machine learning,Statistics and Data,DataMining,Both AI & ML
2019,Dresden,Sachsen,prognose,Statistics and Data,DataMining,Both AI & ML
2019,Dresden,Sachsen,machine learning,Statistics and Data,DataMining,Both AI & ML
2019,Dresden,Sachsen,vorhersage,Statistics and Data,DataMining,Both AI & ML
2019,Dresden,Sachsen,datenanalyse,General,Research,Both AI & ML
2019,Dresden,Sachsen,python,Occupational Attributes,Programming,Both AI & ML
2019,Dresden,Sachsen,sql,Statistics and Data,StructuredData,Both AI & ML
2019,Dresden,Sachsen,mathematik,General,Numeracy,Both AI & ML
2019,Dresden,Sachsen,python,Occupational Attributes,Programming,Both AI & ML
2019,Dresden,Sachsen,sql,Statistics and Data,StructuredData,Both AI & ML
2019,Dresden,Sachsen,machine learning,Statistics and Data,DataMining,Both AI & ML
2019,Dresden,Sachsen,modellbewertung,Generative AI,EvaluationMonitoring,Both AI & ML
2019,Dresden,Sachsen,big data,Statistics and Data,BigData,Both AI & ML
2019,Dresden,Sachsen,spark,Statistics and Data,BigData,Both AI & ML
2019,Dresden,Sachsen,hadoop,Statistics and Data,BigData,Both AI & ML
2019,Münster,Nordrhein-Westfalen,machine learning,Statistics and Data,DataMining,Both AI & ML
2019,Münster,Nordrhein-Westfalen,machine learning,Statistics and Data,DataMining,Both AI & ML
2019,Münster,Nordrhein-Westfalen,machine learning,Statistics and Data,DataMining,Both AI & ML
2019,Münster,Nordrhein-Westfalen,python,Occupational Attributes,Programming,Both AI & ML
2019,Münster,Nordrhein-Westfalen,sql,Statistics and Data,StructuredData,Both AI & ML
2019,Münster,Nordrhein-Westfalen,statistik,Statistics and Data,Statistics,Both AI & ML
2019,Münster,Nordrhein-Westfalen,zusammenarbeit,Decision Making and Analytical,Interpersonal,Both AI & ML
2019,Münster,Nordrhein-Westfalen,implementierung,Decision Making and Analytical,DecisionMaking,Both AI & ML
2019,Münster,Nordrhein-Westfalen,mathematik,General,Numeracy,Both AI & ML
2019,Münster,Nordrhein-Westfalen,statistik,Statistics and Data,Statistics,Both AI & ML
2019,Münster,Nordrhein-Westfalen,machine learning,Statistics and Data,DataMining,Both AI & ML
2019,Münster,Nordrhein-Westfalen,python,Occupational Attributes,Programming,Both AI & ML
2019,Münster,Nordrhein-Westfalen,sql,Statistics and Data,StructuredData,Both AI & ML
2019,Münster,Nordrhein-Westfalen,pandas,Statistics and Data,Statistics,Both AI & ML
2019,Düsseldorf,Nordrhein-Westfalen,verantwortlich,Communication,Generic,Both AI & ML
2019,Düsseldorf,Nordrhein-Westfalen,analyse,Decision Making and Analytical,DecisionMaking,Both AI & ML
2019,Düsseldorf,Nordrhein-Westfalen,analyse,Decision Making and Analytical,DecisionMaking,Both AI & ML
2019,Düsseldorf,Nordrhein-Westfalen,integration,Occupational Attributes,EnterpriseSystem,Both AI & ML
2019,Düsseldorf,Nordrhein-Westfalen,datenanalyse,General,Research,Both AI & ML
2019,Köln,Nordrhein-Westfalen,datenanalyse,General,Research,Both AI & ML
2019,Köln,Nordrhein-Westfalen,machine learning,Statistics and Data,DataMining,Both AI & ML
2019,Köln,Nordrhein-Westfalen,implementierung,Decision Making and Analytical,DecisionMaking,Both AI & ML
2019,Köln,Nordrhein-Westfalen,analyse,Decision Making and Analytical,DecisionMaking,Both AI & ML
2019,Köln,Nordrhein-Westfalen,python,Occupational Attributes,Programming,Both AI & ML
2019,Köln,Nordrhein-Westfalen,pandas,Statistics and Data,Statistics,Both AI & ML
2019,Köln,Nordrhein-Westfalen,zusammenarbeit,Decision Making and Analytical,Interpersonal,Both AI & ML
2019,Köln,Nordrhein-Westfalen,integration,Occupational Attributes,EnterpriseSystem,Both AI & ML
2019,Köln,Nordrhein-Westfalen,mathematik,General,Numeracy,Both AI & ML
2019,Köln,Nordrhein-Westfalen,python,Occupational Attributes,Programming,Both AI & ML
2019,Köln,Nordrhein-Westfalen,pandas,Statistics and Data,Statistics,Both AI & ML
2019,Köln,Nordrhein-Westfalen,zusammenarbeit,Decision Making and Analytical,Interpersonal,Both AI & ML
2019,Köln,Nordrhein-Westfalen,kommunikation,Decision Making and Analytical,MSOffice,Both AI & ML
2019,Berlin,Berlin,nlp,Specialized ML,NLP,Both AI & ML
2019,Berlin,Berlin,nlp,Specialized ML,NLP,Both AI & ML
2019,Berlin,Berlin,nlp,Specialized ML,NLP,Both AI & ML
2019,Berlin,Berlin,machine learning,Statistics and Data,DataMining,Both AI & ML
2019,Berlin,Berlin,vorhersage,Statistics and Data,DataMining,Both AI & ML
2019,Berlin,Berlin,analyse,Decision Making and Analytical,DecisionMaking,Both AI & ML
2019,Berlin,Berlin,zusammenarbeit,Decision Making and Analytical,Interpersonal,Both AI & ML
2019,Berlin,Berlin,implementierung,Decision Making and Analytical,DecisionMaking,Both AI & ML
2019,Berlin,Berlin,nlp,Specialized ML,NLP,Both AI & ML
2019,Berlin,Berlin,python,Occupational Attributes,Programming,Both AI & ML
2019,Berlin,Berlin,machine learning,Statistics and Data,DataMining,Both AI & ML
2019,Berlin,Berlin,computer vision,Specialized ML,ComputerVision,Both AI & ML
2019,Berlin,Berlin,nlp,Specialized ML,NLP,Both AI & ML
2019,Berlin,Berlin,pandas,Statistics and Data,Statistics,Both AI & ML
2019,Berlin,Berlin,big data,Statistics and Data,BigData,Both AI & ML
2019,Berlin,Berlin,spark,Statistics and Data,BigData,Both AI & ML
2019,Berlin,Berlin,hadoop,Statistics and Data,BigData,Both AI & ML
2019,Neukirchen-Vluyn,Nordrhein-Westfalen,machine learning,Statistics and Data,DataMining,Both AI & ML
2019,Neukirchen-Vluyn,Nordrhein-Westfalen,analyse,Decision Making and Analytical,DecisionMaking,Both AI & ML
2019,Neukirchen-Vluyn,Nordrhein-Westfalen,machine learning,Statistics and Data,DataMining,Both AI & ML
2019,Neukirchen-Vluyn,Nordrhein-Westfalen,analyse,Decision Making and Analytical,DecisionMaking,Both AI & ML
2019,Neukirchen-Vluyn,Nordrhein-Westfalen,python,Occupational Attributes,Programming,Both AI & ML
2019,Neukirchen-Vluyn,Nordrhein-Westfalen,sql,Statistics and Data,StructuredData,Both AI & ML
2019,Neukirchen-Vluyn,Nordrhein-Westfalen,zusammenarbeit,Decision Making and Analytical,Interpersonal,Both AI & ML
2019,Neukirchen-Vluyn,Nordrhein-Westfalen,mathematik,General,Numeracy,Both AI & ML
2019,Neukirchen-Vluyn,Nordrhein-Westfalen,machine learning,Statistics and Data,DataMining,Both AI & ML
2019,Neukirchen-Vluyn,Nordrhein-Westfalen,python,Occupational Attributes,Programming,Both AI & ML
2019,Neukirchen-Vluyn,Nordrhein-Westfalen,sql,Statistics and Data,StructuredData,Both AI & ML
2019,Neukirchen-Vluyn,Nordrhein-Westfalen,reporting,Decision Making and Analytical,DecisionMaking,Both AI & ML
2019,Göttingen,Niedersachsen,datenanalyse,General,Research,Both AI & ML
2019,Göttingen,Niedersachsen,prognose,Statistics and Data,DataMining,Both AI & ML
2019,Göttingen,Niedersachsen,zusammenarbeit,Decision Making and Analytical,Interpersonal,Both AI & ML
2019,Göttingen,Niedersachsen,integration,Occupational Attributes,EnterpriseSystem,Both AI & ML
2019,Göttingen,Niedersachsen,analyse,Decision Making and Analytical,DecisionMaking,Both AI & ML
2019,Göttingen,Niedersachsen,python,Occupational Attributes,Programming,Both AI & ML
2019,Göttingen,Niedersachsen,sql,Statistics and Data,StructuredData,Both AI & ML
2019,Göttingen,Niedersachsen,big data,Statistics and Data,BigData,Both AI & ML
2019,Göttingen,Niedersachsen,spark,Statistics and Data,BigData,Both AI & ML
2019,Göttingen,Niedersachsen,hadoop,Statistics and Data,BigData,Both AI & ML
2019,Göttingen,Niedersachsen,machine learning,Statistics and Data,DataMining,Both AI & ML
2019,Köln,Nordrhein-Westfalen,zusammenarbeit,Decision Making and Analytical,Interpersonal,Both AI & ML
2019,Köln,Nordrhein-Westfalen,analyse,Decision Making and Analytical,DecisionMaking,Both AI & ML
2019,Köln,Nordrhein-Westfalen,implementierung,Decision Making and Analytical,DecisionMaking,Both AI & ML
2019,Köln,Nordrhein-Westfalen,zusammenarbeit,Decision Making and Analytical,Interpersonal,Both AI & ML
2019,Köln,Nordrhein-Westfalen,mathematik,General,Numeracy,Both AI & ML
2019,Köln,Nordrhein-Westfalen,python,Occupational Attributes,Programming,Both AI & ML
2019,Köln,Nordrhein-Westfalen,sql,Statistics and Data,StructuredData,Both AI & ML
2019,Köln,Nordrhein-Westfalen,machine learning,Statistics and Data,DataMining,Both AI & ML
2019,Ulm,Baden-Württemberg,computer vision,Specialized ML,ComputerVision,Both AI & ML
2019,Ulm,Baden-Württemberg,machine learning,Statistics and Data,DataMining,Both AI & ML
2019,Ulm,Baden-Württemberg,bildverarbeitung,Specialized ML,ComputerVision,Both AI & ML
2019,Ulm,Baden-Württemberg,implementierung,Decision Making and Analytical,DecisionMaking,Both AI & ML
2019,Ulm,Baden-Württemberg,computer vision,Specialized ML,ComputerVision,Both AI & ML
2019,Ulm,Baden-Württemberg,opencv,Specialized ML,ComputerVision,Both AI & ML
2019,Ulm,Baden-Württemberg,machine learning,Statistics and Data,DataMining,Both AI & ML
2019,Ulm,Baden-Württemberg,analyse,Decision Making and Analytical,DecisionMaking,Both AI & ML
2019,Ulm,Baden-Württemberg,python,Occupational Attributes,Programming,Both AI & ML
2019,Ulm,Baden-Württemberg,sql,Statistics and Data,StructuredData,Both AI & ML
2019,Ulm,Baden-Württemberg,zusammenarbeit,Decision Making and Analytical,Interpersonal,Both AI & ML
2019,Ulm,Baden-Württemberg,integration,Occupational Attributes,EnterpriseSystem,Both AI & ML
2019,Ulm,Baden-Württemberg,dokumentation,Decision Making and Analytical,MSOffice,Both AI & ML
2019,Ulm,Baden-Württemberg,präsentation,Communication,Presentation,Both AI & ML
2019,Ulm,Baden-Württemberg,mathematik,General,Numeracy,Both AI & ML
2019,Ulm,Baden-Württemberg,python,Occupational Attributes,Programming,Both AI & ML
2019,Ulm,Baden-Württemberg,pandas,Statistics and Data,Statistics,Both AI & ML
2019,Ulm,Baden-Württemberg,machine learning,Statistics and Data,DataMining,Both AI & ML
2019,Ulm,Baden-Württemberg,computer vision,Specialized ML,ComputerVision,Both AI & ML
2019,Ulm,Baden-Württemberg,opencv,Specialized ML,ComputerVision,Both AI & ML
2019,Köln,Nordrhein-Westfalen,machine learning,Statistics and Data,DataMining,Both AI & ML
2019,Köln,Nordrhein-Westfalen,machine learning,Statistics and Data,DataMining,Both AI & ML
2019,Köln,Nordrhein-Westfalen,machine learning,Statistics and Data,DataMining,Both AI & ML
2019,Köln,Nordrhein-Westfalen,datenanalyse,General,Research,Both AI & ML
2019,Köln,Nordrhein-Westfalen,python,Occupational Attributes,Programming,Both AI & ML
2019,Köln,Nordrhein-Westfalen,pandas,Statistics and Data,Statistics,Both AI & ML
2019,Köln,Nordrhein-Westfalen,implementierung,Decision Making and Analytical,DecisionMaking,Both AI & ML
2019,Köln,Nordrhein-Westfalen,zusammenarbeit,Decision Making and Analytical,Interpersonal,Both AI & ML
2019,Köln,Nordrhein-Westfalen,integration,Occupational Attributes,EnterpriseSystem,Both AI & ML
2019,Köln,Nordrhein-Westfalen,modellierung,Decision Making and Analytical,DecisionMaking,Both AI & ML
2019,Köln,Nordrhein-Westfalen,mathematik,General,Numeracy,Both AI & ML
2019,Köln,Nordrhein-Westfalen,python,Occupational Attributes,Programming,Both AI & ML
2019,Köln,Nordrhein-Westfalen,sql,Statistics and Data,StructuredData,Both AI & ML
2019,Köln,Nordrhein-Westfalen,machine learning,Statistics and Data,DataMining,Both AI & ML
2019,Köln,Nordrhein-Westfalen,datenanalyse,General,Research,Both AI & ML
2019,Köln,Nordrhein-Westfalen,statistik,Statistics and Data,Statistics,Both AI & ML
2019,Köln,Nordrhein-Westfalen,modellbewertung,Generative AI,EvaluationMonitoring,Both AI & ML
2019,Köln,Nordrhein-Westfalen,zusammenarbeit,Decision Making and Analytical,Interpersonal,Both AI & ML
2019,Stuttgart,Baden-Württemberg,sap,Occupational Attributes,EnterpriseSystem,Both AI & ML
2019,Stuttgart,Baden-Württemberg,sap,Occupational Attributes,EnterpriseSystem,Both AI & ML
2019,Stuttgart,Baden-Württemberg,verantwortlich,Communication,Generic,Both AI & ML
2019,Stuttgart,Baden-Württemberg,sap,Occupational Attributes,EnterpriseSystem,Both AI & ML
2019,Stuttgart,Baden-Württemberg,implementierung,Decision Making and Analytical,DecisionMaking,Both AI & ML
2019,Stuttgart,Baden-Württemberg,sap,Occupational Attributes,EnterpriseSystem,Both AI & ML
2019,Stuttgart,Baden-Württemberg,sap,Occupational Attributes,EnterpriseSystem,Both AI & ML
2019,Stuttgart,Baden-Württemberg,sap,Occupational Attributes,EnterpriseSystem,Both AI & ML
2019,Stuttgart,Baden-Württemberg,analyse,Decision Making and Analytical,DecisionMaking,AI
2019,Stuttgart,Baden-Württemberg,implementierung,Decision Making and Analytical,DecisionMaking,AI
2019,Stuttgart,Baden-Württemberg,integration,Occupational Attributes,EnterpriseSystem,AI
2019,Stuttgart,Baden-Württemberg,aws,Cloud Platforms,AWS,AI
2019,Stuttgart,Baden-Württemberg,azure,Cloud Platforms,Azure,AI
2019,Köln,Nordrhein-Westfalen,verantwortlich,Communication,Generic,Both AI & ML
2019,Köln,Nordrhein-Westfalen,planung,Data Engineering,Orchestration,Both AI & ML
2019,Köln,Nordrhein-Westfalen,analyse,Decision Making and Analytical,DecisionMaking,Both AI & ML
2019,Köln,Nordrhein-Westfalen,implementierung,Decision Making and Analytical,DecisionMaking,Both AI & ML
2019,Köln,Nordrhein-Westfalen,machine learning,Statistics and Data,DataMining,Both AI & ML
2019,Köln,Nordrhein-Westfalen,zusammenarbeit,Decision Making and Analytical,Interpersonal,Both AI & ML
2019,Köln,Nordrhein-Westfalen,integration,Occupational Attributes,EnterpriseSystem,Both AI & ML
2019,Köln,Nordrhein-Westfalen,mathematik,General,Numeracy,Both AI & ML
2019,Köln,Nordrhein-Westfalen,projektmanagement,Occupational Attributes,ProjectManagement,Both AI & ML
2019,Köln,Nordrhein-Westfalen,python,Occupational Attributes,Programming,Both AI & ML
2019,Köln,Nordrhein-Westfalen,sql,Statistics and Data,StructuredData,Both AI & ML
2019,Köln,Nordrhein-Westfalen,machine learning,Statistics and Data,DataMining,Both AI & ML
2019,Köln,Nordrhein-Westfalen,big data,Statistics and Data,BigData,Both AI & ML
2019,Köln,Nordrhein-Westfalen,spark,Statistics and Data,BigData,Both AI & ML
2019,Köln,Nordrhein-Westfalen,hadoop,Statistics and Data,BigData,Both AI & ML
2019,Kiel,Schleswig-Holstein,analyse,Decision Making and Analytical,DecisionMaking,AI
2019,Frankfurt am Main,Hessen,python,Occupational Attributes,Programming,Both AI & ML
2019,Frankfurt am Main,Hessen,python,Occupational Attributes,Programming,Both AI & ML
2019,Frankfurt am Main,Hessen,machine learning,Statistics and Data,DataMining,Both AI & ML
2019,Frankfurt am Main,Hessen,machine learning,Statistics and Data,DataMining,Both AI & ML
2019,Frankfurt am Main,Hessen,datenanalyse,General,Research,Both AI & ML
2019,Frankfurt am Main,Hessen,modellierung,Decision Making and Analytical,DecisionMaking,Both AI & ML
2019,Frankfurt am Main,Hessen,python,Occupational Attributes,Programming,Both AI & ML
2019,Frankfurt am Main,Hessen,sql,Statistics and Data,StructuredData,Both AI & ML
2019,Frankfurt am Main,Hessen,zusammenarbeit,Decision Making and Analytical,Interpersonal,Both AI & ML
2019,Frankfurt am Main,Hessen,mathematik,General,Numeracy,Both AI & ML
2019,Frankfurt am Main,Hessen,datenanalyse,General,Research,Both AI & ML
2019,Frankfurt am Main,Hessen,modellierung,Decision Making and Analytical,DecisionMaking,Both AI & ML
2019,Frankfurt am Main,Hessen,python,Occupational Attributes,Programming,Both AI & ML
2019,Frankfurt am Main,Hessen,sql,Statistics and Data,StructuredData,Both AI & ML
2019,Hamburg,Hamburg,implementierung,Decision Making and Analytical,DecisionMaking,Both AI & ML
2019,Hamburg,Hamburg,analyse,Decision Making and Analytical,DecisionMaking,Both AI & ML
2019,Hamburg,Hamburg,machine learning,Statistics and Data,DataMining,Both AI & ML
2019,Hamburg,Hamburg,mathematik,General,Numeracy,Both AI & ML
2019,Hamburg,Hamburg,python,Occupational Attributes,Programming,Both AI & ML
2019,Hamburg,Hamburg,machine learning,Statistics and Data,DataMining,Both AI & ML
2019,Stuttgart,Baden-Württemberg,implementierung,Decision Making and Analytical,DecisionMaking,AI
2019,Stuttgart,Baden-Württemberg,analyse,Decision Making and Analytical,DecisionMaking,AI
2019,Stuttgart,Baden-Württemberg,sql,Statistics and Data,StructuredData,AI
2019,Stuttgart,Baden-Württemberg,server,Occupational Attributes,Hardware,AI
2019,Frankfurt am Main,Hessen,implementierung,Decision Making and Analytical,DecisionMaking,Both AI & ML
2019,Frankfurt am Main,Hessen,python,Occupational Attributes,Programming,Both AI & ML
2019,Frankfurt am Main,Hessen,sql,Statistics and Data,StructuredData,Both AI & ML
2019,Frankfurt am Main,Hessen,machine learning,Statistics and Data,DataMining,Both AI & ML
2019,Frankfurt am Main,Hessen,analyse,Decision Making and Analytical,DecisionMaking,Both AI & ML
2019,München,Bayern,verantwortlich,Communication,Generic,AI
2019,München,Bayern,computer vision,Specialized ML,ComputerVision,AI
2019,München,Bayern,implementierung,Decision Making and Analytical,DecisionMaking,AI
2019,München,Bayern,dokumentation,Decision Making and Analytical,MSOffice,AI
2019,München,Bayern,planung,Data Engineering,Orchestration,AI
2019,München,Bayern,architektur,Occupational Attributes,Hardware,AI
2019,München,Bayern,computer vision,Specialized ML,ComputerVision,AI
2019,München,Bayern,implementierung,Decision Making and Analytical,DecisionMaking,AI
2019,München,Bayern,testing,Decision Making and Analytical,DecisionMaking,AI
2019,München,Bayern,integration,Occupational Attributes,EnterpriseSystem,AI
2019,München,Bayern,dokumentation,Decision Making and Analytical,MSOffice,AI
2019,München,Bayern,dokumentation,Decision Making and Analytical,MSOffice,AI
2019,München,Bayern,computer vision,Specialized ML,ComputerVision,AI
2019,München,Bayern,bildverarbeitung,Specialized ML,ComputerVision,AI
2019,München,Bayern,opencv,Specialized ML,ComputerVision,AI
2019,München,Bayern,opencv,Specialized ML,ComputerVision,AI
2019,München,Bayern,integration,Occupational Attributes,EnterpriseSystem,AI
2019,München,Bayern,testing,Decision Making and Analytical,DecisionMaking,AI
2019,München,Bayern,zusammenarbeit,Decision Making and Analytical,Interpersonal,Both AI & ML
2019,München,Bayern,präsentation,Communication,Presentation,Both AI & ML
2019,München,Bayern,datenanalyse,General,Research,Both AI & ML
2019,München,Bayern,zusammenarbeit,Decision Making and Analytical,Interpersonal,Both AI & ML
2019,München,Bayern,kommunikation,Decision Making and Analytical,MSOffice,Both AI & ML
2019,Osnabrück,Niedersachsen,implementierung,Decision Making and Analytical,DecisionMaking,Both AI & ML
2019,Osnabrück,Niedersachsen,analyse,Decision Making and Analytical,DecisionMaking,Both AI & ML
2019,Osnabrück,Niedersachsen,integration,Occupational Attributes,EnterpriseSystem,Both AI & ML
2019,Osnabrück,Niedersachsen,machine learning,Statistics and Data,DataMining,Both AI & ML
2019,Osnabrück,Niedersachsen,machine learning,Statistics and Data,DataMining,Both AI & ML
2019,Osnabrück,Niedersachsen,pandas,Statistics and Data,Statistics,Both AI & ML
2019,Osnabrück,Niedersachsen,python,Occupational Attributes,Programming,Both AI & ML
2019,Osnabrück,Niedersachsen,sql,Statistics and Data,StructuredData,Both AI & ML
2019,Osnabrück,Niedersachsen,analyse,Decision Making and Analytical,DecisionMaking,Both AI & ML
2019,Saarbrücken,Saarland,machine learning,Statistics and Data,DataMining,Both AI & ML
2019,Saarbrücken,Saarland,machine learning,Statistics and Data,DataMining,Both AI & ML
2019,Saarbrücken,Saarland,implementierung,Decision Making and Analytical,DecisionMaking,Both AI & ML
2019,Saarbrücken,Saarland,machine learning,Statistics and Data,DataMining,Both AI & ML
2019,Saarbrücken,Saarland,analyse,Decision Making and Analytical,DecisionMaking,Both AI & ML
2019,Saarbrücken,Saarland,python,Occupational Attributes,Programming,Both AI & ML
2019,Saarbrücken,Saarland,sql,Statistics and Data,StructuredData,Both AI & ML
2019,Saarbrücken,Saarland,machine learning,Statistics and Data,DataMining,Both AI & ML
2019,Saarbrücken,Saarland,zusammenarbeit,Decision Making and Analytical,Interpersonal,Both AI & ML
2019,Saarbrücken,Saarland,integration,Occupational Attributes,EnterpriseSystem,Both AI & ML
2019,Saarbrücken,Saarland,mathematik,General,Numeracy,Both AI & ML
2019,Saarbrücken,Saarland,machine learning,Statistics and Data,DataMining,Both AI & ML
2019,Saarbrücken,Saarland,python,Occupational Attributes,Programming,Both AI & ML
2019,Saarbrücken,Saarland,sql,Statistics and Data,StructuredData,Both AI & ML
2019,Saarbrücken,Saarland,machine learning,Statistics and Data,DataMining,Both AI & ML
2019,Saarbrücken,Saarland,pandas,Statistics and Data,Statistics,Both AI & ML
2019,München,Bayern,machine learning,Statistics and Data,DataMining,Both AI & ML
2019,München,Bayern,implementierung,Decision Making and Analytical,DecisionMaking,Both AI & ML
2019,München,Bayern,zusammenarbeit,Decision Making and Analytical,Interpersonal,Both AI & ML
2019,München,Bayern,machine learning,Statistics and Data,DataMining,Both AI & ML
2019,München,Bayern,c + +,Occupational Attributes,Programming,Both AI & ML
2019,München,Bayern,machine learning,Statistics and Data,DataMining,Both AI & ML
2019,Freiburg im Breisgau,Baden-Württemberg,analyse,Decision Making and Analytical,DecisionMaking,Both AI & ML
2019,Freiburg im Breisgau,Baden-Württemberg,implementierung,Decision Making and Analytical,DecisionMaking,Both AI & ML
2019,Freiburg im Breisgau,Baden-Württemberg,prognose,Statistics and Data,DataMining,Both AI & ML
2019,Freiburg im Breisgau,Baden-Württemberg,datenanalyse,General,Research,Both AI & ML
2019,Freiburg im Breisgau,Baden-Württemberg,python,Occupational Attributes,Programming,Both AI & ML
2019,Freiburg im Breisgau,Baden-Württemberg,sql,Statistics and Data,StructuredData,Both AI & ML
2019,Freiburg im Breisgau,Baden-Württemberg,mathematik,General,Numeracy,Both AI & ML
2019,Freiburg im Breisgau,Baden-Württemberg,python,Occupational Attributes,Programming,Both AI & ML
2019,Freiburg im Breisgau,Baden-Württemberg,sql,Statistics and Data,StructuredData,Both AI & ML
2019,Freiburg im Breisgau,Baden-Württemberg,machine learning,Statistics and Data,DataMining,Both AI & ML
2019,Freiburg im Breisgau,Baden-Württemberg,statistik,Statistics and Data,Statistics,Both AI & ML
2019,Bielefeld,Nordrhein-Westfalen,selbstständig,Employee Attributes,Independence,Both AI & ML
2019,Bielefeld,Nordrhein-Westfalen,machine learning,Statistics and Data,DataMining,Both AI & ML
2019,Bielefeld,Nordrhein-Westfalen,machine learning,Statistics and Data,DataMining,Both AI & ML
2019,Bielefeld,Nordrhein-Westfalen,machine learning,Statistics and Data,DataMining,Both AI & ML
2019,Bielefeld,Nordrhein-Westfalen,datenanalyse,General,Research,Both AI & ML
2019,Bielefeld,Nordrhein-Westfalen,python,Occupational Attributes,Programming,Both AI & ML
2019,Bielefeld,Nordrhein-Westfalen,sql,Statistics and Data,StructuredData,Both AI & ML
2019,Bielefeld,Nordrhein-Westfalen,pandas,Statistics and Data,Statistics,Both AI & ML
2019,Bielefeld,Nordrhein-Westfalen,implementierung,Decision Making and Analytical,DecisionMaking,Both AI & ML
2019,Bielefeld,Nordrhein-Westfalen,zusammenarbeit,Decision Making and Analytical,Interpersonal,Both AI & ML
2019,Bielefeld,Nordrhein-Westfalen,integration,Occupational Attributes,EnterpriseSystem,Both AI & ML
2019,Bielefeld,Nordrhein-Westfalen,machine learning,Statistics and Data,DataMining,Both AI & ML
2019,Bielefeld,Nordrhein-Westfalen,mathematik,General,Numeracy,Both AI & ML
2019,Bielefeld,Nordrhein-Westfalen,statistik,Statistics and Data,Statistics,Both AI & ML
2019,Bielefeld,Nordrhein-Westfalen,python,Occupational Attributes,Programming,Both AI & ML
2019,Bielefeld,Nordrhein-Westfalen,sql,Statistics and Data,StructuredData,Both AI & ML
2019,Bielefeld,Nordrhein-Westfalen,machine learning,Statistics and Data,DataMining,Both AI & ML
2019,Freiburg im Breisgau,Baden-Württemberg,analyse,Decision Making and Analytical,DecisionMaking,Both AI & ML
2019,Freiburg im Breisgau,Baden-Württemberg,implementierung,Decision Making and Analytical,DecisionMaking,Both AI & ML
2019,Freiburg im Breisgau,Baden-Württemberg,zusammenarbeit,Decision Making and Analytical,Interpersonal,Both AI & ML
2019,Freiburg im Breisgau,Baden-Württemberg,mathematik,General,Numeracy,Both AI & ML
2019,Freiburg im Breisgau,Baden-Württemberg,python,Occupational Attributes,Programming,Both AI & ML
2019,Freiburg im Breisgau,Baden-Württemberg,sql,Statistics and Data,StructuredData,Both AI & ML
2019,Freiburg im Breisgau,Baden-Württemberg,machine learning,Statistics and Data,DataMining,Both AI & ML
2019,Köln,Nordrhein-Westfalen,verantwortlich,Communication,Generic,Both AI & ML
2019,Köln,Nordrhein-Westfalen,implementierung,Decision Making and Analytical,DecisionMaking,Both AI & ML
2019,Köln,Nordrhein-Westfalen,datenanalyse,General,Research,Both AI & ML
2019,Köln,Nordrhein-Westfalen,prognose,Statistics and Data,DataMining,Both AI & ML
2019,Köln,Nordrhein-Westfalen,zusammenarbeit,Decision Making and Analytical,Interpersonal,Both AI & ML
2019,Köln,Nordrhein-Westfalen,python,Occupational Attributes,Programming,Both AI & ML
2019,Köln,Nordrhein-Westfalen,sql,Statistics and Data,StructuredData,Both AI & ML
2019,Bremen,Bremen,implementierung,Decision Making and Analytical,DecisionMaking,AI
2019,Bremen,Bremen,analyse,Decision Making and Analytical,DecisionMaking,AI
2019,Bremen,Bremen,zusammenarbeit,Decision Making and Analytical,Interpersonal,AI
2019,Bremen,Bremen,integration,Occupational Attributes,EnterpriseSystem,AI
2019,Bremen,Bremen,dokumentation,Decision Making and Analytical,MSOffice,AI
2019,Bremen,Bremen,präsentation,Communication,Presentation,AI
2019,Bremen,Bremen,python,Occupational Attributes,Programming,AI
2019,Bremen,Bremen,sql,Statistics and Data,StructuredData,AI
2019,Bremen,Bremen,opencv,Specialized ML,ComputerVision,AI
2019,Bremen,Bremen,deutsch,General,ForeignLanguage,AI
2019,Düsseldorf,Nordrhein-Westfalen,analyse,Decision Making and Analytical,DecisionMaking,Both AI & ML
2019,Düsseldorf,Nordrhein-Westfalen,modellierung,Decision Making and Analytical,DecisionMaking,Both AI & ML
2019,Düsseldorf,Nordrhein-Westfalen,machine learning,Statistics and Data,DataMining,Both AI & ML
2019,Düsseldorf,Nordrhein-Westfalen,datenanalyse,General,Research,Both AI & ML
2019,Düsseldorf,Nordrhein-Westfalen,python,Occupational Attributes,Programming,Both AI & ML
2019,Düsseldorf,Nordrhein-Westfalen,sql,Statistics and Data,StructuredData,Both AI & ML
2019,Düsseldorf,Nordrhein-Westfalen,mathematik,General,Numeracy,Both AI & ML
2019,Düsseldorf,Nordrhein-Westfalen,machine learning,Statistics and Data,DataMining,Both AI & ML
2019,Düsseldorf,Nordrhein-Westfalen,python,Occupational Attributes,Programming,Both AI & ML
2019,Düsseldorf,Nordrhein-Westfalen,sql,Statistics and Data,StructuredData,Both AI & ML
2019,Düsseldorf,Nordrhein-Westfalen,statistik,Statistics and Data,Statistics,Both AI & ML
2019,Bad Nauheim,Hessen,planung,Data Engineering,Orchestration,AI
2019,Bad Nauheim,Hessen,englisch,General,ForeignLanguage,AI
2019,Bad Nauheim,Hessen,analyse,Decision Making and Analytical,DecisionMaking,AI
2019,Bad Nauheim,Hessen,planung,Data Engineering,Orchestration,AI
2019,Karlsruhe,Baden-Württemberg,berichte,Occupational Attributes,Visualization,Both AI & ML
2019,Karlsruhe,Baden-Württemberg,analyse,Decision Making and Analytical,DecisionMaking,Both AI & ML
2019,Karlsruhe,Baden-Württemberg,tableau,Occupational Attributes,Visualization,Both AI & ML
2019,Karlsruhe,Baden-Württemberg,zusammenarbeit,Decision Making and Analytical,Interpersonal,Both AI & ML
2019,Karlsruhe,Baden-Württemberg,sql,Statistics and Data,StructuredData,Both AI & ML
2019,Karlsruhe,Baden-Württemberg,nosql,Statistics and Data,BigData,Both AI & ML
2019,Karlsruhe,Baden-Württemberg,pandas,Statistics and Data,Statistics,Both AI & ML
2019,Karlsruhe,Baden-Württemberg,datenanalyse,General,Research,Both AI & ML
2019,Karlsruhe,Baden-Württemberg,statistik,Statistics and Data,Statistics,Both AI & ML
2019,Karlsruhe,Baden-Württemberg,machine learning,Statistics and Data,DataMining,Both AI & ML
2019,Gütersloh,Nordrhein-Westfalen,machine learning,Statistics and Data,DataMining,Both AI & ML
2019,Gütersloh,Nordrhein-Westfalen,machine learning,Statistics and Data,DataMining,Both AI & ML
2019,Gütersloh,Nordrhein-Westfalen,verantwortlich,Communication,Generic,Both AI & ML
2019,Gütersloh,Nordrhein-Westfalen,implementierung,Decision Making and Analytical,DecisionMaking,Both AI & ML
2019,Gütersloh,Nordrhein-Westfalen,machine learning,Statistics and Data,DataMining,Both AI & ML
2019,Gütersloh,Nordrhein-Westfalen,machine learning,Statistics and Data,DataMining,Both AI & ML
2019,Gütersloh,Nordrhein-Westfalen,analyse,Decision Making and Analytical,DecisionMaking,Both AI & ML
2019,Gütersloh,Nordrhein-Westfalen,integration,Occupational Attributes,EnterpriseSystem,Both AI & ML
2019,Gütersloh,Nordrhein-Westfalen,zusammenarbeit,Decision Making and Analytical,Interpersonal,Both AI & ML
2019,Gütersloh,Nordrhein-Westfalen,mathematik,General,Numeracy,Both AI & ML
2019,Gütersloh,Nordrhein-Westfalen,python,Occupational Attributes,Programming,Both AI & ML
2019,Gütersloh,Nordrhein-Westfalen,pandas,Statistics and Data,Statistics,Both AI & ML
2019,Gütersloh,Nordrhein-Westfalen,modellbewertung,Generative AI,EvaluationMonitoring,Both AI & ML
2019,Gütersloh,Nordrhein-Westfalen,problemlösung,Decision Making and Analytical,ProblemSolving,Both AI & ML
2019,Köln,Nordrhein-Westfalen,design,Decision Making and Analytical,DecisionMaking,Both AI & ML
2019,Köln,Nordrhein-Westfalen,machine learning,Statistics and Data,DataMining,Both AI & ML
2019,Köln,Nordrhein-Westfalen,zusammenarbeit,Decision Making and Analytical,Interpersonal,Both AI & ML
2019,Köln,Nordrhein-Westfalen,analyse,Decision Making and Analytical,DecisionMaking,Both AI & ML
2019,Köln,Nordrhein-Westfalen,python,Occupational Attributes,Programming,Both AI & ML
2019,Köln,Nordrhein-Westfalen,sql,Statistics and Data,StructuredData,Both AI & ML
2019,Köln,Nordrhein-Westfalen,machine learning,Statistics and Data,DataMining,Both AI & ML
2019,Köln,Nordrhein-Westfalen,modellbewertung,Generative AI,EvaluationMonitoring,Both AI & ML
2019,Köln,Nordrhein-Westfalen,präsentation,Communication,Presentation,Both AI & ML
2019,Köln,Nordrhein-Westfalen,machine learning,Statistics and Data,DataMining,Both AI & ML
2019,Köln,Nordrhein-Westfalen,implementierung,Decision Making and Analytical,DecisionMaking,Both AI & ML
2019,Köln,Nordrhein-Westfalen,machine learning,Statistics and Data,DataMining,Both AI & ML
2019,Köln,Nordrhein-Westfalen,analyse,Decision Making and Analytical,DecisionMaking,Both AI & ML
2019,Köln,Nordrhein-Westfalen,python,Occupational Attributes,Programming,Both AI & ML
2019,Köln,Nordrhein-Westfalen,sql,Statistics and Data,StructuredData,Both AI & ML
2019,Köln,Nordrhein-Westfalen,pandas,Statistics and Data,Statistics,Both AI & ML
2019,Köln,Nordrhein-Westfalen,implementierung,Decision Making and Analytical,DecisionMaking,Both AI & ML
2019,Köln,Nordrhein-Westfalen,zusammenarbeit,Decision Making and Analytical,Interpersonal,Both AI & ML
2019,Köln,Nordrhein-Westfalen,integration,Occupational Attributes,EnterpriseSystem,Both AI & ML
2019,Köln,Nordrhein-Westfalen,machine learning,Statistics and Data,DataMining,Both AI & ML
2019,Köln,Nordrhein-Westfalen,machine learning,Statistics and Data,DataMining,Both AI & ML
2019,Köln,Nordrhein-Westfalen,python,Occupational Attributes,Programming,Both AI & ML
2019,Köln,Nordrhein-Westfalen,sql,Statistics and Data,StructuredData,Both AI & ML
2019,Köln,Nordrhein-Westfalen,pandas,Statistics and Data,Statistics,Both AI & ML
2019,Köln,Nordrhein-Westfalen,datenanalyse,General,Research,Both AI & ML
2019,Köln,Nordrhein-Westfalen,aws,Cloud Platforms,AWS,Both AI & ML
2019,Köln,Nordrhein-Westfalen,azure,Cloud Platforms,Azure,Both AI & ML
2019,Berlin,Berlin,machine learning,Statistics and Data,DataMining,Both AI & ML
2019,Berlin,Berlin,machine learning,Statistics and Data,DataMining,Both AI & ML
2019,Berlin,Berlin,datenanalyse,General,Research,Both AI & ML
2019,Berlin,Berlin,python,Occupational Attributes,Programming,Both AI & ML
2019,Berlin,Berlin,sql,Statistics and Data,StructuredData,Both AI & ML
2019,Berlin,Berlin,statistik,Statistics and Data,Statistics,Both AI & ML
2019,Berlin,Berlin,mathematik,General,Numeracy,Both AI & ML
2019,Berlin,Berlin,python,Occupational Attributes,Programming,Both AI & ML
2019,Berlin,Berlin,pandas,Statistics and Data,Statistics,Both AI & ML
2019,Berlin,Berlin,modellbewertung,Generative AI,EvaluationMonitoring,Both AI & ML
2019,Berlin,Berlin,machine learning,Statistics and Data,DataMining,Both AI & ML
2019,Berlin,Berlin,machine learning,Statistics and Data,DataMining,Both AI & ML
2019,Berlin,Berlin,implementierung,Decision Making and Analytical,DecisionMaking,Both AI & ML
2019,Berlin,Berlin,machine learning,Statistics and Data,DataMining,Both AI & ML
2019,Berlin,Berlin,analyse,Decision Making and Analytical,DecisionMaking,Both AI & ML
2019,Berlin,Berlin,zusammenarbeit,Decision Making and Analytical,Interpersonal,Both AI & ML
2019,Berlin,Berlin,integration,Occupational Attributes,EnterpriseSystem,Both AI & ML
2019,Berlin,Berlin,machine learning,Statistics and Data,DataMining,Both AI & ML
2019,Berlin,Berlin,mathematik,General,Numeracy,Both AI & ML
2019,Berlin,Berlin,python,Occupational Attributes,Programming,Both AI & ML
2019,Berlin,Berlin,machine learning,Statistics and Data,DataMining,Both AI & ML
2019,Berlin,Berlin,analyse,Decision Making and Analytical,DecisionMaking,Both AI & ML
2019,Berlin,Berlin,modellbewertung,Generative AI,EvaluationMonitoring,Both AI & ML
2019,Berlin,Berlin,big data,Statistics and Data,BigData,Both AI & ML
2019,Berlin,Berlin,spark,Statistics and Data,BigData,Both AI & ML
2019,Berlin,Berlin,hadoop,Statistics and Data,BigData,Both AI & ML
2019,Biberach an der Riß,Baden-Württemberg,machine learning,Statistics and Data,DataMining,Both AI & ML
2019,Biberach an der Riß,Baden-Württemberg,machine learning,Statistics and Data,DataMining,Both AI & ML
2019,Biberach an der Riß,Baden-Württemberg,machine learning,Statistics and Data,DataMining,Both AI & ML
2019,Biberach an der Riß,Baden-Württemberg,implementierung,Decision Making and Analytical,DecisionMaking,Both AI & ML
2019,Biberach an der Riß,Baden-Württemberg,machine learning,Statistics and Data,DataMining,Both AI & ML
2019,Biberach an der Riß,Baden-Württemberg,analyse,Decision Making and Analytical,DecisionMaking,Both AI & ML
2019,Biberach an der Riß,Baden-Württemberg,python,Occupational Attributes,Programming,Both AI & ML
2019,Biberach an der Riß,Baden-Württemberg,pandas,Statistics and Data,Statistics,Both AI & ML
2019,Biberach an der Riß,Baden-Württemberg,zusammenarbeit,Decision Making and Analytical,Interpersonal,Both AI & ML
2019,Biberach an der Riß,Baden-Württemberg,integration,Occupational Attributes,EnterpriseSystem,Both AI & ML
2019,Biberach an der Riß,Baden-Württemberg,machine learning,Statistics and Data,DataMining,Both AI & ML
2019,Biberach an der Riß,Baden-Württemberg,machine learning,Statistics and Data,DataMining,Both AI & ML
2019,Biberach an der Riß,Baden-Württemberg,python,Occupational Attributes,Programming,Both AI & ML
2019,Biberach an der Riß,Baden-Württemberg,sql,Statistics and Data,StructuredData,Both AI & ML
2019,München,Bayern,big data,Statistics and Data,BigData,ML
2019,München,Bayern,big data,Statistics and Data,BigData,ML
2019,München,Bayern,crm,Occupational Attributes,EnterpriseSystem,ML
2019,München,Bayern,big data,Statistics and Data,BigData,ML
2019,München,Bayern,sas,Statistics and Data,Statistics,ML
2019,München,Bayern,spss,Statistics and Data,Statistics,ML
2019,München,Bayern,python,Occupational Attributes,Programming,ML
2019,München,Bayern,sql,Statistics and Data,StructuredData,ML
2019,München,Bayern,deutsch,General,ForeignLanguage,ML
2019,München,Bayern,englisch,General,ForeignLanguage,ML
2019,Köln,Nordrhein-Westfalen,analyse,Decision Making and Analytical,DecisionMaking,Both AI & ML
2019,Köln,Nordrhein-Westfalen,machine learning,Statistics and Data,DataMining,Both AI & ML
2019,Köln,Nordrhein-Westfalen,datenanalyse,General,Research,Both AI & ML
2019,Köln,Nordrhein-Westfalen,python,Occupational Attributes,Programming,Both AI & ML
2019,Köln,Nordrhein-Westfalen,sql,Statistics and Data,StructuredData,Both AI & ML
2019,Köln,Nordrhein-Westfalen,statistik,Statistics and Data,Statistics,Both AI & ML
2019,Köln,Nordrhein-Westfalen,mathematik,General,Numeracy,Both AI & ML
2019,Köln,Nordrhein-Westfalen,python,Occupational Attributes,Programming,Both AI & ML
2019,Köln,Nordrhein-Westfalen,pandas,Statistics and Data,Statistics,Both AI & ML
2019,Köln,Nordrhein-Westfalen,modellbewertung,Generative AI,EvaluationMonitoring,Both AI & ML
2019,Köln,Nordrhein-Westfalen,big data,Statistics and Data,BigData,Both AI & ML
2019,Köln,Nordrhein-Westfalen,spark,Statistics and Data,BigData,Both AI & ML
2019,Hamburg,Hamburg,machine learning,Statistics and Data,DataMining,Both AI & ML
2019,Hamburg,Hamburg,vorhersage,Statistics and Data,DataMining,Both AI & ML
2019,Hamburg,Hamburg,analyse,Decision Making and Analytical,DecisionMaking,Both AI & ML
2019,Hamburg,Hamburg,analyse,Decision Making and Analytical,DecisionMaking,Both AI & ML
2019,Hamburg,Hamburg,python,Occupational Attributes,Programming,Both AI & ML
2019,Hamburg,Hamburg,sql,Statistics and Data,StructuredData,Both AI & ML
2019,Hamburg,Hamburg,statistik,Statistics and Data,Statistics,Both AI & ML
2019,Hamburg,Hamburg,zusammenarbeit,Decision Making and Analytical,Interpersonal,Both AI & ML
2019,Hamburg,Hamburg,integration,Occupational Attributes,EnterpriseSystem,Both AI & ML
2019,Hamburg,Hamburg,mathematik,General,Numeracy,Both AI & ML
2019,Hamburg,Hamburg,statistik,Statistics and Data,Statistics,Both AI & ML
2019,Hamburg,Hamburg,python,Occupational Attributes,Programming,Both AI & ML
2019,Hamburg,Hamburg,sql,Statistics and Data,StructuredData,Both AI & ML
2019,Hamburg,Hamburg,machine learning,Statistics and Data,DataMining,Both AI & ML
2019,Hamburg,Hamburg,pandas,Statistics and Data,Statistics,Both AI & ML
2019,Hamburg,Hamburg,big data,Statistics and Data,BigData,Both AI & ML
2019,Hamburg,Hamburg,spark,Statistics and Data,BigData,Both AI & ML
2019,Hamburg,Hamburg,hadoop,Statistics and Data,BigData,Both AI & ML
2019,München,Bayern,design,Decision Making and Analytical,DecisionMaking,ML
2019,München,Bayern,java,Occupational Attributes,Programming,ML
2019,München,Bayern,architektur,Occupational Attributes,Hardware,ML
2019,München,Bayern,machine learning,Statistics and Data,DataMining,ML
2019,München,Bayern,c #,Occupational Attributes,Programming,ML
2019,München,Bayern,java,Occupational Attributes,Programming,ML
2019,München,Bayern,machine learning,Statistics and Data,DataMining,ML
2019,München,Bayern,deutsch,General,ForeignLanguage,ML
2019,Nürnberg,Bayern,verantwortlich,Communication,Generic,Both AI & ML
2019,Nürnberg,Bayern,analyse,Decision Making and Analytical,DecisionMaking,Both AI & ML
2019,Nürnberg,Bayern,machine learning,Statistics and Data,DataMining,Both AI & ML
2019,Nürnberg,Bayern,machine learning,Statistics and Data,DataMining,Both AI & ML
2019,Nürnberg,Bayern,datenanalyse,General,Research,Both AI & ML
2019,Nürnberg,Bayern,python,Occupational Attributes,Programming,Both AI & ML
2019,Nürnberg,Bayern,pandas,Statistics and Data,Statistics,Both AI & ML
2019,Nürnberg,Bayern,sql,Statistics and Data,StructuredData,Both AI & ML
2019,Nürnberg,Bayern,mathematik,General,Numeracy,Both AI & ML
2019,Nürnberg,Bayern,python,Occupational Attributes,Programming,Both AI & ML
2019,Nürnberg,Bayern,sql,Statistics and Data,StructuredData,Both AI & ML
2019,Nürnberg,Bayern,machine learning,Statistics and Data,DataMining,Both AI & ML
2019,Nürnberg,Bayern,statistik,Statistics and Data,Statistics,Both AI & ML
2019,Ulm,Baden-Württemberg,javascript,Occupational Attributes,Programming,ML
2019,Ulm,Baden-Württemberg,implementierung,Decision Making and Analytical,DecisionMaking,ML
2019,Ulm,Baden-Württemberg,javascript,Occupational Attributes,Programming,ML
2019,Ulm,Baden-Württemberg,big data,Statistics and Data,BigData,ML
2019,Ulm,Baden-Württemberg,bildverarbeitung,Specialized ML,ComputerVision,ML
2019,München,Bayern,autonomous,Employee Attributes,Independence,Both AI & ML
2019,München,Bayern,machine learning,Statistics and Data,DataMining,Both AI & ML
2019,München,Bayern,zusammenarbeit,Decision Making and Analytical,Interpersonal,Both AI & ML
2019,München,Bayern,integration,Occupational Attributes,EnterpriseSystem,Both AI & ML
2019,München,Bayern,machine learning,Statistics and Data,DataMining,Both AI & ML
2019,München,Bayern,python,Occupational Attributes,Programming,Both AI & ML
2019,München,Bayern,datenanalyse,General,Research,Both AI & ML
2019,München,Bayern,pandas,Statistics and Data,Statistics,Both AI & ML
2019,Köln,Nordrhein-Westfalen,computer vision,Specialized ML,ComputerVision,Both AI & ML
2019,Köln,Nordrhein-Westfalen,bildverarbeitung,Specialized ML,ComputerVision,Both AI & ML
2019,Köln,Nordrhein-Westfalen,implementierung,Decision Making and Analytical,DecisionMaking,Both AI & ML
2019,Köln,Nordrhein-Westfalen,analyse,Decision Making and Analytical,DecisionMaking,Both AI & ML
2019,Köln,Nordrhein-Westfalen,opencv,Specialized ML,ComputerVision,Both AI & ML
2019,Köln,Nordrhein-Westfalen,computer vision,Specialized ML,ComputerVision,Both AI & ML
2019,Köln,Nordrhein-Westfalen,dokumentation,Decision Making and Analytical,MSOffice,Both AI & ML
2019,Köln,Nordrhein-Westfalen,präsentation,Communication,Presentation,Both AI & ML
2019,Köln,Nordrhein-Westfalen,mathematik,General,Numeracy,Both AI & ML
2019,Köln,Nordrhein-Westfalen,python,Occupational Attributes,Programming,Both AI & ML
2019,Köln,Nordrhein-Westfalen,bildverarbeitung,Specialized ML,ComputerVision,Both AI & ML
2019,Köln,Nordrhein-Westfalen,opencv,Specialized ML,ComputerVision,Both AI & ML
2019,Berlin,Berlin,zusammenarbeit,Decision Making and Analytical,Interpersonal,Both AI & ML
2019,Berlin,Berlin,implementierung,Decision Making and Analytical,DecisionMaking,Both AI & ML
2019,Berlin,Berlin,integration,Occupational Attributes,EnterpriseSystem,Both AI & ML
2019,Berlin,Berlin,analyse,Decision Making and Analytical,DecisionMaking,Both AI & ML
2019,Berlin,Berlin,python,Occupational Attributes,Programming,Both AI & ML
2019,Berlin,Berlin,sql,Statistics and Data,StructuredData,Both AI & ML
2019,Berlin,Berlin,pandas,Statistics and Data,Statistics,Both AI & ML
2019,Berlin,Berlin,machine learning,Statistics and Data,DataMining,Both AI & ML
2019,Berlin,Berlin,big data,Statistics and Data,BigData,Both AI & ML
2019,Berlin,Berlin,spark,Statistics and Data,BigData,Both AI & ML
2019,Berlin,Berlin,hadoop,Statistics and Data,BigData,Both AI & ML
2019,Stuttgart,Baden-Württemberg,analyse,Decision Making and Analytical,DecisionMaking,Both AI & ML
2019,Stuttgart,Baden-Württemberg,zusammenarbeit,Decision Making and Analytical,Interpersonal,Both AI & ML
2019,Stuttgart,Baden-Württemberg,python,Occupational Attributes,Programming,Both AI & ML
2019,Stuttgart,Baden-Württemberg,sql,Statistics and Data,StructuredData,Both AI & ML
2019,Stuttgart,Baden-Württemberg,datenanalyse,General,Research,Both AI & ML
2019,Stuttgart,Baden-Württemberg,machine learning,Statistics and Data,DataMining,Both AI & ML
2019,Bochum,Nordrhein-Westfalen,implementierung,Decision Making and Analytical,DecisionMaking,Both AI & ML
2019,Bochum,Nordrhein-Westfalen,machine learning,Statistics and Data,DataMining,Both AI & ML
2019,Bochum,Nordrhein-Westfalen,datenanalyse,General,Research,Both AI & ML
2019,Bochum,Nordrhein-Westfalen,python,Occupational Attributes,Programming,Both AI & ML
2019,Bochum,Nordrhein-Westfalen,sql,Statistics and Data,StructuredData,Both AI & ML
2019,Bochum,Nordrhein-Westfalen,statistik,Statistics and Data,Statistics,Both AI & ML
2019,Bochum,Nordrhein-Westfalen,zusammenarbeit,Decision Making and Analytical,Interpersonal,Both AI & ML
2019,Bochum,Nordrhein-Westfalen,integration,Occupational Attributes,EnterpriseSystem,Both AI & ML
2019,Bochum,Nordrhein-Westfalen,mathematik,General,Numeracy,Both AI & ML
2019,Bochum,Nordrhein-Westfalen,python,Occupational Attributes,Programming,Both AI & ML
2019,Bochum,Nordrhein-Westfalen,pandas,Statistics and Data,Statistics,Both AI & ML
2019,Bochum,Nordrhein-Westfalen,sql,Statistics and Data,StructuredData,Both AI & ML
2019,Bochum,Nordrhein-Westfalen,nosql,Statistics and Data,BigData,Both AI & ML
2019,Bochum,Nordrhein-Westfalen,big data,Statistics and Data,BigData,Both AI & ML
2019,Bochum,Nordrhein-Westfalen,spark,Statistics and Data,BigData,Both AI & ML
2019,Bochum,Nordrhein-Westfalen,hadoop,Statistics and Data,BigData,Both AI & ML
2019,Bochum,Nordrhein-Westfalen,deutsch,General,ForeignLanguage,Both AI & ML
2019,Bonn,Nordrhein-Westfalen,implementierung,Decision Making and Analytical,DecisionMaking,Both AI & ML
2019,Bonn,Nordrhein-Westfalen,machine learning,Statistics and Data,DataMining,Both AI & ML
2019,Bonn,Nordrhein-Westfalen,analyse,Decision Making and Analytical,DecisionMaking,Both AI & ML
2019,Bonn,Nordrhein-Westfalen,python,Occupational Attributes,Programming,Both AI & ML
2019,Bonn,Nordrhein-Westfalen,sql,Statistics and Data,StructuredData,Both AI & ML
2019,Bonn,Nordrhein-Westfalen,zusammenarbeit,Decision Making and Analytical,Interpersonal,Both AI & ML
2019,Bonn,Nordrhein-Westfalen,integration,Occupational Attributes,EnterpriseSystem,Both AI & ML
2019,Bonn,Nordrhein-Westfalen,präsentation,Communication,Presentation,Both AI & ML
2019,Bonn,Nordrhein-Westfalen,mathematik,General,Numeracy,Both AI & ML
2019,Bonn,Nordrhein-Westfalen,statistik,Statistics and Data,Statistics,Both AI & ML
2019,Bonn,Nordrhein-Westfalen,python,Occupational Attributes,Programming,Both AI & ML
2019,Bonn,Nordrhein-Westfalen,sql,Statistics and Data,StructuredData,Both AI & ML
2019,Bonn,Nordrhein-Westfalen,machine learning,Statistics and Data,DataMining,Both AI & ML
2019,Bonn,Nordrhein-Westfalen,big data,Statistics and Data,BigData,Both AI & ML
2019,Bonn,Nordrhein-Westfalen,spark,Statistics and Data,BigData,Both AI & ML
2019,Bonn,Nordrhein-Westfalen,hadoop,Statistics and Data,BigData,Both AI & ML
2019,Heilbronn,Baden-Württemberg,verantwortlich,Communication,Generic,Both AI & ML
2019,Heilbronn,Baden-Württemberg,analyse,Decision Making and Analytical,DecisionMaking,Both AI & ML
2019,Heilbronn,Baden-Württemberg,implementierung,Decision Making and Analytical,DecisionMaking,Both AI & ML
2019,Heilbronn,Baden-Württemberg,datenanalyse,General,Research,Both AI & ML
2019,Heilbronn,Baden-Württemberg,python,Occupational Attributes,Programming,Both AI & ML
2019,Heilbronn,Baden-Württemberg,sql,Statistics and Data,StructuredData,Both AI & ML
2019,Heilbronn,Baden-Württemberg,machine learning,Statistics and Data,DataMining,Both AI & ML
2019,Heilbronn,Baden-Württemberg,zusammenarbeit,Decision Making and Analytical,Interpersonal,Both AI & ML
2019,Heilbronn,Baden-Württemberg,mathematik,General,Numeracy,Both AI & ML
2019,Heilbronn,Baden-Württemberg,statistik,Statistics and Data,Statistics,Both AI & ML
2019,Heilbronn,Baden-Württemberg,python,Occupational Attributes,Programming,Both AI & ML
2019,Heilbronn,Baden-Württemberg,sql,Statistics and Data,StructuredData,Both AI & ML
2019,Heilbronn,Baden-Württemberg,machine learning,Statistics and Data,DataMining,Both AI & ML
2019,Heilbronn,Baden-Württemberg,big data,Statistics and Data,BigData,Both AI & ML
2019,Heilbronn,Baden-Württemberg,spark,Statistics and Data,BigData,Both AI & ML
2019,Heilbronn,Baden-Württemberg,hadoop,Statistics and Data,BigData,Both AI & ML
2019,Heilbronn,Baden-Württemberg,präsentation,Communication,Presentation,Both AI & ML
2019,Nürnberg,Bayern,analyse,Decision Making and Analytical,DecisionMaking,ML
2019,Nürnberg,Bayern,machine learning,Statistics and Data,DataMining,ML
2019,Nürnberg,Bayern,analyse,Decision Making and Analytical,DecisionMaking,ML
2019,Nürnberg,Bayern,implementierung,Decision Making and Analytical,DecisionMaking,ML
2019,Nürnberg,Bayern,machine learning,Statistics and Data,DataMining,ML
2019,Nürnberg,Bayern,mathematik,General,Numeracy,ML
2019,Nürnberg,Bayern,statistik,Statistics and Data,Statistics,ML
2019,Nürnberg,Bayern,python,Occupational Attributes,Programming,ML
2019,Nürnberg,Bayern,sql,Statistics and Data,StructuredData,ML
2019,Wiesbaden,Hessen,verantwortlich,Communication,Generic,Both AI & ML
2019,Wiesbaden,Hessen,machine learning,Statistics and Data,DataMining,Both AI & ML
2019,Wiesbaden,Hessen,implementierung,Decision Making and Analytical,DecisionMaking,Both AI & ML
2019,Wiesbaden,Hessen,machine learning,Statistics and Data,DataMining,Both AI & ML
2019,Wiesbaden,Hessen,zusammenarbeit,Decision Making and Analytical,Interpersonal,Both AI & ML
2019,Wiesbaden,Hessen,integration,Occupational Attributes,EnterpriseSystem,Both AI & ML
2019,Wiesbaden,Hessen,machine learning,Statistics and Data,DataMining,Both AI & ML
2019,Wiesbaden,Hessen,kommunikation,Decision Making and Analytical,MSOffice,Both AI & ML
2019,Wiesbaden,Hessen,projektmanagement,Occupational Attributes,ProjectManagement,Both AI & ML
2019,Wiesbaden,Hessen,machine learning,Statistics and Data,DataMining,Both AI & ML
2019,Berlin,Berlin,machine learning,Statistics and Data,DataMining,Both AI & ML
2019,Berlin,Berlin,machine learning,Statistics and Data,DataMining,Both AI & ML
2019,Berlin,Berlin,machine learning,Statistics and Data,DataMining,Both AI & ML
2019,Berlin,Berlin,machine learning,Statistics and Data,DataMining,Both AI & ML
2019,Berlin,Berlin,datenanalyse,General,Research,Both AI & ML
2019,Berlin,Berlin,python,Occupational Attributes,Programming,Both AI & ML
2019,Berlin,Berlin,pandas,Statistics and Data,Statistics,Both AI & ML
2019,Berlin,Berlin,implementierung,Decision Making and Analytical,DecisionMaking,Both AI & ML
2019,Berlin,Berlin,zusammenarbeit,Decision Making and Analytical,Interpersonal,Both AI & ML
2019,Berlin,Berlin,integration,Occupational Attributes,EnterpriseSystem,Both AI & ML
2019,Berlin,Berlin,machine learning,Statistics and Data,DataMining,Both AI & ML
2019,Berlin,Berlin,mathematik,General,Numeracy,Both AI & ML
2019,Berlin,Berlin,python,Occupational Attributes,Programming,Both AI & ML
2019,Berlin,Berlin,pandas,Statistics and Data,Statistics,Both AI & ML
2019,Berlin,Berlin,machine learning,Statistics and Data,DataMining,Both AI & ML
2019,Berlin,Berlin,modellbewertung,Generative AI,EvaluationMonitoring,Both AI & ML
2019,Berlin,Berlin,deutsch,General,ForeignLanguage,Both AI & ML
2019,Nürnberg,Bayern,analyse,Decision Making and Analytical,DecisionMaking,Both AI & ML
2019,Nürnberg,Bayern,zusammenarbeit,Decision Making and Analytical,Interpersonal,Both AI & ML
2019,Nürnberg,Bayern,mathematik,General,Numeracy,Both AI & ML
2019,Nürnberg,Bayern,python,Occupational Attributes,Programming,Both AI & ML
2019,Nürnberg,Bayern,sql,Statistics and Data,StructuredData,Both AI & ML
2019,Stuttgart,Baden-Württemberg,machine learning,Statistics and Data,DataMining,Both AI & ML
2019,Stuttgart,Baden-Württemberg,implementierung,Decision Making and Analytical,DecisionMaking,Both AI & ML
2019,Stuttgart,Baden-Württemberg,machine learning,Statistics and Data,DataMining,Both AI & ML
2019,Stuttgart,Baden-Württemberg,datenanalyse,General,Research,Both AI & ML
2019,Stuttgart,Baden-Württemberg,python,Occupational Attributes,Programming,Both AI & ML
2019,Stuttgart,Baden-Württemberg,pandas,Statistics and Data,Statistics,Both AI & ML
2019,Stuttgart,Baden-Württemberg,mathematik,General,Numeracy,Both AI & ML
2019,Stuttgart,Baden-Württemberg,machine learning,Statistics and Data,DataMining,Both AI & ML
2019,Stuttgart,Baden-Württemberg,python,Occupational Attributes,Programming,Both AI & ML
2019,Stuttgart,Baden-Württemberg,statistik,Statistics and Data,Statistics,Both AI & ML
2019,München,Bayern,recherche,General,Research,Both AI & ML
2019,München,Bayern,analyse,Decision Making and Analytical,DecisionMaking,Both AI & ML
2019,München,Bayern,recherche,General,Research,Both AI & ML
2019,München,Bayern,datenanalyse,General,Research,Both AI & ML
2019,München,Bayern,zusammenarbeit,Decision Making and Analytical,Interpersonal,Both AI & ML
2019,München,Bayern,mathematik,General,Numeracy,Both AI & ML
2019,München,Bayern,statistik,Statistics and Data,Statistics,Both AI & ML
2019,München,Bayern,datenanalyse,General,Research,Both AI & ML
2019,München,Bayern,python,Occupational Attributes,Programming,Both AI & ML
2019,München,Bayern,sql,Statistics and Data,StructuredData,Both AI & ML
2019,Köln,Nordrhein-Westfalen,machine learning,Statistics and Data,DataMining,Both AI & ML
2019,Köln,Nordrhein-Westfalen,implementierung,Decision Making and Analytical,DecisionMaking,Both AI & ML
2019,Köln,Nordrhein-Westfalen,machine learning,Statistics and Data,DataMining,Both AI & ML
2019,Köln,Nordrhein-Westfalen,zusammenarbeit,Decision Making and Analytical,Interpersonal,Both AI & ML
2019,Köln,Nordrhein-Westfalen,integration,Occupational Attributes,EnterpriseSystem,Both AI & ML
2019,Köln,Nordrhein-Westfalen,mathematik,General,Numeracy,Both AI & ML
2019,Köln,Nordrhein-Westfalen,python,Occupational Attributes,Programming,Both AI & ML
2019,Köln,Nordrhein-Westfalen,machine learning,Statistics and Data,DataMining,Both AI & ML
2019,Köln,Nordrhein-Westfalen,modellbewertung,Generative AI,EvaluationMonitoring,Both AI & ML
2019,Frankfurt am Main,Hessen,implementierung,Decision Making and Analytical,DecisionMaking,Both AI & ML
2019,Frankfurt am Main,Hessen,machine learning,Statistics and Data,DataMining,Both AI & ML
2019,Frankfurt am Main,Hessen,datenanalyse,General,Research,Both AI & ML
2019,Frankfurt am Main,Hessen,prognose,Statistics and Data,DataMining,Both AI & ML
2019,Frankfurt am Main,Hessen,analyse,Decision Making and Analytical,DecisionMaking,Both AI & ML
2019,Frankfurt am Main,Hessen,python,Occupational Attributes,Programming,Both AI & ML
2019,Frankfurt am Main,Hessen,sql,Statistics and Data,StructuredData,Both AI & ML
2019,Frankfurt am Main,Hessen,zusammenarbeit,Decision Making and Analytical,Interpersonal,Both AI & ML
2019,Frankfurt am Main,Hessen,integration,Occupational Attributes,EnterpriseSystem,Both AI & ML
2019,Frankfurt am Main,Hessen,präsentation,Communication,Presentation,Both AI & ML
2019,Frankfurt am Main,Hessen,mathematik,General,Numeracy,Both AI & ML
2019,Frankfurt am Main,Hessen,statistik,Statistics and Data,Statistics,Both AI & ML
2019,Frankfurt am Main,Hessen,python,Occupational Attributes,Programming,Both AI & ML
2019,Frankfurt am Main,Hessen,sql,Statistics and Data,StructuredData,Both AI & ML
2019,Frankfurt am Main,Hessen,machine learning,Statistics and Data,DataMining,Both AI & ML
2019,Frankfurt am Main,Hessen,pandas,Statistics and Data,Statistics,Both AI & ML
2019,Frankfurt am Main,Hessen,big data,Statistics and Data,BigData,Both AI & ML
2019,Frankfurt am Main,Hessen,spark,Statistics and Data,BigData,Both AI & ML
2019,Frankfurt am Main,Hessen,hadoop,Statistics and Data,BigData,Both AI & ML
2019,Bonn,Nordrhein-Westfalen,english,General,ForeignLanguage,Both AI & ML
2019,Bonn,Nordrhein-Westfalen,analyse,Decision Making and Analytical,DecisionMaking,Both AI & ML
2019,Bonn,Nordrhein-Westfalen,machine learning,Statistics and Data,DataMining,Both AI & ML
2019,Bonn,Nordrhein-Westfalen,machine learning,Statistics and Data,DataMining,Both AI & ML
2019,Bonn,Nordrhein-Westfalen,datenanalyse,General,Research,Both AI & ML
2019,Bonn,Nordrhein-Westfalen,python,Occupational Attributes,Programming,Both AI & ML
2019,Bonn,Nordrhein-Westfalen,pandas,Statistics and Data,Statistics,Both AI & ML
2019,Bonn,Nordrhein-Westfalen,kommunikation,Decision Making and Analytical,MSOffice,Both AI & ML
2019,Bonn,Nordrhein-Westfalen,englisch,General,ForeignLanguage,Both AI & ML
2019,Bonn,Nordrhein-Westfalen,deutsch,General,ForeignLanguage,Both AI & ML
2019,Bonn,Nordrhein-Westfalen,machine learning,Statistics and Data,DataMining,Both AI & ML
2019,Bonn,Nordrhein-Westfalen,programmierung,Occupational Attributes,Programming,Both AI & ML
2019,Bonn,Nordrhein-Westfalen,python,Occupational Attributes,Programming,Both AI & ML
2019,Bonn,Nordrhein-Westfalen,pandas,Statistics and Data,Statistics,Both AI & ML
2019,Bonn,Nordrhein-Westfalen,englisch,General,ForeignLanguage,Both AI & ML
2019,Berlin,Berlin,machine learning,Statistics and Data,DataMining,Both AI & ML
2019,Berlin,Berlin,machine learning,Statistics and Data,DataMining,Both AI & ML
2019,Berlin,Berlin,zusammenarbeit,Decision Making and Analytical,Interpersonal,Both AI & ML
2019,Berlin,Berlin,implementierung,Decision Making and Analytical,DecisionMaking,Both AI & ML
2019,Berlin,Berlin,analyse,Decision Making and Analytical,DecisionMaking,Both AI & ML
2019,Berlin,Berlin,machine learning,Statistics and Data,DataMining,Both AI & ML
2019,Berlin,Berlin,python,Occupational Attributes,Programming,Both AI & ML
2019,Berlin,Berlin,sql,Statistics and Data,StructuredData,Both AI & ML
2019,,,machine learning,Statistics and Data,DataMining,Both AI & ML
2019,,,machine learning,Statistics and Data,DataMining,Both AI & ML
2019,,,datenanalyse,General,Research,Both AI & ML
2019,,,python,Occupational Attributes,Programming,Both AI & ML
2019,,,pandas,Statistics and Data,Statistics,Both AI & ML
2019,,,implementierung,Decision Making and Analytical,DecisionMaking,Both AI & ML
2019,,,zusammenarbeit,Decision Making and Analytical,Interpersonal,Both AI & ML
2019,,,integration,Occupational Attributes,EnterpriseSystem,Both AI & ML
2019,,,mathematik,General,Numeracy,Both AI & ML
2019,,,statistik,Statistics and Data,Statistics,Both AI & ML
2019,,,python,Occupational Attributes,Programming,Both AI & ML
2019,,,pandas,Statistics and Data,Statistics,Both AI & ML
2019,,,machine learning,Statistics and Data,DataMining,Both AI & ML
2019,,,modellbewertung,Generative AI,EvaluationMonitoring,Both AI & ML
2019,Düsseldorf,Nordrhein-Westfalen,implementierung,Decision Making and Analytical,DecisionMaking,Both AI & ML
2019,Düsseldorf,Nordrhein-Westfalen,analyse,Decision Making and Analytical,DecisionMaking,Both AI & ML
2019,Düsseldorf,Nordrhein-Westfalen,zusammenarbeit,Decision Making and Analytical,Interpersonal,Both AI & ML
2019,Düsseldorf,Nordrhein-Westfalen,deutsch,General,ForeignLanguage,Both AI & ML
2019,Düsseldorf,Nordrhein-Westfalen,englisch,General,ForeignLanguage,Both AI & ML
2019,Düsseldorf,Nordrhein-Westfalen,python,Occupational Attributes,Programming,Both AI & ML
2019,Düsseldorf,Nordrhein-Westfalen,sql,Statistics and Data,StructuredData,Both AI & ML
2019,Düsseldorf,Nordrhein-Westfalen,machine learning,Statistics and Data,DataMining,Both AI & ML
2019,Frankfurt am Main,Hessen,datenanalyse,General,Research,Both AI & ML
2019,Frankfurt am Main,Hessen,machine learning,Statistics and Data,DataMining,Both AI & ML
2019,Frankfurt am Main,Hessen,analyse,Decision Making and Analytical,DecisionMaking,Both AI & ML
2019,Frankfurt am Main,Hessen,analyse,Decision Making and Analytical,DecisionMaking,Both AI & ML
2019,Frankfurt am Main,Hessen,zusammenarbeit,Decision Making and Analytical,Interpersonal,Both AI & ML
2019,Frankfurt am Main,Hessen,mathematik,General,Numeracy,Both AI & ML
2019,Frankfurt am Main,Hessen,statistik,Statistics and Data,Statistics,Both AI & ML
2019,Frankfurt am Main,Hessen,python,Occupational Attributes,Programming,Both AI & ML
2019,Frankfurt am Main,Hessen,sql,Statistics and Data,StructuredData,Both AI & ML
2019,Frankfurt am Main,Hessen,analyse,Decision Making and Analytical,DecisionMaking,Both AI & ML
2019,Frankfurt am Main,Hessen,kommunikation,Decision Making and Analytical,MSOffice,Both AI & ML
2019,Stuttgart,Baden-Württemberg,analyse,Decision Making and Analytical,DecisionMaking,ML
2019,Stuttgart,Baden-Württemberg,zusammenarbeit,Decision Making and Analytical,Interpersonal,ML
2019,Stuttgart,Baden-Württemberg,datenanalyse,General,Research,ML
2019,Stuttgart,Baden-Württemberg,pandas,Statistics and Data,Statistics,ML
2019,Stuttgart,Baden-Württemberg,python,Occupational Attributes,Programming,ML
2019,Stuttgart,Baden-Württemberg,sql,Statistics and Data,StructuredData,ML
2019,Mannheim,Baden-Württemberg,analyse,Decision Making and Analytical,DecisionMaking,Both AI & ML
2019,Mannheim,Baden-Württemberg,python,Occupational Attributes,Programming,Both AI & ML
2019,Mannheim,Baden-Württemberg,sql,Statistics and Data,StructuredData,Both AI & ML
2019,Mannheim,Baden-Württemberg,machine learning,Statistics and Data,DataMining,Both AI & ML
2019,Mannheim,Baden-Württemberg,präsentation,Communication,Presentation,Both AI & ML
2019,Mannheim,Baden-Württemberg,mathematik,General,Numeracy,Both AI & ML
2019,Mannheim,Baden-Württemberg,statistik,Statistics and Data,Statistics,Both AI & ML
2019,Mannheim,Baden-Württemberg,python,Occupational Attributes,Programming,Both AI & ML
2019,Mannheim,Baden-Württemberg,sql,Statistics and Data,StructuredData,Both AI & ML
2019,Mannheim,Baden-Württemberg,machine learning,Statistics and Data,DataMining,Both AI & ML
2019,Frankfurt am Main,Hessen,verantwortlich,Communication,Generic,Both AI & ML
2019,Frankfurt am Main,Hessen,implementierung,Decision Making and Analytical,DecisionMaking,Both AI & ML
2019,Frankfurt am Main,Hessen,machine learning,Statistics and Data,DataMining,Both AI & ML
2019,Frankfurt am Main,Hessen,machine learning,Statistics and Data,DataMining,Both AI & ML
2019,Frankfurt am Main,Hessen,prognose,Statistics and Data,DataMining,Both AI & ML
2019,Frankfurt am Main,Hessen,analyse,Decision Making and Analytical,DecisionMaking,Both AI & ML
2019,Frankfurt am Main,Hessen,datenanalyse,General,Research,Both AI & ML
2019,Frankfurt am Main,Hessen,python,Occupational Attributes,Programming,Both AI & ML
2019,Frankfurt am Main,Hessen,sql,Statistics and Data,StructuredData,Both AI & ML
2019,Frankfurt am Main,Hessen,implementierung,Decision Making and Analytical,DecisionMaking,Both AI & ML
2019,Frankfurt am Main,Hessen,zusammenarbeit,Decision Making and Analytical,Interpersonal,Both AI & ML
2019,Frankfurt am Main,Hessen,integration,Occupational Attributes,EnterpriseSystem,Both AI & ML
2019,Frankfurt am Main,Hessen,machine learning,Statistics and Data,DataMining,Both AI & ML
2019,Frankfurt am Main,Hessen,mathematik,General,Numeracy,Both AI & ML
2019,Frankfurt am Main,Hessen,machine learning,Statistics and Data,DataMining,Both AI & ML
2019,Frankfurt am Main,Hessen,python,Occupational Attributes,Programming,Both AI & ML
2019,Frankfurt am Main,Hessen,sql,Statistics and Data,StructuredData,Both AI & ML
2019,Frankfurt am Main,Hessen,pandas,Statistics and Data,Statistics,Both AI & ML
2019,Frankfurt am Main,Hessen,datenanalyse,General,Research,Both AI & ML
2019,Hannover,Niedersachsen,implementierung,Decision Making and Analytical,DecisionMaking,Both AI & ML
2019,Hannover,Niedersachsen,analyse,Decision Making and Analytical,DecisionMaking,Both AI & ML
2019,Hannover,Niedersachsen,zusammenarbeit,Decision Making and Analytical,Interpersonal,Both AI & ML
2019,Hannover,Niedersachsen,machine learning,Statistics and Data,DataMining,Both AI & ML
2019,Hannover,Niedersachsen,programmierung,Occupational Attributes,Programming,Both AI & ML
2019,Hannover,Niedersachsen,python,Occupational Attributes,Programming,Both AI & ML
2019,Frankfurt am Main,Hessen,analyse,Decision Making and Analytical,DecisionMaking,Both AI & ML
2019,Frankfurt am Main,Hessen,datenanalyse,General,Research,Both AI & ML
2019,Frankfurt am Main,Hessen,machine learning,Statistics and Data,DataMining,Both AI & ML
2019,Frankfurt am Main,Hessen,zusammenarbeit,Decision Making and Analytical,Interpersonal,Both AI & ML
2019,Frankfurt am Main,Hessen,implementierung,Decision Making and Analytical,DecisionMaking,Both AI & ML
2019,Frankfurt am Main,Hessen,mathematik,General,Numeracy,Both AI & ML
2019,Frankfurt am Main,Hessen,statistik,Statistics and Data,Statistics,Both AI & ML
2019,Frankfurt am Main,Hessen,python,Occupational Attributes,Programming,Both AI & ML
2019,Frankfurt am Main,Hessen,sql,Statistics and Data,StructuredData,Both AI & ML
2019,Frankfurt am Main,Hessen,pandas,Statistics and Data,Statistics,Both AI & ML
2019,Frankfurt am Main,Hessen,machine learning,Statistics and Data,DataMining,Both AI & ML
2019,Frankfurt am Main,Hessen,implementierung,Decision Making and Analytical,DecisionMaking,Both AI & ML
2019,Frankfurt am Main,Hessen,analyse,Decision Making and Analytical,DecisionMaking,Both AI & ML
2019,Frankfurt am Main,Hessen,python,Occupational Attributes,Programming,Both AI & ML
2019,Frankfurt am Main,Hessen,sql,Statistics and Data,StructuredData,Both AI & ML
2019,Frankfurt am Main,Hessen,machine learning,Statistics and Data,DataMining,Both AI & ML
2019,Frankfurt am Main,Hessen,zusammenarbeit,Decision Making and Analytical,Interpersonal,Both AI & ML
2019,Frankfurt am Main,Hessen,mathematik,General,Numeracy,Both AI & ML
2019,Frankfurt am Main,Hessen,python,Occupational Attributes,Programming,Both AI & ML
2019,Frankfurt am Main,Hessen,sql,Statistics and Data,StructuredData,Both AI & ML
2019,Frankfurt am Main,Hessen,machine learning,Statistics and Data,DataMining,Both AI & ML
2019,Stuttgart,Baden-Württemberg,machine learning,Statistics and Data,DataMining,Both AI & ML
2019,Stuttgart,Baden-Württemberg,machine learning,Statistics and Data,DataMining,Both AI & ML
2019,Stuttgart,Baden-Württemberg,machine learning,Statistics and Data,DataMining,Both AI & ML
2019,Stuttgart,Baden-Württemberg,implementierung,Decision Making and Analytical,DecisionMaking,Both AI & ML
2019,Stuttgart,Baden-Württemberg,machine learning,Statistics and Data,DataMining,Both AI & ML
2019,Stuttgart,Baden-Württemberg,analyse,Decision Making and Analytical,DecisionMaking,Both AI & ML
2019,Stuttgart,Baden-Württemberg,problemlösung,Decision Making and Analytical,ProblemSolving,Both AI & ML
2019,Stuttgart,Baden-Württemberg,zusammenarbeit,Decision Making and Analytical,Interpersonal,Both AI & ML
2019,Stuttgart,Baden-Württemberg,integration,Occupational Attributes,EnterpriseSystem,Both AI & ML
2019,Stuttgart,Baden-Württemberg,machine learning,Statistics and Data,DataMining,Both AI & ML
2019,Stuttgart,Baden-Württemberg,mathematik,General,Numeracy,Both AI & ML
2019,Stuttgart,Baden-Württemberg,python,Occupational Attributes,Programming,Both AI & ML
2019,Stuttgart,Baden-Württemberg,analyse,Decision Making and Analytical,DecisionMaking,Both AI & ML
2019,Stuttgart,Baden-Württemberg,pandas,Statistics and Data,Statistics,Both AI & ML
2019,Stuttgart,Baden-Württemberg,machine learning,Statistics and Data,DataMining,Both AI & ML
2019,Stuttgart,Baden-Württemberg,machine learning,Statistics and Data,DataMining,Both AI & ML
2019,Stuttgart,Baden-Württemberg,machine learning,Statistics and Data,DataMining,Both AI & ML
2019,Stuttgart,Baden-Württemberg,nlp,Specialized ML,NLP,Both AI & ML
2019,Stuttgart,Baden-Württemberg,machine learning,Statistics and Data,DataMining,Both AI & ML
2019,Stuttgart,Baden-Württemberg,analyse,Decision Making and Analytical,DecisionMaking,Both AI & ML
2019,Stuttgart,Baden-Württemberg,implementierung,Decision Making and Analytical,DecisionMaking,Both AI & ML
2019,Stuttgart,Baden-Württemberg,nlp,Specialized ML,NLP,Both AI & ML
2019,Stuttgart,Baden-Württemberg,zusammenarbeit,Decision Making and Analytical,Interpersonal,Both AI & ML
2019,Stuttgart,Baden-Württemberg,machine learning,Statistics and Data,DataMining,Both AI & ML
2019,Stuttgart,Baden-Württemberg,nlp,Specialized ML,NLP,Both AI & ML
2019,Stuttgart,Baden-Württemberg,python,Occupational Attributes,Programming,Both AI & ML
2019,Stuttgart,Baden-Württemberg,sql,Statistics and Data,StructuredData,Both AI & ML
2019,Stuttgart,Baden-Württemberg,datenanalyse,General,Research,Both AI & ML
2019,Stuttgart,Baden-Württemberg,pandas,Statistics and Data,Statistics,Both AI & ML
2019,Stuttgart,Baden-Württemberg,zusammenarbeit,Decision Making and Analytical,Interpersonal,Both AI & ML
2019,Renningen,Baden-Württemberg,machine learning,Statistics and Data,DataMining,Both AI & ML
2019,Renningen,Baden-Württemberg,machine learning,Statistics and Data,DataMining,Both AI & ML
2019,Renningen,Baden-Württemberg,machine learning,Statistics and Data,DataMining,Both AI & ML
2019,Renningen,Baden-Württemberg,machine learning,Statistics and Data,DataMining,Both AI & ML
2019,Renningen,Baden-Württemberg,implementierung,Decision Making and Analytical,DecisionMaking,Both AI & ML
2019,Renningen,Baden-Württemberg,dokumentation,Decision Making and Analytical,MSOffice,Both AI & ML
2019,Renningen,Baden-Württemberg,präsentation,Communication,Presentation,Both AI & ML
2019,Renningen,Baden-Württemberg,mathematik,General,Numeracy,Both AI & ML
2019,Renningen,Baden-Württemberg,machine learning,Statistics and Data,DataMining,Both AI & ML
2019,Renningen,Baden-Württemberg,programmierung,Occupational Attributes,Programming,Both AI & ML
2019,Renningen,Baden-Württemberg,python,Occupational Attributes,Programming,Both AI & ML
2019,Renningen,Baden-Württemberg,machine learning,Statistics and Data,DataMining,Both AI & ML
2019,Stuttgart,Baden-Württemberg,reporting,Decision Making and Analytical,DecisionMaking,Both AI & ML
2019,Stuttgart,Baden-Württemberg,splunk,Statistics and Data,Statistics,Both AI & ML
2019,Stuttgart,Baden-Württemberg,projektmanagement,Occupational Attributes,ProjectManagement,Both AI & ML
2019,Stuttgart,Baden-Württemberg,machine learning,Statistics and Data,DataMining,Both AI & ML
2019,Stuttgart,Baden-Württemberg,vorhersage,Statistics and Data,DataMining,Both AI & ML
2019,Stuttgart,Baden-Württemberg,reporting,Decision Making and Analytical,DecisionMaking,Both AI & ML
2019,Stuttgart,Baden-Württemberg,splunk,Statistics and Data,Statistics,Both AI & ML
2019,Stuttgart,Baden-Württemberg,projektmanagement,Occupational Attributes,ProjectManagement,Both AI & ML
2019,Stuttgart,Baden-Württemberg,machine learning,Statistics and Data,DataMining,Both AI & ML
2019,Stuttgart,Baden-Württemberg,vorhersage,Statistics and Data,DataMining,Both AI & ML
2019,Stuttgart,Baden-Württemberg,forecasting,Statistics and Data,DataMining,Both AI & ML
2019,Stuttgart,Baden-Württemberg,datenanalyse,General,Research,Both AI & ML
2019,Stuttgart,Baden-Württemberg,python,Occupational Attributes,Programming,Both AI & ML
2019,Stuttgart,Baden-Württemberg,sql,Statistics and Data,StructuredData,Both AI & ML
2019,Stuttgart,Baden-Württemberg,machine learning,Statistics and Data,DataMining,Both AI & ML
2019,Stuttgart,Baden-Württemberg,analyse,Decision Making and Analytical,DecisionMaking,Both AI & ML
2019,Stuttgart,Baden-Württemberg,projektmanagement,Occupational Attributes,ProjectManagement,Both AI & ML
2019,Bietigheim-Bissingen,Baden-Württemberg,reporting,Decision Making and Analytical,DecisionMaking,ML
2019,Bietigheim-Bissingen,Baden-Württemberg,machine learning,Statistics and Data,DataMining,ML
2019,Bietigheim-Bissingen,Baden-Württemberg,prognose,Statistics and Data,DataMining,ML
2019,Bietigheim-Bissingen,Baden-Württemberg,reporting,Decision Making and Analytical,DecisionMaking,ML
2019,Bietigheim-Bissingen,Baden-Württemberg,splunk,Statistics and Data,Statistics,ML
2019,Bietigheim-Bissingen,Baden-Württemberg,projektmanagement,Occupational Attributes,ProjectManagement,ML
2019,Bietigheim-Bissingen,Baden-Württemberg,machine learning,Statistics and Data,DataMining,ML
2019,Bietigheim-Bissingen,Baden-Württemberg,forecasting,Statistics and Data,DataMining,ML
2019,Bietigheim-Bissingen,Baden-Württemberg,datenanalyse,General,Research,ML
2019,Bietigheim-Bissingen,Baden-Württemberg,datenanalyse,General,Research,ML
2019,Bietigheim-Bissingen,Baden-Württemberg,machine learning,Statistics and Data,DataMining,ML
2019,München,Bayern,analyse,Decision Making and Analytical,DecisionMaking,AI
2019,München,Bayern,zusammenarbeit,Decision Making and Analytical,Interpersonal,AI
2019,München,Bayern,deutsch,General,ForeignLanguage,AI
2019,München,Bayern,python,Occupational Attributes,Programming,AI
2019,München,Bayern,sql,Statistics and Data,StructuredData,AI
2019,Köln,Nordrhein-Westfalen,machine learning,Statistics and Data,DataMining,Both AI & ML
2019,Köln,Nordrhein-Westfalen,machine learning,Statistics and Data,DataMining,Both AI & ML
2019,Köln,Nordrhein-Westfalen,datenanalyse,General,Research,Both AI & ML
2019,Köln,Nordrhein-Westfalen,python,Occupational Attributes,Programming,Both AI & ML
2019,Köln,Nordrhein-Westfalen,sql,Statistics and Data,StructuredData,Both AI & ML
2019,Köln,Nordrhein-Westfalen,pandas,Statistics and Data,Statistics,Both AI & ML
2019,Köln,Nordrhein-Westfalen,implementierung,Decision Making and Analytical,DecisionMaking,Both AI & ML
2019,Köln,Nordrhein-Westfalen,zusammenarbeit,Decision Making and Analytical,Interpersonal,Both AI & ML
2019,Köln,Nordrhein-Westfalen,integration,Occupational Attributes,EnterpriseSystem,Both AI & ML
2019,Köln,Nordrhein-Westfalen,skalierung,Generative AI,Serving,Both AI & ML
2019,Köln,Nordrhein-Westfalen,machine learning,Statistics and Data,DataMining,Both AI & ML
2019,Köln,Nordrhein-Westfalen,mathematik,General,Numeracy,Both AI & ML
2019,Köln,Nordrhein-Westfalen,statistik,Statistics and Data,Statistics,Both AI & ML
2019,Köln,Nordrhein-Westfalen,python,Occupational Attributes,Programming,Both AI & ML
2019,Köln,Nordrhein-Westfalen,sql,Statistics and Data,StructuredData,Both AI & ML
2019,Köln,Nordrhein-Westfalen,machine learning,Statistics and Data,DataMining,Both AI & ML
2019,Köln,Nordrhein-Westfalen,big data,Statistics and Data,BigData,Both AI & ML
2019,Köln,Nordrhein-Westfalen,spark,Statistics and Data,BigData,Both AI & ML
2019,Köln,Nordrhein-Westfalen,hadoop,Statistics and Data,BigData,Both AI & ML
2019,Köln,Nordrhein-Westfalen,statistik,Statistics and Data,Statistics,Both AI & ML
2019,Düsseldorf,Nordrhein-Westfalen,communication,Decision Making and Analytical,MSOffice,Both AI & ML
2019,Düsseldorf,Nordrhein-Westfalen,communication,Decision Making and Analytical,MSOffice,Both AI & ML
2019,Düsseldorf,Nordrhein-Westfalen,machine learning,Statistics and Data,DataMining,Both AI & ML
2019,Düsseldorf,Nordrhein-Westfalen,zusammenarbeit,Decision Making and Analytical,Interpersonal,Both AI & ML
2019,Düsseldorf,Nordrhein-Westfalen,integration,Occupational Attributes,EnterpriseSystem,Both AI & ML
2019,Düsseldorf,Nordrhein-Westfalen,machine learning,Statistics and Data,DataMining,Both AI & ML
2019,Düsseldorf,Nordrhein-Westfalen,spark,Statistics and Data,BigData,Both AI & ML
2019,Düsseldorf,Nordrhein-Westfalen,hadoop,Statistics and Data,BigData,Both AI & ML
2019,Düsseldorf,Nordrhein-Westfalen,python,Occupational Attributes,Programming,Both AI & ML
2019,Düsseldorf,Nordrhein-Westfalen,sql,Statistics and Data,StructuredData,Both AI & ML
2019,Düsseldorf,Nordrhein-Westfalen,machine learning,Statistics and Data,DataMining,Both AI & ML
2019,München,Bayern,implementierung,Decision Making and Analytical,DecisionMaking,AI
2019,München,Bayern,integration,Occupational Attributes,EnterpriseSystem,AI
2019,München,Bayern,python,Occupational Attributes,Programming,AI
2019,Bonn,Nordrhein-Westfalen,verantwortlich,Communication,Generic,Both AI & ML
2019,Bonn,Nordrhein-Westfalen,analyse,Decision Making and Analytical,DecisionMaking,Both AI & ML
2019,Bonn,Nordrhein-Westfalen,machine learning,Statistics and Data,DataMining,Both AI & ML
2019,Bonn,Nordrhein-Westfalen,machine learning,Statistics and Data,DataMining,Both AI & ML
2019,Bonn,Nordrhein-Westfalen,prognose,Statistics and Data,DataMining,Both AI & ML
2019,Bonn,Nordrhein-Westfalen,analyse,Decision Making and Analytical,DecisionMaking,Both AI & ML
2019,Bonn,Nordrhein-Westfalen,python,Occupational Attributes,Programming,Both AI & ML
2019,Bonn,Nordrhein-Westfalen,sql,Statistics and Data,StructuredData,Both AI & ML
2019,Bonn,Nordrhein-Westfalen,statistik,Statistics and Data,Statistics,Both AI & ML
2019,Bonn,Nordrhein-Westfalen,zusammenarbeit,Decision Making and Analytical,Interpersonal,Both AI & ML
2019,Bonn,Nordrhein-Westfalen,implementierung,Decision Making and Analytical,DecisionMaking,Both AI & ML
2019,Bonn,Nordrhein-Westfalen,mathematik,General,Numeracy,Both AI & ML
2019,Bonn,Nordrhein-Westfalen,statistik,Statistics and Data,Statistics,Both AI & ML
2019,Bonn,Nordrhein-Westfalen,python,Occupational Attributes,Programming,Both AI & ML
2019,Bonn,Nordrhein-Westfalen,pandas,Statistics and Data,Statistics,Both AI & ML
2019,Bonn,Nordrhein-Westfalen,sql,Statistics and Data,StructuredData,Both AI & ML
2019,Bonn,Nordrhein-Westfalen,statistik,Statistics and Data,Statistics,Both AI & ML
2019,Hamburg,Hamburg,prognose,Statistics and Data,DataMining,Both AI & ML
2019,Hamburg,Hamburg,analyse,Decision Making and Analytical,DecisionMaking,Both AI & ML
2019,Hamburg,Hamburg,datenanalyse,General,Research,Both AI & ML
2019,Hamburg,Hamburg,python,Occupational Attributes,Programming,Both AI & ML
2019,Hamburg,Hamburg,sql,Statistics and Data,StructuredData,Both AI & ML
2019,Hamburg,Hamburg,machine learning,Statistics and Data,DataMining,Both AI & ML
2019,Hamburg,Hamburg,zusammenarbeit,Decision Making and Analytical,Interpersonal,Both AI & ML
2019,Hamburg,Hamburg,integration,Occupational Attributes,EnterpriseSystem,Both AI & ML
2019,Hamburg,Hamburg,mathematik,General,Numeracy,Both AI & ML
2019,Hamburg,Hamburg,statistik,Statistics and Data,Statistics,Both AI & ML
2019,Hamburg,Hamburg,python,Occupational Attributes,Programming,Both AI & ML
2019,Hamburg,Hamburg,sql,Statistics and Data,StructuredData,Both AI & ML
2019,Hamburg,Hamburg,machine learning,Statistics and Data,DataMining,Both AI & ML
2019,Hamburg,Hamburg,analyse,Decision Making and Analytical,DecisionMaking,Both AI & ML
2019,Hamburg,Hamburg,zusammenarbeit,Decision Making and Analytical,Interpersonal,Both AI & ML
2019,Hamburg,Hamburg,kommunikation,Decision Making and Analytical,MSOffice,Both AI & ML
2019,Frankfurt am Main,Hessen,datenanalyse,General,Research,Both AI & ML
2019,Frankfurt am Main,Hessen,machine learning,Statistics and Data,DataMining,Both AI & ML
2019,Frankfurt am Main,Hessen,machine learning,Statistics and Data,DataMining,Both AI & ML
2019,Frankfurt am Main,Hessen,analyse,Decision Making and Analytical,DecisionMaking,Both AI & ML
2019,Frankfurt am Main,Hessen,python,Occupational Attributes,Programming,Both AI & ML
2019,Frankfurt am Main,Hessen,sql,Statistics and Data,StructuredData,Both AI & ML
2019,Frankfurt am Main,Hessen,implementierung,Decision Making and Analytical,DecisionMaking,Both AI & ML
2019,Frankfurt am Main,Hessen,nlp,Specialized ML,NLP,Both AI & ML
2019,Frankfurt am Main,Hessen,zusammenarbeit,Decision Making and Analytical,Interpersonal,Both AI & ML
2019,Frankfurt am Main,Hessen,integration,Occupational Attributes,EnterpriseSystem,Both AI & ML
2019,Frankfurt am Main,Hessen,mathematik,General,Numeracy,Both AI & ML
2019,Frankfurt am Main,Hessen,statistik,Statistics and Data,Statistics,Both AI & ML
2019,Frankfurt am Main,Hessen,python,Occupational Attributes,Programming,Both AI & ML
2019,Frankfurt am Main,Hessen,pandas,Statistics and Data,Statistics,Both AI & ML
2019,Frankfurt am Main,Hessen,sql,Statistics and Data,StructuredData,Both AI & ML
2019,Frankfurt am Main,Hessen,machine learning,Statistics and Data,DataMining,Both AI & ML
2019,Frankfurt am Main,Hessen,nlp,Specialized ML,NLP,Both AI & ML
2019,Stuttgart,Baden-Württemberg,integration,Occupational Attributes,EnterpriseSystem,Both AI & ML
2019,Stuttgart,Baden-Württemberg,nlp,Specialized ML,NLP,Both AI & ML
2019,Stuttgart,Baden-Württemberg,machine learning,Statistics and Data,DataMining,Both AI & ML
2019,Stuttgart,Baden-Württemberg,nlp,Specialized ML,NLP,Both AI & ML
2019,Stuttgart,Baden-Württemberg,datenanalyse,General,Research,Both AI & ML
2019,Stuttgart,Baden-Württemberg,python,Occupational Attributes,Programming,Both AI & ML
2019,Stuttgart,Baden-Württemberg,pandas,Statistics and Data,Statistics,Both AI & ML
2019,Stuttgart,Baden-Württemberg,sql,Statistics and Data,StructuredData,Both AI & ML
2019,Stuttgart,Baden-Württemberg,zusammenarbeit,Decision Making and Analytical,Interpersonal,Both AI & ML
2019,Stuttgart,Baden-Württemberg,implementierung,Decision Making and Analytical,DecisionMaking,Both AI & ML
2019,Stuttgart,Baden-Württemberg,mathematik,General,Numeracy,Both AI & ML
2019,Stuttgart,Baden-Württemberg,python,Occupational Attributes,Programming,Both AI & ML
2019,Stuttgart,Baden-Württemberg,sql,Statistics and Data,StructuredData,Both AI & ML
2019,Stuttgart,Baden-Württemberg,nlp,Specialized ML,NLP,Both AI & ML
2019,Stuttgart,Baden-Württemberg,machine learning,Statistics and Data,DataMining,Both AI & ML
2019,Frankfurt am Main,Hessen,machine learning,Statistics and Data,DataMining,Both AI & ML
2019,Frankfurt am Main,Hessen,machine learning,Statistics and Data,DataMining,Both AI & ML
2019,Frankfurt am Main,Hessen,machine learning,Statistics and Data,DataMining,Both AI & ML
2019,Frankfurt am Main,Hessen,zusammenarbeit,Decision Making and Analytical,Interpersonal,Both AI & ML
2019,Frankfurt am Main,Hessen,machine learning,Statistics and Data,DataMining,Both AI & ML
2019,Frankfurt am Main,Hessen,python,Occupational Attributes,Programming,Both AI & ML
2019,Frankfurt am Main,Hessen,pandas,Statistics and Data,Statistics,Both AI & ML
2019,Frankfurt am Main,Hessen,machine learning,Statistics and Data,DataMining,Both AI & ML
2019,Frankfurt am Main,Hessen,nlp,Specialized ML,NLP,Both AI & ML
2019,Frankfurt am Main,Hessen,analyse,Decision Making and Analytical,DecisionMaking,Both AI & ML
2019,Frankfurt am Main,Hessen,machine learning,Statistics and Data,DataMining,Both AI & ML
2019,Frankfurt am Main,Hessen,prognose,Statistics and Data,DataMining,Both AI & ML
2019,Frankfurt am Main,Hessen,implementierung,Decision Making and Analytical,DecisionMaking,Both AI & ML
2019,Frankfurt am Main,Hessen,nlp,Specialized ML,NLP,Both AI & ML
2019,Frankfurt am Main,Hessen,zusammenarbeit,Decision Making and Analytical,Interpersonal,Both AI & ML
2019,Frankfurt am Main,Hessen,integration,Occupational Attributes,EnterpriseSystem,Both AI & ML
2019,Frankfurt am Main,Hessen,pandas,Statistics and Data,Statistics,Both AI & ML
2019,Frankfurt am Main,Hessen,mathematik,General,Numeracy,Both AI & ML
2019,Frankfurt am Main,Hessen,python,Occupational Attributes,Programming,Both AI & ML
2019,Frankfurt am Main,Hessen,sql,Statistics and Data,StructuredData,Both AI & ML
2019,Frankfurt am Main,Hessen,machine learning,Statistics and Data,DataMining,Both AI & ML
2019,Frankfurt am Main,Hessen,nlp,Specialized ML,NLP,Both AI & ML
2019,Frankfurt am Main,Hessen,datenanalyse,General,Research,Both AI & ML
2019,Frankfurt am Main,Hessen,deutsch,General,ForeignLanguage,Both AI & ML
2019,Hamburg,Hamburg,implementierung,Decision Making and Analytical,DecisionMaking,Both AI & ML
2019,Hamburg,Hamburg,zusammenarbeit,Decision Making and Analytical,Interpersonal,Both AI & ML
2019,Hamburg,Hamburg,integration,Occupational Attributes,EnterpriseSystem,Both AI & ML
2019,Hamburg,Hamburg,analyse,Decision Making and Analytical,DecisionMaking,Both AI & ML
2019,Hamburg,Hamburg,machine learning,Statistics and Data,DataMining,Both AI & ML
2019,Hamburg,Hamburg,mathematik,General,Numeracy,Both AI & ML
2019,Hamburg,Hamburg,python,Occupational Attributes,Programming,Both AI & ML
2019,Hamburg,Hamburg,sql,Statistics and Data,StructuredData,Both AI & ML
2019,Hamburg,Hamburg,machine learning,Statistics and Data,DataMining,Both AI & ML
2019,Hamburg,Hamburg,analyse,Decision Making and Analytical,DecisionMaking,Both AI & ML
2019,Hamburg,Hamburg,pandas,Statistics and Data,Statistics,Both AI & ML
2019,Wiesbaden,Hessen,machine learning,Statistics and Data,DataMining,Both AI & ML
2019,Wiesbaden,Hessen,machine learning,Statistics and Data,DataMining,Both AI & ML
2019,Wiesbaden,Hessen,integration,Occupational Attributes,EnterpriseSystem,Both AI & ML
2019,Wiesbaden,Hessen,zusammenarbeit,Decision Making and Analytical,Interpersonal,Both AI & ML
2019,Wiesbaden,Hessen,mathematik,General,Numeracy,Both AI & ML
2019,Wiesbaden,Hessen,machine learning,Statistics and Data,DataMining,Both AI & ML
2019,Wiesbaden,Hessen,datenanalyse,General,Research,Both AI & ML
2019,Wiesbaden,Hessen,python,Occupational Attributes,Programming,Both AI & ML
2019,Wiesbaden,Hessen,sql,Statistics and Data,StructuredData,Both AI & ML
2019,Wiesbaden,Hessen,big data,Statistics and Data,BigData,Both AI & ML
2019,Wiesbaden,Hessen,spark,Statistics and Data,BigData,Both AI & ML
2019,Stuttgart,Baden-Württemberg,reporting,Decision Making and Analytical,DecisionMaking,ML
2019,Stuttgart,Baden-Württemberg,machine learning,Statistics and Data,DataMining,ML
2019,Stuttgart,Baden-Württemberg,vorhersage,Statistics and Data,DataMining,ML
2019,Stuttgart,Baden-Württemberg,splunk,Statistics and Data,Statistics,ML
2019,Stuttgart,Baden-Württemberg,projektmanagement,Occupational Attributes,ProjectManagement,ML
2019,Stuttgart,Baden-Württemberg,machine learning,Statistics and Data,DataMining,ML
2019,Stuttgart,Baden-Württemberg,prognose,Statistics and Data,DataMining,ML
2019,Stuttgart,Baden-Württemberg,datenanalyse,General,Research,ML
2019,Stuttgart,Baden-Württemberg,machine learning,Statistics and Data,DataMining,ML
2019,Stuttgart,Baden-Württemberg,datenanalyse,General,Research,ML
2019,Berlin,Berlin,analyse,Decision Making and Analytical,DecisionMaking,Both AI & ML
2019,Berlin,Berlin,analyse,Decision Making and Analytical,DecisionMaking,Both AI & ML
2019,Berlin,Berlin,zusammenarbeit,Decision Making and Analytical,Interpersonal,Both AI & ML
2019,Berlin,Berlin,implementierung,Decision Making and Analytical,DecisionMaking,Both AI & ML
2019,Berlin,Berlin,datenanalyse,General,Research,Both AI & ML
2019,Berlin,Berlin,python,Occupational Attributes,Programming,Both AI & ML
2019,Berlin,Berlin,sql,Statistics and Data,StructuredData,Both AI & ML
2019,Berlin,Berlin,modellbewertung,Generative AI,EvaluationMonitoring,Both AI & ML
2019,Bellheim,Rheinland-Pfalz,machine learning,Statistics and Data,DataMining,Both AI & ML
2019,Bellheim,Rheinland-Pfalz,datenanalyse,General,Research,Both AI & ML
2019,Bellheim,Rheinland-Pfalz,python,Occupational Attributes,Programming,Both AI & ML
2019,Bellheim,Rheinland-Pfalz,sql,Statistics and Data,StructuredData,Both AI & ML
2019,Bellheim,Rheinland-Pfalz,kommunikation,Decision Making and Analytical,MSOffice,Both AI & ML
2019,Bellheim,Rheinland-Pfalz,mathematik,General,Numeracy,Both AI & ML
2019,Bellheim,Rheinland-Pfalz,statistik,Statistics and Data,Statistics,Both AI & ML
2019,Bellheim,Rheinland-Pfalz,python,Occupational Attributes,Programming,Both AI & ML
2019,Bellheim,Rheinland-Pfalz,sql,Statistics and Data,StructuredData,Both AI & ML
2019,Bellheim,Rheinland-Pfalz,machine learning,Statistics and Data,DataMining,Both AI & ML
2019,Stuttgart,Baden-Württemberg,analyse,Decision Making and Analytical,DecisionMaking,Both AI & ML
2019,Stuttgart,Baden-Württemberg,implementierung,Decision Making and Analytical,DecisionMaking,Both AI & ML
2019,Stuttgart,Baden-Württemberg,zusammenarbeit,Decision Making and Analytical,Interpersonal,Both AI & ML
2019,Stuttgart,Baden-Württemberg,mathematik,General,Numeracy,Both AI & ML
2019,Stuttgart,Baden-Württemberg,statistik,Statistics and Data,Statistics,Both AI & ML
2019,Stuttgart,Baden-Württemberg,python,Occupational Attributes,Programming,Both AI & ML
2019,Stuttgart,Baden-Württemberg,sql,Statistics and Data,StructuredData,Both AI & ML
2019,Stuttgart,Baden-Württemberg,machine learning,Statistics and Data,DataMining,Both AI & ML
2019,Köln,Nordrhein-Westfalen,machine learning,Statistics and Data,DataMining,Both AI & ML
2019,Köln,Nordrhein-Westfalen,implementierung,Decision Making and Analytical,DecisionMaking,Both AI & ML
2019,Köln,Nordrhein-Westfalen,machine learning,Statistics and Data,DataMining,Both AI & ML
2019,Köln,Nordrhein-Westfalen,analyse,Decision Making and Analytical,DecisionMaking,Both AI & ML
2019,Köln,Nordrhein-Westfalen,python,Occupational Attributes,Programming,Both AI & ML
2019,Köln,Nordrhein-Westfalen,sql,Statistics and Data,StructuredData,Both AI & ML
2019,Köln,Nordrhein-Westfalen,zusammenarbeit,Decision Making and Analytical,Interpersonal,Both AI & ML
2019,Köln,Nordrhein-Westfalen,integration,Occupational Attributes,EnterpriseSystem,Both AI & ML
2019,Köln,Nordrhein-Westfalen,mathematik,General,Numeracy,Both AI & ML
2019,Köln,Nordrhein-Westfalen,statistik,Statistics and Data,Statistics,Both AI & ML
2019,Köln,Nordrhein-Westfalen,python,Occupational Attributes,Programming,Both AI & ML
2019,Köln,Nordrhein-Westfalen,machine learning,Statistics and Data,DataMining,Both AI & ML
2019,Köln,Nordrhein-Westfalen,sql,Statistics and Data,StructuredData,Both AI & ML
2019,Köln,Nordrhein-Westfalen,big data,Statistics and Data,BigData,Both AI & ML
2019,Köln,Nordrhein-Westfalen,spark,Statistics and Data,BigData,Both AI & ML
2019,Hamburg,Hamburg,big data,Statistics and Data,BigData,Both AI & ML
2019,Hamburg,Hamburg,analyse,Decision Making and Analytical,DecisionMaking,Both AI & ML
2019,Hamburg,Hamburg,pandas,Statistics and Data,Statistics,Both AI & ML
2019,Hamburg,Hamburg,zusammenarbeit,Decision Making and Analytical,Interpersonal,Both AI & ML
2019,Hamburg,Hamburg,implementierung,Decision Making and Analytical,DecisionMaking,Both AI & ML
2019,Hamburg,Hamburg,machine learning,Statistics and Data,DataMining,Both AI & ML
2019,Hamburg,Hamburg,mathematik,General,Numeracy,Both AI & ML
2019,Hamburg,Hamburg,python,Occupational Attributes,Programming,Both AI & ML
2019,Hamburg,Hamburg,sql,Statistics and Data,StructuredData,Both AI & ML
2019,Hamburg,Hamburg,machine learning,Statistics and Data,DataMining,Both AI & ML
2019,Hamburg,Hamburg,big data,Statistics and Data,BigData,Both AI & ML
2019,Hamburg,Hamburg,spark,Statistics and Data,BigData,Both AI & ML
2019,Hamburg,Hamburg,hadoop,Statistics and Data,BigData,Both AI & ML
2019,Leipzig,Sachsen,analyse,Decision Making and Analytical,DecisionMaking,Both AI & ML
2019,Leipzig,Sachsen,machine learning,Statistics and Data,DataMining,Both AI & ML
2019,Leipzig,Sachsen,implementierung,Decision Making and Analytical,DecisionMaking,Both AI & ML
2019,Leipzig,Sachsen,machine learning,Statistics and Data,DataMining,Both AI & ML
2019,Leipzig,Sachsen,datenanalyse,General,Research,Both AI & ML
2019,Leipzig,Sachsen,python,Occupational Attributes,Programming,Both AI & ML
2019,Leipzig,Sachsen,sql,Statistics and Data,StructuredData,Both AI & ML
2019,Leipzig,Sachsen,präsentation,Communication,Presentation,Both AI & ML
2019,Leipzig,Sachsen,zusammenarbeit,Decision Making and Analytical,Interpersonal,Both AI & ML
2019,Leipzig,Sachsen,integration,Occupational Attributes,EnterpriseSystem,Both AI & ML
2019,Leipzig,Sachsen,mathematik,General,Numeracy,Both AI & ML
2019,Leipzig,Sachsen,statistik,Statistics and Data,Statistics,Both AI & ML
2019,Leipzig,Sachsen,python,Occupational Attributes,Programming,Both AI & ML
2019,Leipzig,Sachsen,sql,Statistics and Data,StructuredData,Both AI & ML
2019,Leipzig,Sachsen,pandas,Statistics and Data,Statistics,Both AI & ML
2019,Leipzig,Sachsen,machine learning,Statistics and Data,DataMining,Both AI & ML
2019,Leipzig,Sachsen,big data,Statistics and Data,BigData,Both AI & ML
2019,Leipzig,Sachsen,spark,Statistics and Data,BigData,Both AI & ML
2019,Leipzig,Sachsen,hadoop,Statistics and Data,BigData,Both AI & ML
2019,Berlin,Berlin,machine learning,Statistics and Data,DataMining,Both AI & ML
2019,Berlin,Berlin,datenanalyse,General,Research,Both AI & ML
2019,Berlin,Berlin,python,Occupational Attributes,Programming,Both AI & ML
2019,Berlin,Berlin,pandas,Statistics and Data,Statistics,Both AI & ML
2019,Berlin,Berlin,sql,Statistics and Data,StructuredData,Both AI & ML
2019,Berlin,Berlin,implementierung,Decision Making and Analytical,DecisionMaking,Both AI & ML
2019,Berlin,Berlin,python,Occupational Attributes,Programming,Both AI & ML
2019,Berlin,Berlin,pandas,Statistics and Data,Statistics,Both AI & ML
2019,Berlin,Berlin,sql,Statistics and Data,StructuredData,Both AI & ML
2019,Berlin,Berlin,machine learning,Statistics and Data,DataMining,Both AI & ML
2019,Stuttgart,Baden-Württemberg,netzwerk,Occupational Attributes,Networks,AI
2019,Stuttgart,Baden-Württemberg,integration,Occupational Attributes,EnterpriseSystem,AI
2019,Stuttgart,Baden-Württemberg,implementierung,Decision Making and Analytical,DecisionMaking,AI
2019,Stuttgart,Baden-Württemberg,netzwerk,Occupational Attributes,Networks,AI
2019,Stuttgart,Baden-Württemberg,analyse,Decision Making and Analytical,DecisionMaking,AI
2019,Stuttgart,Baden-Württemberg,aws,Cloud Platforms,AWS,AI
2019,Stuttgart,Baden-Württemberg,azure,Cloud Platforms,Azure,AI
2019,Stuttgart,Baden-Württemberg,machine learning,Statistics and Data,DataMining,Both AI & ML
2019,Stuttgart,Baden-Württemberg,machine learning,Statistics and Data,DataMining,Both AI & ML
2019,Stuttgart,Baden-Württemberg,datenanalyse,General,Research,Both AI & ML
2019,Stuttgart,Baden-Württemberg,python,Occupational Attributes,Programming,Both AI & ML
2019,Stuttgart,Baden-Württemberg,sql,Statistics and Data,StructuredData,Both AI & ML
2019,Stuttgart,Baden-Württemberg,statistik,Statistics and Data,Statistics,Both AI & ML
2019,Stuttgart,Baden-Württemberg,mathematik,General,Numeracy,Both AI & ML
2019,Stuttgart,Baden-Württemberg,python,Occupational Attributes,Programming,Both AI & ML
2019,Stuttgart,Baden-Württemberg,pandas,Statistics and Data,Statistics,Both AI & ML
2019,Stuttgart,Baden-Württemberg,sql,Statistics and Data,StructuredData,Both AI & ML
2019,Stuttgart,Baden-Württemberg,datenextraktion,Occupational Attributes,Scraping,Both AI & ML
2019,Stuttgart,Baden-Württemberg,modellbewertung,Generative AI,EvaluationMonitoring,Both AI & ML
2019,Köln,Nordrhein-Westfalen,datenanalyse,General,Research,Both AI & ML
2019,Köln,Nordrhein-Westfalen,analyse,Decision Making and Analytical,DecisionMaking,Both AI & ML
2019,Köln,Nordrhein-Westfalen,implementierung,Decision Making and Analytical,DecisionMaking,Both AI & ML
2019,Köln,Nordrhein-Westfalen,zusammenarbeit,Decision Making and Analytical,Interpersonal,Both AI & ML
2019,Köln,Nordrhein-Westfalen,mathematik,General,Numeracy,Both AI & ML
2019,Köln,Nordrhein-Westfalen,python,Occupational Attributes,Programming,Both AI & ML
2019,Köln,Nordrhein-Westfalen,sql,Statistics and Data,StructuredData,Both AI & ML
2019,Köln,Nordrhein-Westfalen,pandas,Statistics and Data,Statistics,Both AI & ML
2019,Köln,Nordrhein-Westfalen,machine learning,Statistics and Data,DataMining,Both AI & ML
2019,München,Bayern,machine learning,Statistics and Data,DataMining,Both AI & ML
2019,München,Bayern,machine learning,Statistics and Data,DataMining,Both AI & ML
2019,München,Bayern,machine learning,Statistics and Data,DataMining,Both AI & ML
2019,München,Bayern,datenanalyse,General,Research,Both AI & ML
2019,München,Bayern,python,Occupational Attributes,Programming,Both AI & ML
2019,München,Bayern,pandas,Statistics and Data,Statistics,Both AI & ML
2019,München,Bayern,machine learning,Statistics and Data,DataMining,Both AI & ML
2019,München,Bayern,zusammenarbeit,Decision Making and Analytical,Interpersonal,Both AI & ML
2019,München,Bayern,integration,Occupational Attributes,EnterpriseSystem,Both AI & ML
2019,München,Bayern,python,Occupational Attributes,Programming,Both AI & ML
2019,München,Bayern,machine learning,Statistics and Data,DataMining,Both AI & ML
2019,München,Bayern,datenanalyse,General,Research,Both AI & ML
2019,München,Bayern,pandas,Statistics and Data,Statistics,Both AI & ML
2019,Mannheim,Baden-Württemberg,implementierung,Decision Making and Analytical,DecisionMaking,Both AI & ML
2019,Mannheim,Baden-Württemberg,machine learning,Statistics and Data,DataMining,Both AI & ML
2019,Mannheim,Baden-Württemberg,datenanalyse,General,Research,Both AI & ML
2019,Mannheim,Baden-Württemberg,python,Occupational Attributes,Programming,Both AI & ML
2019,Mannheim,Baden-Württemberg,sql,Statistics and Data,StructuredData,Both AI & ML
2019,Mannheim,Baden-Württemberg,statistik,Statistics and Data,Statistics,Both AI & ML
2019,Mannheim,Baden-Württemberg,zusammenarbeit,Decision Making and Analytical,Interpersonal,Both AI & ML
2019,Mannheim,Baden-Württemberg,integration,Occupational Attributes,EnterpriseSystem,Both AI & ML
2019,Mannheim,Baden-Württemberg,mathematik,General,Numeracy,Both AI & ML
2019,Mannheim,Baden-Württemberg,statistik,Statistics and Data,Statistics,Both AI & ML
2019,Mannheim,Baden-Württemberg,pandas,Statistics and Data,Statistics,Both AI & ML
2019,Mannheim,Baden-Württemberg,sql,Statistics and Data,StructuredData,Both AI & ML
2019,Mannheim,Baden-Württemberg,nosql,Statistics and Data,BigData,Both AI & ML
2019,Mannheim,Baden-Württemberg,big data,Statistics and Data,BigData,Both AI & ML
2019,Mannheim,Baden-Württemberg,spark,Statistics and Data,BigData,Both AI & ML
2019,Mannheim,Baden-Württemberg,hadoop,Statistics and Data,BigData,Both AI & ML
2019,Mannheim,Baden-Württemberg,python,Occupational Attributes,Programming,Both AI & ML
2019,Mannheim,Baden-Württemberg,modellbewertung,Generative AI,EvaluationMonitoring,Both AI & ML
2019,Hamburg,Hamburg,big data,Statistics and Data,BigData,Both AI & ML
2019,Hamburg,Hamburg,datenanalyse,General,Research,Both AI & ML
2019,Hamburg,Hamburg,big data,Statistics and Data,BigData,Both AI & ML
2019,Hamburg,Hamburg,implementierung,Decision Making and Analytical,DecisionMaking,Both AI & ML
2019,Hamburg,Hamburg,datenanalyse,General,Research,Both AI & ML
2019,Hamburg,Hamburg,python,Occupational Attributes,Programming,Both AI & ML
2019,Hamburg,Hamburg,sql,Statistics and Data,StructuredData,Both AI & ML
2019,Hamburg,Hamburg,zusammenarbeit,Decision Making and Analytical,Interpersonal,Both AI & ML
2019,Hamburg,Hamburg,python,Occupational Attributes,Programming,Both AI & ML
2019,Hamburg,Hamburg,sql,Statistics and Data,StructuredData,Both AI & ML
2019,Hamburg,Hamburg,machine learning,Statistics and Data,DataMining,Both AI & ML
2019,Hamburg,Hamburg,big data,Statistics and Data,BigData,Both AI & ML
2019,Hamburg,Hamburg,spark,Statistics and Data,BigData,Both AI & ML
2019,Hamburg,Hamburg,hadoop,Statistics and Data,BigData,Both AI & ML
2019,Hamburg,Hamburg,machine learning,Statistics and Data,DataMining,Both AI & ML
2019,Hamburg,Hamburg,machine learning,Statistics and Data,DataMining,Both AI & ML
2019,Hamburg,Hamburg,implementierung,Decision Making and Analytical,DecisionMaking,Both AI & ML
2019,Hamburg,Hamburg,machine learning,Statistics and Data,DataMining,Both AI & ML
2019,Hamburg,Hamburg,datenanalyse,General,Research,Both AI & ML
2019,Hamburg,Hamburg,zusammenarbeit,Decision Making and Analytical,Interpersonal,Both AI & ML
2019,Hamburg,Hamburg,integration,Occupational Attributes,EnterpriseSystem,Both AI & ML
2019,Hamburg,Hamburg,machine learning,Statistics and Data,DataMining,Both AI & ML
2019,Hamburg,Hamburg,mathematik,General,Numeracy,Both AI & ML
2019,Hamburg,Hamburg,python,Occupational Attributes,Programming,Both AI & ML
2019,Hamburg,Hamburg,sql,Statistics and Data,StructuredData,Both AI & ML
2019,Hamburg,Hamburg,machine learning,Statistics and Data,DataMining,Both AI & ML
2019,Bonn,Nordrhein-Westfalen,machine learning,Statistics and Data,DataMining,Both AI & ML
2019,Bonn,Nordrhein-Westfalen,implementierung,Decision Making and Analytical,DecisionMaking,Both AI & ML
2019,Bonn,Nordrhein-Westfalen,prognose,Statistics and Data,DataMining,Both AI & ML
2019,Bonn,Nordrhein-Westfalen,analyse,Decision Making and Analytical,DecisionMaking,Both AI & ML
2019,Bonn,Nordrhein-Westfalen,python,Occupational Attributes,Programming,Both AI & ML
2019,Bonn,Nordrhein-Westfalen,sql,Statistics and Data,StructuredData,Both AI & ML
2019,Bonn,Nordrhein-Westfalen,machine learning,Statistics and Data,DataMining,Both AI & ML
2019,Bonn,Nordrhein-Westfalen,mathematik,General,Numeracy,Both AI & ML
2019,Bonn,Nordrhein-Westfalen,python,Occupational Attributes,Programming,Both AI & ML
2019,Bonn,Nordrhein-Westfalen,pandas,Statistics and Data,Statistics,Both AI & ML
2019,Bonn,Nordrhein-Westfalen,sql,Statistics and Data,StructuredData,Both AI & ML
2019,Bonn,Nordrhein-Westfalen,machine learning,Statistics and Data,DataMining,Both AI & ML
2019,Berlin,Berlin,english,General,ForeignLanguage,Both AI & ML
2019,Berlin,Berlin,machine learning,Statistics and Data,DataMining,Both AI & ML
2019,Berlin,Berlin,machine learning,Statistics and Data,DataMining,Both AI & ML
2019,Berlin,Berlin,implementierung,Decision Making and Analytical,DecisionMaking,Both AI & ML
2019,Berlin,Berlin,machine learning,Statistics and Data,DataMining,Both AI & ML
2019,Berlin,Berlin,analyse,Decision Making and Analytical,DecisionMaking,Both AI & ML
2019,Berlin,Berlin,python,Occupational Attributes,Programming,Both AI & ML
2019,Berlin,Berlin,sql,Statistics and Data,StructuredData,Both AI & ML
2019,Berlin,Berlin,pandas,Statistics and Data,Statistics,Both AI & ML
2019,Berlin,Berlin,zusammenarbeit,Decision Making and Analytical,Interpersonal,Both AI & ML
2019,Berlin,Berlin,integration,Occupational Attributes,EnterpriseSystem,Both AI & ML
2019,Berlin,Berlin,machine learning,Statistics and Data,DataMining,Both AI & ML
2019,Berlin,Berlin,mathematik,General,Numeracy,Both AI & ML
2019,Berlin,Berlin,machine learning,Statistics and Data,DataMining,Both AI & ML
2019,Berlin,Berlin,python,Occupational Attributes,Programming,Both AI & ML
2019,Berlin,Berlin,sql,Statistics and Data,StructuredData,Both AI & ML
2019,Berlin,Berlin,datenanalyse,General,Research,Both AI & ML
2019,Berlin,Berlin,pandas,Statistics and Data,Statistics,Both AI & ML
2019,Hamburg,Hamburg,design,Decision Making and Analytical,DecisionMaking,AI
2019,Hamburg,Hamburg,big data,Statistics and Data,BigData,AI
2019,Hamburg,Hamburg,zusammenarbeit,Decision Making and Analytical,Interpersonal,AI
2019,Hamburg,Hamburg,implementierung,Decision Making and Analytical,DecisionMaking,AI
2019,Hamburg,Hamburg,design,Decision Making and Analytical,DecisionMaking,AI
2019,Hamburg,Hamburg,big data,Statistics and Data,BigData,AI
2019,Ingolstadt,Bayern,machine learning,Statistics and Data,DataMining,Both AI & ML
2019,Ingolstadt,Bayern,datenanalyse,General,Research,Both AI & ML
2019,Ingolstadt,Bayern,python,Occupational Attributes,Programming,Both AI & ML
2019,Ingolstadt,Bayern,sql,Statistics and Data,StructuredData,Both AI & ML
2019,Ingolstadt,Bayern,präsentation,Communication,Presentation,Both AI & ML
2019,Ingolstadt,Bayern,mathematik,General,Numeracy,Both AI & ML
2019,Ingolstadt,Bayern,statistik,Statistics and Data,Statistics,Both AI & ML
2019,Ingolstadt,Bayern,python,Occupational Attributes,Programming,Both AI & ML
2019,Ingolstadt,Bayern,pandas,Statistics and Data,Statistics,Both AI & ML
2019,Ingolstadt,Bayern,analyse,Decision Making and Analytical,DecisionMaking,Both AI & ML
2019,Ingolstadt,Bayern,präsentation,Communication,Presentation,Both AI & ML
2019,Berlin,Berlin,implementierung,Decision Making and Analytical,DecisionMaking,AI
2019,Berlin,Berlin,planung,Data Engineering,Orchestration,AI
2019,Berlin,Berlin,zusammenarbeit,Decision Making and Analytical,Interpersonal,AI
2019,München,Bayern,machine learning,Statistics and Data,DataMining,ML
2019,München,Bayern,implementierung,Decision Making and Analytical,DecisionMaking,ML
2019,München,Bayern,machine learning,Statistics and Data,DataMining,ML
2019,München,Bayern,zusammenarbeit,Decision Making and Analytical,Interpersonal,ML
2019,München,Bayern,mathematik,General,Numeracy,ML
2019,München,Bayern,statistik,Statistics and Data,Statistics,ML
2019,München,Bayern,machine learning,Statistics and Data,DataMining,ML
2019,Köln,Nordrhein-Westfalen,verantwortlich,Communication,Generic,ML
2019,Köln,Nordrhein-Westfalen,analyse,Decision Making and Analytical,DecisionMaking,ML
2019,Köln,Nordrhein-Westfalen,mathematik,General,Numeracy,ML
2019,Köln,Nordrhein-Westfalen,mathematik,General,Numeracy,ML
2019,Köln,Nordrhein-Westfalen,sql,Statistics and Data,StructuredData,ML
2019,Frankfurt am Main,Hessen,analyse,Decision Making and Analytical,DecisionMaking,Both AI & ML
2019,Frankfurt am Main,Hessen,machine learning,Statistics and Data,DataMining,Both AI & ML
2019,Frankfurt am Main,Hessen,analyse,Decision Making and Analytical,DecisionMaking,Both AI & ML
2019,Frankfurt am Main,Hessen,integration,Occupational Attributes,EnterpriseSystem,Both AI & ML
2019,Frankfurt am Main,Hessen,analyse,Decision Making and Analytical,DecisionMaking,Both AI & ML
2019,Frankfurt am Main,Hessen,python,Occupational Attributes,Programming,Both AI & ML
2019,Frankfurt am Main,Hessen,machine learning,Statistics and Data,DataMining,Both AI & ML
2019,München,Bayern,deutsch,General,ForeignLanguage,AI
2019,München,Bayern,englisch,General,ForeignLanguage,AI
2019,Münster,Nordrhein-Westfalen,analyse,Decision Making and Analytical,DecisionMaking,Both AI & ML
2019,Münster,Nordrhein-Westfalen,machine learning,Statistics and Data,DataMining,Both AI & ML
2019,Münster,Nordrhein-Westfalen,machine learning,Statistics and Data,DataMining,Both AI & ML
2019,Münster,Nordrhein-Westfalen,verantwortlich,Communication,Generic,Both AI & ML
2019,Münster,Nordrhein-Westfalen,machine learning,Statistics and Data,DataMining,Both AI & ML
2019,Münster,Nordrhein-Westfalen,implementierung,Decision Making and Analytical,DecisionMaking,Both AI & ML
2019,Münster,Nordrhein-Westfalen,machine learning,Statistics and Data,DataMining,Both AI & ML
2019,Münster,Nordrhein-Westfalen,analyse,Decision Making and Analytical,DecisionMaking,Both AI & ML
2019,Münster,Nordrhein-Westfalen,python,Occupational Attributes,Programming,Both AI & ML
2019,Münster,Nordrhein-Westfalen,sql,Statistics and Data,StructuredData,Both AI & ML
2019,Münster,Nordrhein-Westfalen,zusammenarbeit,Decision Making and Analytical,Interpersonal,Both AI & ML
2019,Münster,Nordrhein-Westfalen,integration,Occupational Attributes,EnterpriseSystem,Both AI & ML
2019,Münster,Nordrhein-Westfalen,machine learning,Statistics and Data,DataMining,Both AI & ML
2019,Münster,Nordrhein-Westfalen,mathematik,General,Numeracy,Both AI & ML
2019,Münster,Nordrhein-Westfalen,machine learning,Statistics and Data,DataMining,Both AI & ML
2019,Münster,Nordrhein-Westfalen,python,Occupational Attributes,Programming,Both AI & ML
2019,Münster,Nordrhein-Westfalen,sql,Statistics and Data,StructuredData,Both AI & ML
2019,Münster,Nordrhein-Westfalen,datenanalyse,General,Research,Both AI & ML
2019,Münster,Nordrhein-Westfalen,statistik,Statistics and Data,Statistics,Both AI & ML
2019,Münster,Nordrhein-Westfalen,zusammenarbeit,Decision Making and Analytical,Interpersonal,Both AI & ML
2019,Münster,Nordrhein-Westfalen,kommunikation,Decision Making and Analytical,MSOffice,Both AI & ML
2019,Köln,Nordrhein-Westfalen,analyse,Decision Making and Analytical,DecisionMaking,Both AI & ML
2019,Köln,Nordrhein-Westfalen,python,Occupational Attributes,Programming,Both AI & ML
2019,Köln,Nordrhein-Westfalen,sql,Statistics and Data,StructuredData,Both AI & ML
2019,Köln,Nordrhein-Westfalen,zusammenarbeit,Decision Making and Analytical,Interpersonal,Both AI & ML
2019,Köln,Nordrhein-Westfalen,implementierung,Decision Making and Analytical,DecisionMaking,Both AI & ML
2019,Köln,Nordrhein-Westfalen,datenanalyse,General,Research,Both AI & ML
2019,Köln,Nordrhein-Westfalen,pandas,Statistics and Data,Statistics,Both AI & ML
2019,Köln,Nordrhein-Westfalen,sql,Statistics and Data,StructuredData,Both AI & ML
2019,Köln,Nordrhein-Westfalen,nosql,Statistics and Data,BigData,Both AI & ML
2019,Köln,Nordrhein-Westfalen,machine learning,Statistics and Data,DataMining,Both AI & ML
2019,Frankfurt am Main,Hessen,verantwortlich,Communication,Generic,Both AI & ML
2019,Frankfurt am Main,Hessen,implementierung,Decision Making and Analytical,DecisionMaking,Both AI & ML
2019,Frankfurt am Main,Hessen,analyse,Decision Making and Analytical,DecisionMaking,Both AI & ML
2019,Frankfurt am Main,Hessen,python,Occupational Attributes,Programming,Both AI & ML
2019,Frankfurt am Main,Hessen,pandas,Statistics and Data,Statistics,Both AI & ML
2019,Frankfurt am Main,Hessen,implementierung,Decision Making and Analytical,DecisionMaking,Both AI & ML
2019,Frankfurt am Main,Hessen,machine learning,Statistics and Data,DataMining,Both AI & ML
2019,Frankfurt am Main,Hessen,zusammenarbeit,Decision Making and Analytical,Interpersonal,Both AI & ML
2019,Frankfurt am Main,Hessen,integration,Occupational Attributes,EnterpriseSystem,Both AI & ML
2019,Frankfurt am Main,Hessen,mathematik,General,Numeracy,Both AI & ML
2019,Frankfurt am Main,Hessen,programmierung,Occupational Attributes,Programming,Both AI & ML
2019,Frankfurt am Main,Hessen,python,Occupational Attributes,Programming,Both AI & ML
2019,Frankfurt am Main,Hessen,pandas,Statistics and Data,Statistics,Both AI & ML
2019,Frankfurt am Main,Hessen,machine learning,Statistics and Data,DataMining,Both AI & ML
2019,Frankfurt am Main,Hessen,sql,Statistics and Data,StructuredData,Both AI & ML
2019,Stuttgart,Baden-Württemberg,machine learning,Statistics and Data,DataMining,Both AI & ML
2019,Stuttgart,Baden-Württemberg,datenanalyse,General,Research,Both AI & ML
2019,Stuttgart,Baden-Württemberg,python,Occupational Attributes,Programming,Both AI & ML
2019,Stuttgart,Baden-Württemberg,sql,Statistics and Data,StructuredData,Both AI & ML
2019,Stuttgart,Baden-Württemberg,statistik,Statistics and Data,Statistics,Both AI & ML
2019,Stuttgart,Baden-Württemberg,zusammenarbeit,Decision Making and Analytical,Interpersonal,Both AI & ML
2019,Stuttgart,Baden-Württemberg,integration,Occupational Attributes,EnterpriseSystem,Both AI & ML
2019,Stuttgart,Baden-Württemberg,mathematik,General,Numeracy,Both AI & ML
2019,Stuttgart,Baden-Württemberg,python,Occupational Attributes,Programming,Both AI & ML
2019,Stuttgart,Baden-Württemberg,pandas,Statistics and Data,Statistics,Both AI & ML
2019,Stuttgart,Baden-Württemberg,sql,Statistics and Data,StructuredData,Both AI & ML
2019,Stuttgart,Baden-Württemberg,nosql,Statistics and Data,BigData,Both AI & ML
2019,Dresden,Sachsen,machine learning,Statistics and Data,DataMining,Both AI & ML
2019,Dresden,Sachsen,machine learning,Statistics and Data,DataMining,Both AI & ML
2019,Dresden,Sachsen,machine learning,Statistics and Data,DataMining,Both AI & ML
2019,Dresden,Sachsen,datenanalyse,General,Research,Both AI & ML
2019,Dresden,Sachsen,python,Occupational Attributes,Programming,Both AI & ML
2019,Dresden,Sachsen,pandas,Statistics and Data,Statistics,Both AI & ML
2019,Dresden,Sachsen,implementierung,Decision Making and Analytical,DecisionMaking,Both AI & ML
2019,Dresden,Sachsen,zusammenarbeit,Decision Making and Analytical,Interpersonal,Both AI & ML
2019,Dresden,Sachsen,integration,Occupational Attributes,EnterpriseSystem,Both AI & ML
2019,Dresden,Sachsen,machine learning,Statistics and Data,DataMining,Both AI & ML
2019,Dresden,Sachsen,mathematik,General,Numeracy,Both AI & ML
2019,Dresden,Sachsen,statistik,Statistics and Data,Statistics,Both AI & ML
2019,Dresden,Sachsen,machine learning,Statistics and Data,DataMining,Both AI & ML
2019,Dresden,Sachsen,implementierung,Decision Making and Analytical,DecisionMaking,Both AI & ML
2019,Dresden,Sachsen,python,Occupational Attributes,Programming,Both AI & ML
2019,Dresden,Sachsen,pandas,Statistics and Data,Statistics,Both AI & ML
2019,Dresden,Sachsen,sql,Statistics and Data,StructuredData,Both AI & ML
2019,Dresden,Sachsen,nosql,Statistics and Data,BigData,Both AI & ML
2019,Dresden,Sachsen,big data,Statistics and Data,BigData,Both AI & ML
2019,Dresden,Sachsen,spark,Statistics and Data,BigData,Both AI & ML
2019,Dresden,Sachsen,hadoop,Statistics and Data,BigData,Both AI & ML
2019,Dresden,Sachsen,zusammenarbeit,Decision Making and Analytical,Interpersonal,Both AI & ML
2019,Essen,Nordrhein-Westfalen,datenanalyse,General,Research,Both AI & ML
2019,Essen,Nordrhein-Westfalen,modellierung,Decision Making and Analytical,DecisionMaking,Both AI & ML
2019,Essen,Nordrhein-Westfalen,machine learning,Statistics and Data,DataMining,Both AI & ML
2019,Essen,Nordrhein-Westfalen,datenanalyse,General,Research,Both AI & ML
2019,Essen,Nordrhein-Westfalen,python,Occupational Attributes,Programming,Both AI & ML
2019,Essen,Nordrhein-Westfalen,sql,Statistics and Data,StructuredData,Both AI & ML
2019,Essen,Nordrhein-Westfalen,statistik,Statistics and Data,Statistics,Both AI & ML
2019,Essen,Nordrhein-Westfalen,zusammenarbeit,Decision Making and Analytical,Interpersonal,Both AI & ML
2019,Essen,Nordrhein-Westfalen,integration,Occupational Attributes,EnterpriseSystem,Both AI & ML
2019,Essen,Nordrhein-Westfalen,mathematik,General,Numeracy,Both AI & ML
2019,Essen,Nordrhein-Westfalen,machine learning,Statistics and Data,DataMining,Both AI & ML
2019,Essen,Nordrhein-Westfalen,python,Occupational Attributes,Programming,Both AI & ML
2019,Essen,Nordrhein-Westfalen,sql,Statistics and Data,StructuredData,Both AI & ML
2019,Essen,Nordrhein-Westfalen,pandas,Statistics and Data,Statistics,Both AI & ML
2019,Essen,Nordrhein-Westfalen,machine learning,Statistics and Data,DataMining,Both AI & ML
2019,Essen,Nordrhein-Westfalen,tableau,Occupational Attributes,Visualization,Both AI & ML
2019,Berlin,Berlin,machine learning,Statistics and Data,DataMining,Both AI & ML
2019,Berlin,Berlin,prognose,Statistics and Data,DataMining,Both AI & ML
2019,Berlin,Berlin,datenanalyse,General,Research,Both AI & ML
2019,Berlin,Berlin,python,Occupational Attributes,Programming,Both AI & ML
2019,Berlin,Berlin,sql,Statistics and Data,StructuredData,Both AI & ML
2019,Berlin,Berlin,zusammenarbeit,Decision Making and Analytical,Interpersonal,Both AI & ML
2019,Berlin,Berlin,implementierung,Decision Making and Analytical,DecisionMaking,Both AI & ML
2019,Berlin,Berlin,mathematik,General,Numeracy,Both AI & ML
2019,Berlin,Berlin,statistik,Statistics and Data,Statistics,Both AI & ML
2019,Berlin,Berlin,python,Occupational Attributes,Programming,Both AI & ML
2019,Berlin,Berlin,sql,Statistics and Data,StructuredData,Both AI & ML
2019,Berlin,Berlin,pandas,Statistics and Data,Statistics,Both AI & ML
2019,Düsseldorf,Nordrhein-Westfalen,französisch,General,ForeignLanguage,AI
2019,Düsseldorf,Nordrhein-Westfalen,zusammenarbeit,Decision Making and Analytical,Interpersonal,AI
2019,Düsseldorf,Nordrhein-Westfalen,datenanalyse,General,Research,AI
2019,Düsseldorf,Nordrhein-Westfalen,python,Occupational Attributes,Programming,AI
2019,Hannover,Niedersachsen,datenanalyse,General,Research,Both AI & ML
2019,Hannover,Niedersachsen,machine learning,Statistics and Data,DataMining,Both AI & ML
2019,Hannover,Niedersachsen,vorhersage,Statistics and Data,DataMining,Both AI & ML
2019,Hannover,Niedersachsen,analyse,Decision Making and Analytical,DecisionMaking,Both AI & ML
2019,Hannover,Niedersachsen,python,Occupational Attributes,Programming,Both AI & ML
2019,Hannover,Niedersachsen,sql,Statistics and Data,StructuredData,Both AI & ML
2019,Hannover,Niedersachsen,implementierung,Decision Making and Analytical,DecisionMaking,Both AI & ML
2019,Hannover,Niedersachsen,machine learning,Statistics and Data,DataMining,Both AI & ML
2019,Hannover,Niedersachsen,mathematik,General,Numeracy,Both AI & ML
2019,Hannover,Niedersachsen,statistik,Statistics and Data,Statistics,Both AI & ML
2019,Hannover,Niedersachsen,python,Occupational Attributes,Programming,Both AI & ML
2019,Hannover,Niedersachsen,sql,Statistics and Data,StructuredData,Both AI & ML
2019,Hannover,Niedersachsen,machine learning,Statistics and Data,DataMining,Both AI & ML
2019,Hannover,Niedersachsen,analyse,Decision Making and Analytical,DecisionMaking,Both AI & ML
2019,Hannover,Niedersachsen,pandas,Statistics and Data,Statistics,Both AI & ML
2019,Köln,Nordrhein-Westfalen,machine learning,Statistics and Data,DataMining,Both AI & ML
2019,Köln,Nordrhein-Westfalen,machine learning,Statistics and Data,DataMining,Both AI & ML
2019,Köln,Nordrhein-Westfalen,vorhersage,Statistics and Data,DataMining,Both AI & ML
2019,Köln,Nordrhein-Westfalen,analyse,Decision Making and Analytical,DecisionMaking,Both AI & ML
2019,Köln,Nordrhein-Westfalen,python,Occupational Attributes,Programming,Both AI & ML
2019,Köln,Nordrhein-Westfalen,sql,Statistics and Data,StructuredData,Both AI & ML
2019,Köln,Nordrhein-Westfalen,tableau,Occupational Attributes,Visualization,Both AI & ML
2019,Köln,Nordrhein-Westfalen,mathematik,General,Numeracy,Both AI & ML
2019,Köln,Nordrhein-Westfalen,machine learning,Statistics and Data,DataMining,Both AI & ML
2019,Köln,Nordrhein-Westfalen,python,Occupational Attributes,Programming,Both AI & ML
2019,Köln,Nordrhein-Westfalen,sql,Statistics and Data,StructuredData,Both AI & ML
2019,Köln,Nordrhein-Westfalen,machine learning,Statistics and Data,DataMining,Both AI & ML
2019,Mannheim,Baden-Württemberg,machine learning,Statistics and Data,DataMining,Both AI & ML
2019,Mannheim,Baden-Württemberg,prognose,Statistics and Data,DataMining,Both AI & ML
2019,Mannheim,Baden-Württemberg,analyse,Decision Making and Analytical,DecisionMaking,Both AI & ML
2019,Mannheim,Baden-Württemberg,python,Occupational Attributes,Programming,Both AI & ML
2019,Mannheim,Baden-Württemberg,sql,Statistics and Data,StructuredData,Both AI & ML
2019,Mannheim,Baden-Württemberg,implementierung,Decision Making and Analytical,DecisionMaking,Both AI & ML
2019,Mannheim,Baden-Württemberg,machine learning,Statistics and Data,DataMining,Both AI & ML
2019,Mannheim,Baden-Württemberg,mathematik,General,Numeracy,Both AI & ML
2019,Mannheim,Baden-Württemberg,python,Occupational Attributes,Programming,Both AI & ML
2019,Mannheim,Baden-Württemberg,pandas,Statistics and Data,Statistics,Both AI & ML
2019,Mannheim,Baden-Württemberg,sql,Statistics and Data,StructuredData,Both AI & ML
2019,Mannheim,Baden-Württemberg,datenextraktion,Occupational Attributes,Scraping,Both AI & ML
2019,Stuttgart,Baden-Württemberg,machine learning,Statistics and Data,DataMining,Both AI & ML
2019,Stuttgart,Baden-Württemberg,implementierung,Decision Making and Analytical,DecisionMaking,Both AI & ML
2019,Stuttgart,Baden-Württemberg,machine learning,Statistics and Data,DataMining,Both AI & ML
2019,Stuttgart,Baden-Württemberg,vorhersage,Statistics and Data,DataMining,Both AI & ML
2019,Stuttgart,Baden-Württemberg,analyse,Decision Making and Analytical,DecisionMaking,Both AI & ML
2019,Stuttgart,Baden-Württemberg,python,Occupational Attributes,Programming,Both AI & ML
2019,Stuttgart,Baden-Württemberg,sql,Statistics and Data,StructuredData,Both AI & ML
2019,Stuttgart,Baden-Württemberg,präsentation,Communication,Presentation,Both AI & ML
2019,Stuttgart,Baden-Württemberg,mathematik,General,Numeracy,Both AI & ML
2019,Stuttgart,Baden-Württemberg,statistik,Statistics and Data,Statistics,Both AI & ML
2019,Stuttgart,Baden-Württemberg,python,Occupational Attributes,Programming,Both AI & ML
2019,Stuttgart,Baden-Württemberg,sql,Statistics and Data,StructuredData,Both AI & ML
2019,Stuttgart,Baden-Württemberg,pandas,Statistics and Data,Statistics,Both AI & ML
2019,Stuttgart,Baden-Württemberg,machine learning,Statistics and Data,DataMining,Both AI & ML
2019,Düsseldorf,Nordrhein-Westfalen,implementierung,Decision Making and Analytical,DecisionMaking,Both AI & ML
2019,Düsseldorf,Nordrhein-Westfalen,analyse,Decision Making and Analytical,DecisionMaking,Both AI & ML
2019,Düsseldorf,Nordrhein-Westfalen,python,Occupational Attributes,Programming,Both AI & ML
2019,Düsseldorf,Nordrhein-Westfalen,sql,Statistics and Data,StructuredData,Both AI & ML
2019,Düsseldorf,Nordrhein-Westfalen,zusammenarbeit,Decision Making and Analytical,Interpersonal,Both AI & ML
2019,Düsseldorf,Nordrhein-Westfalen,kommunikation,Decision Making and Analytical,MSOffice,Both AI & ML
2019,Düsseldorf,Nordrhein-Westfalen,mathematik,General,Numeracy,Both AI & ML
2019,Düsseldorf,Nordrhein-Westfalen,statistik,Statistics and Data,Statistics,Both AI & ML
2019,Düsseldorf,Nordrhein-Westfalen,pandas,Statistics and Data,Statistics,Both AI & ML
2019,Düsseldorf,Nordrhein-Westfalen,modellierung,Decision Making and Analytical,DecisionMaking,Both AI & ML
2019,Düsseldorf,Nordrhein-Westfalen,präsentation,Communication,Presentation,Both AI & ML
2019,Düsseldorf,Nordrhein-Westfalen,verantwortlich,Communication,Generic,AI
2019,Düsseldorf,Nordrhein-Westfalen,sap,Occupational Attributes,EnterpriseSystem,AI
2019,Düsseldorf,Nordrhein-Westfalen,implementierung,Decision Making and Analytical,DecisionMaking,AI
2019,Düsseldorf,Nordrhein-Westfalen,integration,Occupational Attributes,EnterpriseSystem,AI
2019,Düsseldorf,Nordrhein-Westfalen,zusammenarbeit,Decision Making and Analytical,Interpersonal,AI
2019,Düsseldorf,Nordrhein-Westfalen,sap,Occupational Attributes,EnterpriseSystem,AI
2019,Düsseldorf,Nordrhein-Westfalen,aws,Cloud Platforms,AWS,AI
2019,Düsseldorf,Nordrhein-Westfalen,azure,Cloud Platforms,Azure,AI
2019,Düsseldorf,Nordrhein-Westfalen,sql,Statistics and Data,StructuredData,AI
2019,Düsseldorf,Nordrhein-Westfalen,nosql,Statistics and Data,BigData,AI
2019,Düsseldorf,Nordrhein-Westfalen,sap,Occupational Attributes,EnterpriseSystem,AI
2019,Hannover,Niedersachsen,verantwortlich,Communication,Generic,Both AI & ML
2019,Hannover,Niedersachsen,analyse,Decision Making and Analytical,DecisionMaking,Both AI & ML
2019,Hannover,Niedersachsen,machine learning,Statistics and Data,DataMining,Both AI & ML
2019,Hannover,Niedersachsen,analyse,Decision Making and Analytical,DecisionMaking,Both AI & ML
2019,Hannover,Niedersachsen,python,Occupational Attributes,Programming,Both AI & ML
2019,Hannover,Niedersachsen,sql,Statistics and Data,StructuredData,Both AI & ML
2019,Hannover,Niedersachsen,machine learning,Statistics and Data,DataMining,Both AI & ML
2019,Hannover,Niedersachsen,zusammenarbeit,Decision Making and Analytical,Interpersonal,Both AI & ML
2019,Hannover,Niedersachsen,implementierung,Decision Making and Analytical,DecisionMaking,Both AI & ML
2019,Hannover,Niedersachsen,mathematik,General,Numeracy,Both AI & ML
2019,Hannover,Niedersachsen,statistik,Statistics and Data,Statistics,Both AI & ML
2019,Hannover,Niedersachsen,datenanalyse,General,Research,Both AI & ML
2019,Hannover,Niedersachsen,pandas,Statistics and Data,Statistics,Both AI & ML
2019,Hannover,Niedersachsen,machine learning,Statistics and Data,DataMining,Both AI & ML
2019,Hannover,Niedersachsen,sql,Statistics and Data,StructuredData,Both AI & ML
2019,Hannover,Niedersachsen,datenextraktion,Occupational Attributes,Scraping,Both AI & ML
2019,Berlin,Berlin,machine learning,Statistics and Data,DataMining,Both AI & ML
2019,Berlin,Berlin,datenanalyse,General,Research,Both AI & ML
2019,Berlin,Berlin,implementierung,Decision Making and Analytical,DecisionMaking,Both AI & ML
2019,Berlin,Berlin,machine learning,Statistics and Data,DataMining,Both AI & ML
2019,Berlin,Berlin,analyse,Decision Making and Analytical,DecisionMaking,Both AI & ML
2019,Berlin,Berlin,python,Occupational Attributes,Programming,Both AI & ML
2019,Berlin,Berlin,sql,Statistics and Data,StructuredData,Both AI & ML
2019,Berlin,Berlin,mathematik,General,Numeracy,Both AI & ML
2019,Berlin,Berlin,python,Occupational Attributes,Programming,Both AI & ML
2019,Berlin,Berlin,pandas,Statistics and Data,Statistics,Both AI & ML
2019,Berlin,Berlin,sql,Statistics and Data,StructuredData,Both AI & ML
2019,Berlin,Berlin,machine learning,Statistics and Data,DataMining,Both AI & ML
2019,Köln,Nordrhein-Westfalen,machine learning,Statistics and Data,DataMining,Both AI & ML
2019,Köln,Nordrhein-Westfalen,analyse,Decision Making and Analytical,DecisionMaking,Both AI & ML
2019,Köln,Nordrhein-Westfalen,python,Occupational Attributes,Programming,Both AI & ML
2019,Köln,Nordrhein-Westfalen,sql,Statistics and Data,StructuredData,Both AI & ML
2019,Köln,Nordrhein-Westfalen,prognose,Statistics and Data,DataMining,Both AI & ML
2019,Köln,Nordrhein-Westfalen,zusammenarbeit,Decision Making and Analytical,Interpersonal,Both AI & ML
2019,Köln,Nordrhein-Westfalen,implementierung,Decision Making and Analytical,DecisionMaking,Both AI & ML
2019,Köln,Nordrhein-Westfalen,pandas,Statistics and Data,Statistics,Both AI & ML
2019,Köln,Nordrhein-Westfalen,mathematik,General,Numeracy,Both AI & ML
2019,Köln,Nordrhein-Westfalen,statistik,Statistics and Data,Statistics,Both AI & ML
2019,Köln,Nordrhein-Westfalen,python,Occupational Attributes,Programming,Both AI & ML
2019,Köln,Nordrhein-Westfalen,sql,Statistics and Data,StructuredData,Both AI & ML
2019,Köln,Nordrhein-Westfalen,machine learning,Statistics and Data,DataMining,Both AI & ML
2019,Köln,Nordrhein-Westfalen,big data,Statistics and Data,BigData,Both AI & ML
2019,Köln,Nordrhein-Westfalen,spark,Statistics and Data,BigData,Both AI & ML
2019,Köln,Nordrhein-Westfalen,hadoop,Statistics and Data,BigData,Both AI & ML
2019,Köln,Nordrhein-Westfalen,aws,Cloud Platforms,AWS,Both AI & ML
2019,Köln,Nordrhein-Westfalen,azure,Cloud Platforms,Azure,Both AI & ML
2019,Essen,Nordrhein-Westfalen,verantwortlich,Communication,Generic,Both AI & ML
2019,Essen,Nordrhein-Westfalen,analyse,Decision Making and Analytical,DecisionMaking,Both AI & ML
2019,Essen,Nordrhein-Westfalen,machine learning,Statistics and Data,DataMining,Both AI & ML
2019,Essen,Nordrhein-Westfalen,implementierung,Decision Making and Analytical,DecisionMaking,Both AI & ML
2019,Essen,Nordrhein-Westfalen,machine learning,Statistics and Data,DataMining,Both AI & ML
2019,Essen,Nordrhein-Westfalen,datenanalyse,General,Research,Both AI & ML
2019,Essen,Nordrhein-Westfalen,pandas,Statistics and Data,Statistics,Both AI & ML
2019,Essen,Nordrhein-Westfalen,zusammenarbeit,Decision Making and Analytical,Interpersonal,Both AI & ML
2019,Essen,Nordrhein-Westfalen,integration,Occupational Attributes,EnterpriseSystem,Both AI & ML
2019,Essen,Nordrhein-Westfalen,mathematik,General,Numeracy,Both AI & ML
2019,Essen,Nordrhein-Westfalen,machine learning,Statistics and Data,DataMining,Both AI & ML
2019,Essen,Nordrhein-Westfalen,python,Occupational Attributes,Programming,Both AI & ML
2019,Essen,Nordrhein-Westfalen,sql,Statistics and Data,StructuredData,Both AI & ML
2019,Essen,Nordrhein-Westfalen,big data,Statistics and Data,BigData,Both AI & ML
2019,Essen,Nordrhein-Westfalen,spark,Statistics and Data,BigData,Both AI & ML
2019,Essen,Nordrhein-Westfalen,hadoop,Statistics and Data,BigData,Both AI & ML
2019,Essen,Nordrhein-Westfalen,aws,Cloud Platforms,AWS,Both AI & ML
2019,Essen,Nordrhein-Westfalen,azure,Cloud Platforms,Azure,Both AI & ML
2019,Münster,Nordrhein-Westfalen,verantwortlich,Communication,Generic,Both AI & ML
2019,Münster,Nordrhein-Westfalen,analyse,Decision Making and Analytical,DecisionMaking,Both AI & ML
2019,Münster,Nordrhein-Westfalen,machine learning,Statistics and Data,DataMining,Both AI & ML
2019,Münster,Nordrhein-Westfalen,implementierung,Decision Making and Analytical,DecisionMaking,Both AI & ML
2019,Münster,Nordrhein-Westfalen,analyse,Decision Making and Analytical,DecisionMaking,Both AI & ML
2019,Münster,Nordrhein-Westfalen,python,Occupational Attributes,Programming,Both AI & ML
2019,Münster,Nordrhein-Westfalen,sql,Statistics and Data,StructuredData,Both AI & ML
2019,Münster,Nordrhein-Westfalen,präsentation,Communication,Presentation,Both AI & ML
2019,Münster,Nordrhein-Westfalen,mathematik,General,Numeracy,Both AI & ML
2019,Münster,Nordrhein-Westfalen,statistik,Statistics and Data,Statistics,Both AI & ML
2019,Münster,Nordrhein-Westfalen,python,Occupational Attributes,Programming,Both AI & ML
2019,Münster,Nordrhein-Westfalen,sql,Statistics and Data,StructuredData,Both AI & ML
2019,Münster,Nordrhein-Westfalen,machine learning,Statistics and Data,DataMining,Both AI & ML
2019,Münster,Nordrhein-Westfalen,analyse,Decision Making and Analytical,DecisionMaking,Both AI & ML
2019,Münster,Nordrhein-Westfalen,zusammenarbeit,Decision Making and Analytical,Interpersonal,Both AI & ML
2019,Bielefeld,Nordrhein-Westfalen,implementierung,Decision Making and Analytical,DecisionMaking,Both AI & ML
2019,Bielefeld,Nordrhein-Westfalen,analyse,Decision Making and Analytical,DecisionMaking,Both AI & ML
2019,Bielefeld,Nordrhein-Westfalen,integration,Occupational Attributes,EnterpriseSystem,Both AI & ML
2019,Bielefeld,Nordrhein-Westfalen,machine learning,Statistics and Data,DataMining,Both AI & ML
2019,Bielefeld,Nordrhein-Westfalen,datenanalyse,General,Research,Both AI & ML
2019,Bielefeld,Nordrhein-Westfalen,python,Occupational Attributes,Programming,Both AI & ML
2019,Bielefeld,Nordrhein-Westfalen,pandas,Statistics and Data,Statistics,Both AI & ML
2019,Bielefeld,Nordrhein-Westfalen,sql,Statistics and Data,StructuredData,Both AI & ML
2019,Bielefeld,Nordrhein-Westfalen,mathematik,General,Numeracy,Both AI & ML
2019,Bielefeld,Nordrhein-Westfalen,machine learning,Statistics and Data,DataMining,Both AI & ML
2019,Bielefeld,Nordrhein-Westfalen,python,Occupational Attributes,Programming,Both AI & ML
2019,Bielefeld,Nordrhein-Westfalen,sql,Statistics and Data,StructuredData,Both AI & ML
2019,Bielefeld,Nordrhein-Westfalen,datenanalyse,General,Research,Both AI & ML
2019,Bielefeld,Nordrhein-Westfalen,pandas,Statistics and Data,Statistics,Both AI & ML
2019,Bielefeld,Nordrhein-Westfalen,machine learning,Statistics and Data,DataMining,Both AI & ML
2019,Köln,Nordrhein-Westfalen,analyse,Decision Making and Analytical,DecisionMaking,Both AI & ML
2019,Köln,Nordrhein-Westfalen,python,Occupational Attributes,Programming,Both AI & ML
2019,Köln,Nordrhein-Westfalen,sql,Statistics and Data,StructuredData,Both AI & ML
2019,Köln,Nordrhein-Westfalen,zusammenarbeit,Decision Making and Analytical,Interpersonal,Both AI & ML
2019,Köln,Nordrhein-Westfalen,implementierung,Decision Making and Analytical,DecisionMaking,Both AI & ML
2019,Köln,Nordrhein-Westfalen,mathematik,General,Numeracy,Both AI & ML
2019,Köln,Nordrhein-Westfalen,statistik,Statistics and Data,Statistics,Both AI & ML
2019,Köln,Nordrhein-Westfalen,python,Occupational Attributes,Programming,Both AI & ML
2019,Köln,Nordrhein-Westfalen,sql,Statistics and Data,StructuredData,Both AI & ML
2019,Köln,Nordrhein-Westfalen,pandas,Statistics and Data,Statistics,Both AI & ML
2019,Köln,Nordrhein-Westfalen,datenanalyse,General,Research,Both AI & ML
2019,Köln,Nordrhein-Westfalen,deutsch,General,ForeignLanguage,Both AI & ML
2019,Köln,Nordrhein-Westfalen,englisch,General,ForeignLanguage,Both AI & ML
2019,Freiburg im Breisgau,Baden-Württemberg,analyse,Decision Making and Analytical,DecisionMaking,Both AI & ML
2019,Freiburg im Breisgau,Baden-Württemberg,machine learning,Statistics and Data,DataMining,Both AI & ML
2019,Freiburg im Breisgau,Baden-Württemberg,implementierung,Decision Making and Analytical,DecisionMaking,Both AI & ML
2019,Freiburg im Breisgau,Baden-Württemberg,machine learning,Statistics and Data,DataMining,Both AI & ML
2019,Freiburg im Breisgau,Baden-Württemberg,datenanalyse,General,Research,Both AI & ML
2019,Freiburg im Breisgau,Baden-Württemberg,python,Occupational Attributes,Programming,Both AI & ML
2019,Freiburg im Breisgau,Baden-Württemberg,sql,Statistics and Data,StructuredData,Both AI & ML
2019,Freiburg im Breisgau,Baden-Württemberg,mathematik,General,Numeracy,Both AI & ML
2019,Freiburg im Breisgau,Baden-Württemberg,programmierung,Occupational Attributes,Programming,Both AI & ML
2019,Freiburg im Breisgau,Baden-Württemberg,python,Occupational Attributes,Programming,Both AI & ML
2019,Freiburg im Breisgau,Baden-Württemberg,sql,Statistics and Data,StructuredData,Both AI & ML
2019,Freiburg im Breisgau,Baden-Württemberg,machine learning,Statistics and Data,DataMining,Both AI & ML
2019,Freiburg im Breisgau,Baden-Württemberg,datenanalyse,General,Research,Both AI & ML
2019,Freiburg im Breisgau,Baden-Württemberg,pandas,Statistics and Data,Statistics,Both AI & ML
2019,Münster,Nordrhein-Westfalen,analyse,Decision Making and Analytical,DecisionMaking,Both AI & ML
2019,Münster,Nordrhein-Westfalen,analyse,Decision Making and Analytical,DecisionMaking,Both AI & ML
2019,Münster,Nordrhein-Westfalen,implementierung,Decision Making and Analytical,DecisionMaking,Both AI & ML
2019,Münster,Nordrhein-Westfalen,analyse,Decision Making and Analytical,DecisionMaking,Both AI & ML
2019,Münster,Nordrhein-Westfalen,python,Occupational Attributes,Programming,Both AI & ML
2019,Münster,Nordrhein-Westfalen,sql,Statistics and Data,StructuredData,Both AI & ML
2019,Münster,Nordrhein-Westfalen,pandas,Statistics and Data,Statistics,Both AI & ML
2019,Münster,Nordrhein-Westfalen,mathematik,General,Numeracy,Both AI & ML
2019,Münster,Nordrhein-Westfalen,statistik,Statistics and Data,Statistics,Both AI & ML
2019,Münster,Nordrhein-Westfalen,machine learning,Statistics and Data,DataMining,Both AI & ML
2019,Münster,Nordrhein-Westfalen,python,Occupational Attributes,Programming,Both AI & ML
2019,Münster,Nordrhein-Westfalen,sql,Statistics and Data,StructuredData,Both AI & ML
2019,Münster,Nordrhein-Westfalen,analyse,Decision Making and Analytical,DecisionMaking,Both AI & ML
2019,Münster,Nordrhein-Westfalen,analyse,Decision Making and Analytical,DecisionMaking,Both AI & ML
2019,Münster,Nordrhein-Westfalen,zusammenarbeit,Decision Making and Analytical,Interpersonal,Both AI & ML
2019,Münster,Nordrhein-Westfalen,implementierung,Decision Making and Analytical,DecisionMaking,Both AI & ML
2019,Münster,Nordrhein-Westfalen,python,Occupational Attributes,Programming,Both AI & ML
2019,Münster,Nordrhein-Westfalen,sql,Statistics and Data,StructuredData,Both AI & ML
2019,Münster,Nordrhein-Westfalen,pandas,Statistics and Data,Statistics,Both AI & ML
2019,Münster,Nordrhein-Westfalen,machine learning,Statistics and Data,DataMining,Both AI & ML
2019,Köln,Nordrhein-Westfalen,machine learning,Statistics and Data,DataMining,Both AI & ML
2019,Köln,Nordrhein-Westfalen,analyse,Decision Making and Analytical,DecisionMaking,Both AI & ML
2019,Köln,Nordrhein-Westfalen,python,Occupational Attributes,Programming,Both AI & ML
2019,Köln,Nordrhein-Westfalen,sql,Statistics and Data,StructuredData,Both AI & ML
2019,Köln,Nordrhein-Westfalen,zusammenarbeit,Decision Making and Analytical,Interpersonal,Both AI & ML
2019,Köln,Nordrhein-Westfalen,implementierung,Decision Making and Analytical,DecisionMaking,Both AI & ML
2019,Köln,Nordrhein-Westfalen,mathematik,General,Numeracy,Both AI & ML
2019,Köln,Nordrhein-Westfalen,statistik,Statistics and Data,Statistics,Both AI & ML
2019,Köln,Nordrhein-Westfalen,python,Occupational Attributes,Programming,Both AI & ML
2019,Köln,Nordrhein-Westfalen,sql,Statistics and Data,StructuredData,Both AI & ML
2019,Köln,Nordrhein-Westfalen,machine learning,Statistics and Data,DataMining,Both AI & ML
2019,Köln,Nordrhein-Westfalen,pandas,Statistics and Data,Statistics,Both AI & ML
2019,Köln,Nordrhein-Westfalen,big data,Statistics and Data,BigData,Both AI & ML
2019,Köln,Nordrhein-Westfalen,spark,Statistics and Data,BigData,Both AI & ML
2019,Köln,Nordrhein-Westfalen,hadoop,Statistics and Data,BigData,Both AI & ML
2019,Köln,Nordrhein-Westfalen,deutsch,General,ForeignLanguage,Both AI & ML
2019,Leipzig,Sachsen,verantwortlich,Communication,Generic,Both AI & ML
2019,Leipzig,Sachsen,machine learning,Statistics and Data,DataMining,Both AI & ML
2019,Leipzig,Sachsen,analyse,Decision Making and Analytical,DecisionMaking,Both AI & ML
2019,Leipzig,Sachsen,vorhersage,Statistics and Data,DataMining,Both AI & ML
2019,Leipzig,Sachsen,implementierung,Decision Making and Analytical,DecisionMaking,Both AI & ML
2019,Leipzig,Sachsen,machine learning,Statistics and Data,DataMining,Both AI & ML
2019,Leipzig,Sachsen,prognose,Statistics and Data,DataMining,Both AI & ML
2019,Leipzig,Sachsen,datenanalyse,General,Research,Both AI & ML
2019,Leipzig,Sachsen,python,Occupational Attributes,Programming,Both AI & ML
2019,Leipzig,Sachsen,pandas,Statistics and Data,Statistics,Both AI & ML
2019,Leipzig,Sachsen,zusammenarbeit,Decision Making and Analytical,Interpersonal,Both AI & ML
2019,Leipzig,Sachsen,machine learning,Statistics and Data,DataMining,Both AI & ML
2019,Leipzig,Sachsen,python,Occupational Attributes,Programming,Both AI & ML
2019,Leipzig,Sachsen,datenanalyse,General,Research,Both AI & ML
2019,Leipzig,Sachsen,pandas,Statistics and Data,Statistics,Both AI & ML
2019,Köln,Nordrhein-Westfalen,verantwortlich,Communication,Generic,AI
2019,Köln,Nordrhein-Westfalen,zusammenarbeit,Decision Making and Analytical,Interpersonal,AI
2019,Köln,Nordrhein-Westfalen,crm,Occupational Attributes,EnterpriseSystem,AI
2019,Düsseldorf,Nordrhein-Westfalen,machine learning,Statistics and Data,DataMining,Both AI & ML
2019,Düsseldorf,Nordrhein-Westfalen,machine learning,Statistics and Data,DataMining,Both AI & ML
2019,Düsseldorf,Nordrhein-Westfalen,prognose,Statistics and Data,DataMining,Both AI & ML
2019,Düsseldorf,Nordrhein-Westfalen,analyse,Decision Making and Analytical,DecisionMaking,Both AI & ML
2019,Düsseldorf,Nordrhein-Westfalen,python,Occupational Attributes,Programming,Both AI & ML
2019,Düsseldorf,Nordrhein-Westfalen,sql,Statistics and Data,StructuredData,Both AI & ML
2019,Düsseldorf,Nordrhein-Westfalen,implementierung,Decision Making and Analytical,DecisionMaking,Both AI & ML
2019,Düsseldorf,Nordrhein-Westfalen,zusammenarbeit,Decision Making and Analytical,Interpersonal,Both AI & ML
2019,Düsseldorf,Nordrhein-Westfalen,integration,Occupational Attributes,EnterpriseSystem,Both AI & ML
2019,Düsseldorf,Nordrhein-Westfalen,mathematik,General,Numeracy,Both AI & ML
2019,Düsseldorf,Nordrhein-Westfalen,statistik,Statistics and Data,Statistics,Both AI & ML
2019,Düsseldorf,Nordrhein-Westfalen,python,Occupational Attributes,Programming,Both AI & ML
2019,Düsseldorf,Nordrhein-Westfalen,sql,Statistics and Data,StructuredData,Both AI & ML
2019,Düsseldorf,Nordrhein-Westfalen,machine learning,Statistics and Data,DataMining,Both AI & ML
2019,Düsseldorf,Nordrhein-Westfalen,nlp,Specialized ML,NLP,Both AI & ML
2019,Düsseldorf,Nordrhein-Westfalen,analyse,Decision Making and Analytical,DecisionMaking,Both AI & ML
2019,Köln,Nordrhein-Westfalen,datenanalyse,General,Research,Both AI & ML
2019,Köln,Nordrhein-Westfalen,implementierung,Decision Making and Analytical,DecisionMaking,Both AI & ML
2019,Köln,Nordrhein-Westfalen,machine learning,Statistics and Data,DataMining,Both AI & ML
2019,Köln,Nordrhein-Westfalen,dokumentation,Decision Making and Analytical,MSOffice,Both AI & ML
2019,Köln,Nordrhein-Westfalen,präsentation,Communication,Presentation,Both AI & ML
2019,Köln,Nordrhein-Westfalen,python,Occupational Attributes,Programming,Both AI & ML
2019,Köln,Nordrhein-Westfalen,machine learning,Statistics and Data,DataMining,Both AI & ML
2019,Frankfurt am Main,Hessen,analyse,Decision Making and Analytical,DecisionMaking,Both AI & ML
2019,Frankfurt am Main,Hessen,planung,Data Engineering,Orchestration,Both AI & ML
2019,Frankfurt am Main,Hessen,machine learning,Statistics and Data,DataMining,Both AI & ML
2019,Frankfurt am Main,Hessen,datenanalyse,General,Research,Both AI & ML
2019,Frankfurt am Main,Hessen,python,Occupational Attributes,Programming,Both AI & ML
2019,Frankfurt am Main,Hessen,sql,Statistics and Data,StructuredData,Both AI & ML
2019,Frankfurt am Main,Hessen,zusammenarbeit,Decision Making and Analytical,Interpersonal,Both AI & ML
2019,Frankfurt am Main,Hessen,mathematik,General,Numeracy,Both AI & ML
2019,Frankfurt am Main,Hessen,statistik,Statistics and Data,Statistics,Both AI & ML
2019,Frankfurt am Main,Hessen,machine learning,Statistics and Data,DataMining,Both AI & ML
2019,Frankfurt am Main,Hessen,python,Occupational Attributes,Programming,Both AI & ML
2019,Frankfurt am Main,Hessen,sql,Statistics and Data,StructuredData,Both AI & ML
2019,Frankfurt am Main,Hessen,pandas,Statistics and Data,Statistics,Both AI & ML
2019,München,Bayern,datenanalyse,General,Research,AI
2019,München,Bayern,excel,Decision Making and Analytical,MSOffice,AI
2019,Braunschweig,Niedersachsen,datenanalyse,General,Research,Both AI & ML
2019,Braunschweig,Niedersachsen,implementierung,Decision Making and Analytical,DecisionMaking,Both AI & ML
2019,Braunschweig,Niedersachsen,analyse,Decision Making and Analytical,DecisionMaking,Both AI & ML
2019,Braunschweig,Niedersachsen,python,Occupational Attributes,Programming,Both AI & ML
2019,Braunschweig,Niedersachsen,sql,Statistics and Data,StructuredData,Both AI & ML
2019,Braunschweig,Niedersachsen,machine learning,Statistics and Data,DataMining,Both AI & ML
2019,Braunschweig,Niedersachsen,zusammenarbeit,Decision Making and Analytical,Interpersonal,Both AI & ML
2019,Braunschweig,Niedersachsen,integration,Occupational Attributes,EnterpriseSystem,Both AI & ML
2019,Braunschweig,Niedersachsen,mathematik,General,Numeracy,Both AI & ML
2019,Braunschweig,Niedersachsen,programmierung,Occupational Attributes,Programming,Both AI & ML
2019,Braunschweig,Niedersachsen,python,Occupational Attributes,Programming,Both AI & ML
2019,Braunschweig,Niedersachsen,sql,Statistics and Data,StructuredData,Both AI & ML
2019,Braunschweig,Niedersachsen,machine learning,Statistics and Data,DataMining,Both AI & ML
2019,München,Bayern,machine learning,Statistics and Data,DataMining,Both AI & ML
2019,München,Bayern,machine learning,Statistics and Data,DataMining,Both AI & ML
2019,München,Bayern,analyse,Decision Making and Analytical,DecisionMaking,Both AI & ML
2019,München,Bayern,python,Occupational Attributes,Programming,Both AI & ML
2019,München,Bayern,sql,Statistics and Data,StructuredData,Both AI & ML
2019,München,Bayern,vorhersage,Statistics and Data,DataMining,Both AI & ML
2019,München,Bayern,zusammenarbeit,Decision Making and Analytical,Interpersonal,Both AI & ML
2019,München,Bayern,implementierung,Decision Making and Analytical,DecisionMaking,Both AI & ML
2019,München,Bayern,mathematik,General,Numeracy,Both AI & ML
2019,München,Bayern,python,Occupational Attributes,Programming,Both AI & ML
2019,München,Bayern,pandas,Statistics and Data,Statistics,Both AI & ML
2019,München,Bayern,statistik,Statistics and Data,Statistics,Both AI & ML
2019,München,Bayern,modellbewertung,Generative AI,EvaluationMonitoring,Both AI & ML
2019,München,Bayern,deutsch,General,ForeignLanguage,Both AI & ML
2019,Köln,Nordrhein-Westfalen,analyse,Decision Making and Analytical,DecisionMaking,Both AI & ML
2019,Köln,Nordrhein-Westfalen,implementierung,Decision Making and Analytical,DecisionMaking,Both AI & ML
2019,Köln,Nordrhein-Westfalen,analyse,Decision Making and Analytical,DecisionMaking,Both AI & ML
2019,Köln,Nordrhein-Westfalen,python,Occupational Attributes,Programming,Both AI & ML
2019,Köln,Nordrhein-Westfalen,sql,Statistics and Data,StructuredData,Both AI & ML
2019,Köln,Nordrhein-Westfalen,mathematik,General,Numeracy,Both AI & ML
2019,Köln,Nordrhein-Westfalen,statistik,Statistics and Data,Statistics,Both AI & ML
2019,Köln,Nordrhein-Westfalen,python,Occupational Attributes,Programming,Both AI & ML
2019,Köln,Nordrhein-Westfalen,sql,Statistics and Data,StructuredData,Both AI & ML
2019,Köln,Nordrhein-Westfalen,machine learning,Statistics and Data,DataMining,Both AI & ML
2019,Köln,Nordrhein-Westfalen,pandas,Statistics and Data,Statistics,Both AI & ML
2019,Köln,Nordrhein-Westfalen,big data,Statistics and Data,BigData,Both AI & ML
2019,Köln,Nordrhein-Westfalen,spark,Statistics and Data,BigData,Both AI & ML
2019,Köln,Nordrhein-Westfalen,hadoop,Statistics and Data,BigData,Both AI & ML
2019,Köln,Nordrhein-Westfalen,implementierung,Decision Making and Analytical,DecisionMaking,ML
2019,Köln,Nordrhein-Westfalen,dokumentation,Decision Making and Analytical,MSOffice,ML
2019,Köln,Nordrhein-Westfalen,deutsch,General,ForeignLanguage,ML
2019,Köln,Nordrhein-Westfalen,englisch,General,ForeignLanguage,ML
2019,Düsseldorf,Nordrhein-Westfalen,big data,Statistics and Data,BigData,Both AI & ML
2019,Düsseldorf,Nordrhein-Westfalen,datenanalyse,General,Research,Both AI & ML
2019,Düsseldorf,Nordrhein-Westfalen,modellierung,Decision Making and Analytical,DecisionMaking,Both AI & ML
2019,Düsseldorf,Nordrhein-Westfalen,analyse,Decision Making and Analytical,DecisionMaking,Both AI & ML
2019,Düsseldorf,Nordrhein-Westfalen,pandas,Statistics and Data,Statistics,Both AI & ML
2019,Düsseldorf,Nordrhein-Westfalen,implementierung,Decision Making and Analytical,DecisionMaking,Both AI & ML
2019,Düsseldorf,Nordrhein-Westfalen,machine learning,Statistics and Data,DataMining,Both AI & ML
2019,Düsseldorf,Nordrhein-Westfalen,präsentation,Communication,Presentation,Both AI & ML
2019,Düsseldorf,Nordrhein-Westfalen,mathematik,General,Numeracy,Both AI & ML
2019,Düsseldorf,Nordrhein-Westfalen,statistik,Statistics and Data,Statistics,Both AI & ML
2019,Düsseldorf,Nordrhein-Westfalen,python,Occupational Attributes,Programming,Both AI & ML
2019,Düsseldorf,Nordrhein-Westfalen,sql,Statistics and Data,StructuredData,Both AI & ML
2019,Düsseldorf,Nordrhein-Westfalen,machine learning,Statistics and Data,DataMining,Both AI & ML
2019,Frankfurt am Main,Hessen,analyse,Decision Making and Analytical,DecisionMaking,Both AI & ML
2019,Frankfurt am Main,Hessen,sap,Occupational Attributes,EnterpriseSystem,Both AI & ML
2019,Frankfurt am Main,Hessen,excel,Decision Making and Analytical,MSOffice,Both AI & ML
2019,Frankfurt am Main,Hessen,kommunikation,Decision Making and Analytical,MSOffice,Both AI & ML
2019,Frankfurt am Main,Hessen,c #,Occupational Attributes,Programming,Both AI & ML
2019,Frankfurt am Main,Hessen,excel,Decision Making and Analytical,MSOffice,Both AI & ML
2019,Frankfurt am Main,Hessen,sql,Statistics and Data,StructuredData,Both AI & ML
2019,Frankfurt am Main,Hessen,server,Occupational Attributes,Hardware,Both AI & ML
2019,Frankfurt am Main,Hessen,integration,Occupational Attributes,EnterpriseSystem,Both AI & ML
2019,Frankfurt am Main,Hessen,analysis,Decision Making and Analytical,DecisionMaking,Both AI & ML
2019,Frankfurt am Main,Hessen,sap,Occupational Attributes,EnterpriseSystem,Both AI & ML
2019,Frankfurt am Main,Hessen,programmierung,Occupational Attributes,Programming,ML
2019,Frankfurt am Main,Hessen,big data,Statistics and Data,BigData,ML
2019,Frankfurt am Main,Hessen,mathematik,General,Numeracy,ML
2019,Frankfurt am Main,Hessen,deutsch,General,ForeignLanguage,ML
2019,Frankfurt am Main,Hessen,implementierung,Decision Making and Analytical,DecisionMaking,ML
2019,Frankfurt am Main,Hessen,analyse,Decision Making and Analytical,DecisionMaking,ML
2019,Frankfurt am Main,Hessen,zusammenarbeit,Decision Making and Analytical,Interpersonal,ML
2019,Frankfurt am Main,Hessen,integration,Occupational Attributes,EnterpriseSystem,ML
2019,Frankfurt am Main,Hessen,mathematik,General,Numeracy,ML
2019,Frankfurt am Main,Hessen,python,Occupational Attributes,Programming,ML
2019,Frankfurt am Main,Hessen,analyse,Decision Making and Analytical,DecisionMaking,ML
2019,Frankfurt am Main,Hessen,pandas,Statistics and Data,Statistics,ML
2019,München,Bayern,implementierung,Decision Making and Analytical,DecisionMaking,Both AI & ML
2019,München,Bayern,analyse,Decision Making and Analytical,DecisionMaking,Both AI & ML
2019,München,Bayern,python,Occupational Attributes,Programming,Both AI & ML
2019,München,Bayern,pandas,Statistics and Data,Statistics,Both AI & ML
2019,München,Bayern,machine learning,Statistics and Data,DataMining,Both AI & ML
2019,München,Bayern,mathematik,General,Numeracy,Both AI & ML
2019,München,Bayern,python,Occupational Attributes,Programming,Both AI & ML
2019,München,Bayern,machine learning,Statistics and Data,DataMining,Both AI & ML
2019,München,Bayern,statistik,Statistics and Data,Statistics,Both AI & ML
2019,München,Bayern,datenanalyse,General,Research,Both AI & ML
2019,Bietigheim-Bissingen,Baden-Württemberg,machine learning,Statistics and Data,DataMining,ML
2019,Bietigheim-Bissingen,Baden-Württemberg,forecasting,Statistics and Data,DataMining,ML
2019,Bietigheim-Bissingen,Baden-Württemberg,splunk,Statistics and Data,Statistics,ML
2019,Bietigheim-Bissingen,Baden-Württemberg,projektmanagement,Occupational Attributes,ProjectManagement,ML
2019,Bietigheim-Bissingen,Baden-Württemberg,machine learning,Statistics and Data,DataMining,ML
2019,Bietigheim-Bissingen,Baden-Württemberg,vorhersage,Statistics and Data,DataMining,ML
2019,Bietigheim-Bissingen,Baden-Württemberg,datenanalyse,General,Research,ML
2019,Bietigheim-Bissingen,Baden-Württemberg,machine learning,Statistics and Data,DataMining,ML
2019,Stuttgart,Baden-Württemberg,machine learning,Statistics and Data,DataMining,Both AI & ML
2019,Stuttgart,Baden-Württemberg,machine learning,Statistics and Data,DataMining,Both AI & ML
2019,Stuttgart,Baden-Württemberg,machine learning,Statistics and Data,DataMining,Both AI & ML
2019,Stuttgart,Baden-Württemberg,analyse,Decision Making and Analytical,DecisionMaking,Both AI & ML
2019,Stuttgart,Baden-Württemberg,python,Occupational Attributes,Programming,Both AI & ML
2019,Stuttgart,Baden-Württemberg,sql,Statistics and Data,StructuredData,Both AI & ML
2019,Stuttgart,Baden-Württemberg,implementierung,Decision Making and Analytical,DecisionMaking,Both AI & ML
2019,Stuttgart,Baden-Württemberg,zusammenarbeit,Decision Making and Analytical,Interpersonal,Both AI & ML
2019,Stuttgart,Baden-Württemberg,integration,Occupational Attributes,EnterpriseSystem,Both AI & ML
2019,Stuttgart,Baden-Württemberg,machine learning,Statistics and Data,DataMining,Both AI & ML
2019,Stuttgart,Baden-Württemberg,mathematik,General,Numeracy,Both AI & ML
2019,Stuttgart,Baden-Württemberg,machine learning,Statistics and Data,DataMining,Both AI & ML
2019,Stuttgart,Baden-Württemberg,python,Occupational Attributes,Programming,Both AI & ML
2019,Stuttgart,Baden-Württemberg,sql,Statistics and Data,StructuredData,Both AI & ML
2019,Stuttgart,Baden-Württemberg,pandas,Statistics and Data,Statistics,Both AI & ML
2019,Berlin,Berlin,analyse,Decision Making and Analytical,DecisionMaking,ML
2019,Berlin,Berlin,zusammenarbeit,Decision Making and Analytical,Interpersonal,ML
2019,Berlin,Berlin,integration,Occupational Attributes,EnterpriseSystem,ML
2019,Berlin,Berlin,datenanalyse,General,Research,ML
2019,Berlin,Berlin,python,Occupational Attributes,Programming,ML
2019,Berlin,Berlin,sql,Statistics and Data,StructuredData,ML
2019,Frankfurt am Main,Hessen,analyse,Decision Making and Analytical,DecisionMaking,Both AI & ML
2019,Frankfurt am Main,Hessen,analyse,Decision Making and Analytical,DecisionMaking,Both AI & ML
2019,Frankfurt am Main,Hessen,python,Occupational Attributes,Programming,Both AI & ML
2019,Frankfurt am Main,Hessen,pandas,Statistics and Data,Statistics,Both AI & ML
2019,Frankfurt am Main,Hessen,implementierung,Decision Making and Analytical,DecisionMaking,Both AI & ML
2019,Frankfurt am Main,Hessen,machine learning,Statistics and Data,DataMining,Both AI & ML
2019,Frankfurt am Main,Hessen,dokumentation,Decision Making and Analytical,MSOffice,Both AI & ML
2019,Frankfurt am Main,Hessen,zusammenarbeit,Decision Making and Analytical,Interpersonal,Both AI & ML
2019,Frankfurt am Main,Hessen,integration,Occupational Attributes,EnterpriseSystem,Both AI & ML
2019,Frankfurt am Main,Hessen,python,Occupational Attributes,Programming,Both AI & ML
2019,Frankfurt am Main,Hessen,sql,Statistics and Data,StructuredData,Both AI & ML
2019,Frankfurt am Main,Hessen,machine learning,Statistics and Data,DataMining,Both AI & ML
2019,Köln,Nordrhein-Westfalen,machine learning,Statistics and Data,DataMining,Both AI & ML
2019,Köln,Nordrhein-Westfalen,machine learning,Statistics and Data,DataMining,Both AI & ML
2019,Köln,Nordrhein-Westfalen,machine learning,Statistics and Data,DataMining,Both AI & ML
2019,Köln,Nordrhein-Westfalen,analyse,Decision Making and Analytical,DecisionMaking,Both AI & ML
2019,Köln,Nordrhein-Westfalen,implementierung,Decision Making and Analytical,DecisionMaking,Both AI & ML
2019,Köln,Nordrhein-Westfalen,machine learning,Statistics and Data,DataMining,Both AI & ML
2019,Köln,Nordrhein-Westfalen,analyse,Decision Making and Analytical,DecisionMaking,Both AI & ML
2019,Köln,Nordrhein-Westfalen,python,Occupational Attributes,Programming,Both AI & ML
2019,Köln,Nordrhein-Westfalen,sql,Statistics and Data,StructuredData,Both AI & ML
2019,Köln,Nordrhein-Westfalen,zusammenarbeit,Decision Making and Analytical,Interpersonal,Both AI & ML
2019,Köln,Nordrhein-Westfalen,implementierung,Decision Making and Analytical,DecisionMaking,Both AI & ML
2019,Köln,Nordrhein-Westfalen,machine learning,Statistics and Data,DataMining,Both AI & ML
2019,Köln,Nordrhein-Westfalen,mathematik,General,Numeracy,Both AI & ML
2019,Köln,Nordrhein-Westfalen,machine learning,Statistics and Data,DataMining,Both AI & ML
2019,Köln,Nordrhein-Westfalen,python,Occupational Attributes,Programming,Both AI & ML
2019,Köln,Nordrhein-Westfalen,sql,Statistics and Data,StructuredData,Both AI & ML
2019,Köln,Nordrhein-Westfalen,datenanalyse,General,Research,Both AI & ML
2019,Köln,Nordrhein-Westfalen,pandas,Statistics and Data,Statistics,Both AI & ML
2019,Köln,Nordrhein-Westfalen,machine learning,Statistics and Data,DataMining,Both AI & ML
2019,München,Bayern,analyse,Decision Making and Analytical,DecisionMaking,ML
2019,München,Bayern,zusammenarbeit,Decision Making and Analytical,Interpersonal,ML
2019,München,Bayern,datenanalyse,General,Research,ML
2019,München,Bayern,python,Occupational Attributes,Programming,ML
2019,München,Bayern,sql,Statistics and Data,StructuredData,ML
2019,München,Bayern,analyse,Decision Making and Analytical,DecisionMaking,Both AI & ML
2019,München,Bayern,analyse,Decision Making and Analytical,DecisionMaking,Both AI & ML
2019,München,Bayern,machine learning,Statistics and Data,DataMining,Both AI & ML
2019,München,Bayern,python,Occupational Attributes,Programming,Both AI & ML
2019,München,Bayern,sql,Statistics and Data,StructuredData,Both AI & ML
2019,München,Bayern,mathematik,General,Numeracy,Both AI & ML
2019,München,Bayern,statistik,Statistics and Data,Statistics,Both AI & ML
2019,München,Bayern,python,Occupational Attributes,Programming,Both AI & ML
2019,München,Bayern,sql,Statistics and Data,StructuredData,Both AI & ML
2019,München,Bayern,machine learning,Statistics and Data,DataMining,Both AI & ML
2019,München,Bayern,machine learning,Statistics and Data,DataMining,Both AI & ML
2019,München,Bayern,machine learning,Statistics and Data,DataMining,Both AI & ML
2019,München,Bayern,analyse,Decision Making and Analytical,DecisionMaking,Both AI & ML
2019,München,Bayern,machine learning,Statistics and Data,DataMining,Both AI & ML
2019,München,Bayern,datenanalyse,General,Research,Both AI & ML
2019,München,Bayern,python,Occupational Attributes,Programming,Both AI & ML
2019,München,Bayern,pandas,Statistics and Data,Statistics,Both AI & ML
2019,München,Bayern,machine learning,Statistics and Data,DataMining,Both AI & ML
2019,München,Bayern,mathematik,General,Numeracy,Both AI & ML
2019,München,Bayern,statistik,Statistics and Data,Statistics,Both AI & ML
2019,München,Bayern,python,Occupational Attributes,Programming,Both AI & ML
2019,München,Bayern,pandas,Statistics and Data,Statistics,Both AI & ML
2019,München,Bayern,machine learning,Statistics and Data,DataMining,Both AI & ML
2019,München,Bayern,sql,Statistics and Data,StructuredData,Both AI & ML
2019,München,Bayern,datenextraktion,Occupational Attributes,Scraping,Both AI & ML
2019,Berlin,Berlin,verantwortlich,Communication,Generic,Both AI & ML
2019,Berlin,Berlin,analyse,Decision Making and Analytical,DecisionMaking,Both AI & ML
2019,Berlin,Berlin,implementierung,Decision Making and Analytical,DecisionMaking,Both AI & ML
2019,Berlin,Berlin,machine learning,Statistics and Data,DataMining,Both AI & ML
2019,Berlin,Berlin,vorhersage,Statistics and Data,DataMining,Both AI & ML
2019,Berlin,Berlin,analyse,Decision Making and Analytical,DecisionMaking,Both AI & ML
2019,Berlin,Berlin,python,Occupational Attributes,Programming,Both AI & ML
2019,Berlin,Berlin,sql,Statistics and Data,StructuredData,Both AI & ML
2019,Berlin,Berlin,zusammenarbeit,Decision Making and Analytical,Interpersonal,Both AI & ML
2019,Berlin,Berlin,präsentation,Communication,Presentation,Both AI & ML
2019,Berlin,Berlin,mathematik,General,Numeracy,Both AI & ML
2019,Berlin,Berlin,statistik,Statistics and Data,Statistics,Both AI & ML
2019,Berlin,Berlin,datenanalyse,General,Research,Both AI & ML
2019,Berlin,Berlin,machine learning,Statistics and Data,DataMining,Both AI & ML
2019,Berlin,Berlin,python,Occupational Attributes,Programming,Both AI & ML
2019,Berlin,Berlin,sql,Statistics and Data,StructuredData,Both AI & ML
2019,Berlin,Berlin,pandas,Statistics and Data,Statistics,Both AI & ML
2019,Berlin,Berlin,big data,Statistics and Data,BigData,Both AI & ML
2019,Berlin,Berlin,spark,Statistics and Data,BigData,Both AI & ML
2019,Berlin,Berlin,hadoop,Statistics and Data,BigData,Both AI & ML
2019,Köln,Nordrhein-Westfalen,machine learning,Statistics and Data,DataMining,Both AI & ML
2019,Köln,Nordrhein-Westfalen,analytisch,Decision Making and Analytical,Analytical,Both AI & ML
2019,Köln,Nordrhein-Westfalen,machine learning,Statistics and Data,DataMining,Both AI & ML
2019,Köln,Nordrhein-Westfalen,statistik,Statistics and Data,Statistics,Both AI & ML
2019,Köln,Nordrhein-Westfalen,python,Occupational Attributes,Programming,Both AI & ML
2019,Köln,Nordrhein-Westfalen,sql,Statistics and Data,StructuredData,Both AI & ML
2019,Köln,Nordrhein-Westfalen,big data,Statistics and Data,BigData,Both AI & ML
2019,Köln,Nordrhein-Westfalen,kommunikation,Decision Making and Analytical,MSOffice,Both AI & ML
2019,Köln,Nordrhein-Westfalen,sql,Statistics and Data,StructuredData,AI
2019,Köln,Nordrhein-Westfalen,statistik,Statistics and Data,Statistics,AI
2019,Köln,Nordrhein-Westfalen,datenanalyse,General,Research,AI
2019,Köln,Nordrhein-Westfalen,excel,Decision Making and Analytical,MSOffice,AI
2019,Köln,Nordrhein-Westfalen,sql,Statistics and Data,StructuredData,AI
2019,Köln,Nordrhein-Westfalen,deutsch,General,ForeignLanguage,AI
2019,Köln,Nordrhein-Westfalen,englisch,General,ForeignLanguage,AI
2019,Köln,Nordrhein-Westfalen,machine learning,Statistics and Data,DataMining,ML
2019,Köln,Nordrhein-Westfalen,integration,Occupational Attributes,EnterpriseSystem,ML
2019,Köln,Nordrhein-Westfalen,machine learning,Statistics and Data,DataMining,ML
2019,Köln,Nordrhein-Westfalen,analytisch,Decision Making and Analytical,Analytical,ML
2019,Köln,Nordrhein-Westfalen,mathematik,General,Numeracy,ML
2019,Köln,Nordrhein-Westfalen,analyse,Decision Making and Analytical,DecisionMaking,ML
2019,Köln,Nordrhein-Westfalen,implementierung,Decision Making and Analytical,DecisionMaking,ML
2019,Köln,Nordrhein-Westfalen,machine learning,Statistics and Data,DataMining,ML
2019,Köln,Nordrhein-Westfalen,statistik,Statistics and Data,Statistics,ML
2019,Köln,Nordrhein-Westfalen,analyse,Decision Making and Analytical,DecisionMaking,ML
2019,Köln,Nordrhein-Westfalen,python,Occupational Attributes,Programming,ML
2019,Köln,Nordrhein-Westfalen,kommunikation,Decision Making and Analytical,MSOffice,ML
2019,Köln,Nordrhein-Westfalen,machine learning,Statistics and Data,DataMining,Both AI & ML
2019,Köln,Nordrhein-Westfalen,machine learning,Statistics and Data,DataMining,Both AI & ML
2019,Köln,Nordrhein-Westfalen,zusammenarbeit,Decision Making and Analytical,Interpersonal,Both AI & ML
2019,Köln,Nordrhein-Westfalen,analytisch,Decision Making and Analytical,Analytical,Both AI & ML
2019,Köln,Nordrhein-Westfalen,python,Occupational Attributes,Programming,Both AI & ML
2019,Köln,Nordrhein-Westfalen,sql,Statistics and Data,StructuredData,Both AI & ML
2019,Köln,Nordrhein-Westfalen,big data,Statistics and Data,BigData,Both AI & ML
2019,Köln,Nordrhein-Westfalen,machine learning,Statistics and Data,DataMining,Both AI & ML
2019,Köln,Nordrhein-Westfalen,kommunikation,Decision Making and Analytical,MSOffice,Both AI & ML
2019,Düsseldorf,Nordrhein-Westfalen,deutsch,General,ForeignLanguage,AI
2019,Köln,Nordrhein-Westfalen,implementierung,Decision Making and Analytical,DecisionMaking,ML
2019,Köln,Nordrhein-Westfalen,analyse,Decision Making and Analytical,DecisionMaking,ML
2019,Köln,Nordrhein-Westfalen,python,Occupational Attributes,Programming,ML
2019,Köln,Nordrhein-Westfalen,zusammenarbeit,Decision Making and Analytical,Interpersonal,ML
2019,Köln,Nordrhein-Westfalen,implementierung,Decision Making and Analytical,DecisionMaking,ML
2019,Köln,Nordrhein-Westfalen,sap,Occupational Attributes,EnterpriseSystem,ML
2019,Köln,Nordrhein-Westfalen,sap,Occupational Attributes,EnterpriseSystem,ML
2019,Köln,Nordrhein-Westfalen,datenanalyse,General,Research,ML
2019,Köln,Nordrhein-Westfalen,prognose,Statistics and Data,DataMining,ML
2019,Köln,Nordrhein-Westfalen,sap,Occupational Attributes,EnterpriseSystem,ML
2019,Köln,Nordrhein-Westfalen,python,Occupational Attributes,Programming,ML
2019,Köln,Nordrhein-Westfalen,verantwortlich,Communication,Generic,ML
2019,Köln,Nordrhein-Westfalen,machine learning,Statistics and Data,DataMining,ML
2019,Köln,Nordrhein-Westfalen,integration,Occupational Attributes,EnterpriseSystem,ML
2019,Köln,Nordrhein-Westfalen,architektur,Occupational Attributes,Hardware,ML
2019,Köln,Nordrhein-Westfalen,berichte,Occupational Attributes,Visualization,ML
2019,Köln,Nordrhein-Westfalen,implementierung,Decision Making and Analytical,DecisionMaking,ML
2019,Köln,Nordrhein-Westfalen,machine learning,Statistics and Data,DataMining,ML
2019,Köln,Nordrhein-Westfalen,modellierung,Decision Making and Analytical,DecisionMaking,ML
2019,Köln,Nordrhein-Westfalen,machine learning,Statistics and Data,DataMining,ML
2019,Köln,Nordrhein-Westfalen,analyse,Decision Making and Analytical,DecisionMaking,ML
2019,Köln,Nordrhein-Westfalen,implementierung,Decision Making and Analytical,DecisionMaking,ML
2019,Köln,Nordrhein-Westfalen,zusammenarbeit,Decision Making and Analytical,Interpersonal,ML
2019,Köln,Nordrhein-Westfalen,datenanalyse,General,Research,ML
2019,Köln,Nordrhein-Westfalen,python,Occupational Attributes,Programming,ML
2019,Köln,Nordrhein-Westfalen,sql,Statistics and Data,StructuredData,ML
2019,Köln,Nordrhein-Westfalen,analyse,Decision Making and Analytical,DecisionMaking,Both AI & ML
2019,Köln,Nordrhein-Westfalen,machine learning,Statistics and Data,DataMining,Both AI & ML
2019,Köln,Nordrhein-Westfalen,implementierung,Decision Making and Analytical,DecisionMaking,Both AI & ML
2019,Köln,Nordrhein-Westfalen,machine learning,Statistics and Data,DataMining,Both AI & ML
2019,Köln,Nordrhein-Westfalen,analyse,Decision Making and Analytical,DecisionMaking,Both AI & ML
2019,Köln,Nordrhein-Westfalen,python,Occupational Attributes,Programming,Both AI & ML
2019,Köln,Nordrhein-Westfalen,sql,Statistics and Data,StructuredData,Both AI & ML
2019,Köln,Nordrhein-Westfalen,zusammenarbeit,Decision Making and Analytical,Interpersonal,Both AI & ML
2019,Köln,Nordrhein-Westfalen,integration,Occupational Attributes,EnterpriseSystem,Both AI & ML
2019,Köln,Nordrhein-Westfalen,machine learning,Statistics and Data,DataMining,Both AI & ML
2019,Köln,Nordrhein-Westfalen,datenanalyse,General,Research,Both AI & ML
2019,Köln,Nordrhein-Westfalen,pandas,Statistics and Data,Statistics,Both AI & ML
2019,Köln,Nordrhein-Westfalen,verantwortlich,Communication,Generic,Both AI & ML
2019,Köln,Nordrhein-Westfalen,analyse,Decision Making and Analytical,DecisionMaking,Both AI & ML
2019,Köln,Nordrhein-Westfalen,machine learning,Statistics and Data,DataMining,Both AI & ML
2019,Köln,Nordrhein-Westfalen,implementierung,Decision Making and Analytical,DecisionMaking,Both AI & ML
2019,Köln,Nordrhein-Westfalen,machine learning,Statistics and Data,DataMining,Both AI & ML
2019,Köln,Nordrhein-Westfalen,zusammenarbeit,Decision Making and Analytical,Interpersonal,Both AI & ML
2019,Köln,Nordrhein-Westfalen,integration,Occupational Attributes,EnterpriseSystem,Both AI & ML
2019,Köln,Nordrhein-Westfalen,analyse,Decision Making and Analytical,DecisionMaking,Both AI & ML
2019,Köln,Nordrhein-Westfalen,python,Occupational Attributes,Programming,Both AI & ML
2019,Köln,Nordrhein-Westfalen,sql,Statistics and Data,StructuredData,Both AI & ML
2019,Köln,Nordrhein-Westfalen,machine learning,Statistics and Data,DataMining,Both AI & ML
2019,Köln,Nordrhein-Westfalen,python,Occupational Attributes,Programming,Both AI & ML
2019,Köln,Nordrhein-Westfalen,sql,Statistics and Data,StructuredData,Both AI & ML
2019,Köln,Nordrhein-Westfalen,big data,Statistics and Data,BigData,Both AI & ML
2019,Köln,Nordrhein-Westfalen,spark,Statistics and Data,BigData,Both AI & ML
2019,Köln,Nordrhein-Westfalen,hadoop,Statistics and Data,BigData,Both AI & ML
2019,Köln,Nordrhein-Westfalen,verantwortlich,Communication,Generic,Both AI & ML
2019,Köln,Nordrhein-Westfalen,machine learning,Statistics and Data,DataMining,Both AI & ML
2019,Köln,Nordrhein-Westfalen,analyse,Decision Making and Analytical,DecisionMaking,Both AI & ML
2019,Köln,Nordrhein-Westfalen,machine learning,Statistics and Data,DataMining,Both AI & ML
2019,Köln,Nordrhein-Westfalen,implementierung,Decision Making and Analytical,DecisionMaking,Both AI & ML
2019,Köln,Nordrhein-Westfalen,integration,Occupational Attributes,EnterpriseSystem,Both AI & ML
2019,Köln,Nordrhein-Westfalen,machine learning,Statistics and Data,DataMining,Both AI & ML
2019,Köln,Nordrhein-Westfalen,zusammenarbeit,Decision Making and Analytical,Interpersonal,Both AI & ML
2019,Köln,Nordrhein-Westfalen,machine learning,Statistics and Data,DataMining,Both AI & ML
2019,Köln,Nordrhein-Westfalen,machine learning,Statistics and Data,DataMining,Both AI & ML
2019,Frankfurt am Main,Hessen,verantwortlich,Communication,Generic,ML
2019,Frankfurt am Main,Hessen,analyse,Decision Making and Analytical,DecisionMaking,ML
2019,Frankfurt am Main,Hessen,python,Occupational Attributes,Programming,ML
2019,Frankfurt am Main,Hessen,sql,Statistics and Data,StructuredData,ML
2019,Köln,Nordrhein-Westfalen,verantwortlich,Communication,Generic,AI
2019,Köln,Nordrhein-Westfalen,analyse,Decision Making and Analytical,DecisionMaking,AI
2019,Köln,Nordrhein-Westfalen,datenanalyse,General,Research,AI
2019,Köln,Nordrhein-Westfalen,sql,Statistics and Data,StructuredData,AI
2019,Köln,Nordrhein-Westfalen,python,Occupational Attributes,Programming,AI
2019,Köln,Nordrhein-Westfalen,tableau,Occupational Attributes,Visualization,AI
2019,Köln,Nordrhein-Westfalen,sql,Statistics and Data,StructuredData,AI
2019,Köln,Nordrhein-Westfalen,python,Occupational Attributes,Programming,AI
2019,Köln,Nordrhein-Westfalen,tableau,Occupational Attributes,Visualization,AI
2019,Dortmund,Nordrhein-Westfalen,verantwortlich,Communication,Generic,AI
2019,Dortmund,Nordrhein-Westfalen,analyse,Decision Making and Analytical,DecisionMaking,AI
2019,Dortmund,Nordrhein-Westfalen,analyse,Decision Making and Analytical,DecisionMaking,AI
2019,Dortmund,Nordrhein-Westfalen,tableau,Occupational Attributes,Visualization,AI
2019,Dortmund,Nordrhein-Westfalen,implementierung,Decision Making and Analytical,DecisionMaking,AI
2019,Dortmund,Nordrhein-Westfalen,datenanalyse,General,Research,AI
2019,Dortmund,Nordrhein-Westfalen,zusammenarbeit,Decision Making and Analytical,Interpersonal,AI
2019,Dortmund,Nordrhein-Westfalen,sql,Statistics and Data,StructuredData,AI
2019,Dortmund,Nordrhein-Westfalen,nosql,Statistics and Data,BigData,AI
2019,Dortmund,Nordrhein-Westfalen,tableau,Occupational Attributes,Visualization,AI
2019,Dortmund,Nordrhein-Westfalen,python,Occupational Attributes,Programming,AI
2019,Dortmund,Nordrhein-Westfalen,analyse,Decision Making and Analytical,DecisionMaking,AI
2019,Köln,Nordrhein-Westfalen,analyse,Decision Making and Analytical,DecisionMaking,AI
2019,Köln,Nordrhein-Westfalen,implementierung,Decision Making and Analytical,DecisionMaking,AI
2019,Köln,Nordrhein-Westfalen,sql,Statistics and Data,StructuredData,AI
2019,Köln,Nordrhein-Westfalen,analyse,Decision Making and Analytical,DecisionMaking,AI
2019,Köln,Nordrhein-Westfalen,pandas,Statistics and Data,Statistics,AI
2019,Köln,Nordrhein-Westfalen,tableau,Occupational Attributes,Visualization,AI
2019,Köln,Nordrhein-Westfalen,integration,Occupational Attributes,EnterpriseSystem,AI
2019,Köln,Nordrhein-Westfalen,sql,Statistics and Data,StructuredData,AI
2019,Köln,Nordrhein-Westfalen,datenanalyse,General,Research,AI
2019,Köln,Nordrhein-Westfalen,python,Occupational Attributes,Programming,AI
2019,Köln,Nordrhein-Westfalen,pandas,Statistics and Data,Statistics,AI
2019,Köln,Nordrhein-Westfalen,tableau,Occupational Attributes,Visualization,AI
2019,Köln,Nordrhein-Westfalen,deutsch,General,ForeignLanguage,AI
2019,Köln,Nordrhein-Westfalen,analyse,Decision Making and Analytical,DecisionMaking,ML
2019,Köln,Nordrhein-Westfalen,implementierung,Decision Making and Analytical,DecisionMaking,ML
2019,Köln,Nordrhein-Westfalen,datenanalyse,General,Research,ML
2019,Köln,Nordrhein-Westfalen,tableau,Occupational Attributes,Visualization,ML
2019,Köln,Nordrhein-Westfalen,python,Occupational Attributes,Programming,ML
2019,Köln,Nordrhein-Westfalen,sql,Statistics and Data,StructuredData,ML
2019,Köln,Nordrhein-Westfalen,tableau,Occupational Attributes,Visualization,ML
2019,Köln,Nordrhein-Westfalen,verantwortlich,Communication,Generic,ML
2019,Köln,Nordrhein-Westfalen,implementierung,Decision Making and Analytical,DecisionMaking,ML
2019,Köln,Nordrhein-Westfalen,analyse,Decision Making and Analytical,DecisionMaking,ML
2019,Köln,Nordrhein-Westfalen,implementierung,Decision Making and Analytical,DecisionMaking,ML
2019,Köln,Nordrhein-Westfalen,analyse,Decision Making and Analytical,DecisionMaking,ML
2019,Köln,Nordrhein-Westfalen,sql,Statistics and Data,StructuredData,ML
2019,Köln,Nordrhein-Westfalen,zusammenarbeit,Decision Making and Analytical,Interpersonal,ML
2019,Köln,Nordrhein-Westfalen,datenanalyse,General,Research,ML
2019,Köln,Nordrhein-Westfalen,python,Occupational Attributes,Programming,ML
2019,Köln,Nordrhein-Westfalen,sql,Statistics and Data,StructuredData,ML
2019,Köln,Nordrhein-Westfalen,tableau,Occupational Attributes,Visualization,ML
2019,Köln,Nordrhein-Westfalen,verantwortlich,Communication,Generic,Both AI & ML
2019,Köln,Nordrhein-Westfalen,implementierung,Decision Making and Analytical,DecisionMaking,Both AI & ML
2019,Köln,Nordrhein-Westfalen,tableau,Occupational Attributes,Visualization,Both AI & ML
2019,Köln,Nordrhein-Westfalen,analyse,Decision Making and Analytical,DecisionMaking,Both AI & ML
2019,Köln,Nordrhein-Westfalen,python,Occupational Attributes,Programming,Both AI & ML
2019,Köln,Nordrhein-Westfalen,sql,Statistics and Data,StructuredData,Both AI & ML
2019,Köln,Nordrhein-Westfalen,machine learning,Statistics and Data,DataMining,Both AI & ML
2019,Köln,Nordrhein-Westfalen,vorhersage,Statistics and Data,DataMining,Both AI & ML
2019,Köln,Nordrhein-Westfalen,integration,Occupational Attributes,EnterpriseSystem,Both AI & ML
2019,Köln,Nordrhein-Westfalen,analyse,Decision Making and Analytical,DecisionMaking,Both AI & ML
2019,Köln,Nordrhein-Westfalen,python,Occupational Attributes,Programming,Both AI & ML
2019,Köln,Nordrhein-Westfalen,sql,Statistics and Data,StructuredData,Both AI & ML
2019,Köln,Nordrhein-Westfalen,machine learning,Statistics and Data,DataMining,Both AI & ML
2019,Köln,Nordrhein-Westfalen,tableau,Occupational Attributes,Visualization,Both AI & ML
2019,Köln,Nordrhein-Westfalen,datenanalyse,General,Research,Both AI & ML
2019,Köln,Nordrhein-Westfalen,implementierung,Decision Making and Analytical,DecisionMaking,Both AI & ML
2019,Köln,Nordrhein-Westfalen,tableau,Occupational Attributes,Visualization,Both AI & ML
2019,Köln,Nordrhein-Westfalen,analyse,Decision Making and Analytical,DecisionMaking,Both AI & ML
2019,Köln,Nordrhein-Westfalen,sql,Statistics and Data,StructuredData,Both AI & ML
2019,Köln,Nordrhein-Westfalen,python,Occupational Attributes,Programming,Both AI & ML
2019,Köln,Nordrhein-Westfalen,machine learning,Statistics and Data,DataMining,Both AI & ML
2019,Köln,Nordrhein-Westfalen,prognose,Statistics and Data,DataMining,Both AI & ML
2019,Köln,Nordrhein-Westfalen,integration,Occupational Attributes,EnterpriseSystem,Both AI & ML
2019,Köln,Nordrhein-Westfalen,datenanalyse,General,Research,Both AI & ML
2019,Köln,Nordrhein-Westfalen,tableau,Occupational Attributes,Visualization,Both AI & ML
2019,Köln,Nordrhein-Westfalen,python,Occupational Attributes,Programming,Both AI & ML
2019,Köln,Nordrhein-Westfalen,sql,Statistics and Data,StructuredData,Both AI & ML
2019,Köln,Nordrhein-Westfalen,machine learning,Statistics and Data,DataMining,Both AI & ML
2019,Köln,Nordrhein-Westfalen,problemlösung,Decision Making and Analytical,ProblemSolving,Both AI & ML
2019,Köln,Nordrhein-Westfalen,machine learning,Statistics and Data,DataMining,Both AI & ML
2019,Köln,Nordrhein-Westfalen,datenanalyse,General,Research,Both AI & ML
2019,Köln,Nordrhein-Westfalen,prognose,Statistics and Data,DataMining,Both AI & ML
2019,Köln,Nordrhein-Westfalen,machine learning,Statistics and Data,DataMining,Both AI & ML
2019,Köln,Nordrhein-Westfalen,analyse,Decision Making and Analytical,DecisionMaking,Both AI & ML
2019,Köln,Nordrhein-Westfalen,python,Occupational Attributes,Programming,Both AI & ML
2019,Köln,Nordrhein-Westfalen,sql,Statistics and Data,StructuredData,Both AI & ML
2019,Köln,Nordrhein-Westfalen,implementierung,Decision Making and Analytical,DecisionMaking,Both AI & ML
2019,Köln,Nordrhein-Westfalen,zusammenarbeit,Decision Making and Analytical,Interpersonal,Both AI & ML
2019,Köln,Nordrhein-Westfalen,integration,Occupational Attributes,EnterpriseSystem,Both AI & ML
2019,Köln,Nordrhein-Westfalen,tableau,Occupational Attributes,Visualization,Both AI & ML
2019,Köln,Nordrhein-Westfalen,mathematik,General,Numeracy,Both AI & ML
2019,Köln,Nordrhein-Westfalen,python,Occupational Attributes,Programming,Both AI & ML
2019,Köln,Nordrhein-Westfalen,sql,Statistics and Data,StructuredData,Both AI & ML
2019,Köln,Nordrhein-Westfalen,machine learning,Statistics and Data,DataMining,Both AI & ML
2019,Köln,Nordrhein-Westfalen,analyse,Decision Making and Analytical,DecisionMaking,Both AI & ML
2019,Köln,Nordrhein-Westfalen,verantwortlich,Communication,Generic,Both AI & ML
2019,Köln,Nordrhein-Westfalen,analyse,Decision Making and Analytical,DecisionMaking,Both AI & ML
2019,Köln,Nordrhein-Westfalen,implementierung,Decision Making and Analytical,DecisionMaking,Both AI & ML
2019,Köln,Nordrhein-Westfalen,machine learning,Statistics and Data,DataMining,Both AI & ML
2019,Köln,Nordrhein-Westfalen,machine learning,Statistics and Data,DataMining,Both AI & ML
2019,Köln,Nordrhein-Westfalen,datenanalyse,General,Research,Both AI & ML
2019,Köln,Nordrhein-Westfalen,prognose,Statistics and Data,DataMining,Both AI & ML
2019,Köln,Nordrhein-Westfalen,analyse,Decision Making and Analytical,DecisionMaking,Both AI & ML
2019,Köln,Nordrhein-Westfalen,python,Occupational Attributes,Programming,Both AI & ML
2019,Köln,Nordrhein-Westfalen,sql,Statistics and Data,StructuredData,Both AI & ML
2019,Köln,Nordrhein-Westfalen,zusammenarbeit,Decision Making and Analytical,Interpersonal,Both AI & ML
2019,Köln,Nordrhein-Westfalen,implementierung,Decision Making and Analytical,DecisionMaking,Both AI & ML
2019,Köln,Nordrhein-Westfalen,machine learning,Statistics and Data,DataMining,Both AI & ML
2019,Köln,Nordrhein-Westfalen,python,Occupational Attributes,Programming,Both AI & ML
2019,Köln,Nordrhein-Westfalen,sql,Statistics and Data,StructuredData,Both AI & ML
2019,Köln,Nordrhein-Westfalen,big data,Statistics and Data,BigData,Both AI & ML
2019,Köln,Nordrhein-Westfalen,hadoop,Statistics and Data,BigData,Both AI & ML
2019,Köln,Nordrhein-Westfalen,spark,Statistics and Data,BigData,Both AI & ML
2019,Köln,Nordrhein-Westfalen,tableau,Occupational Attributes,Visualization,Both AI & ML
2019,Köln,Nordrhein-Westfalen,analyse,Decision Making and Analytical,DecisionMaking,Both AI & ML
2019,Köln,Nordrhein-Westfalen,implementierung,Decision Making and Analytical,DecisionMaking,Both AI & ML
2019,Köln,Nordrhein-Westfalen,zusammenarbeit,Decision Making and Analytical,Interpersonal,Both AI & ML
2019,Köln,Nordrhein-Westfalen,integration,Occupational Attributes,EnterpriseSystem,Both AI & ML
2019,Köln,Nordrhein-Westfalen,tableau,Occupational Attributes,Visualization,Both AI & ML
2019,Köln,Nordrhein-Westfalen,mathematik,General,Numeracy,Both AI & ML
2019,Köln,Nordrhein-Westfalen,sql,Statistics and Data,StructuredData,Both AI & ML
2019,Köln,Nordrhein-Westfalen,python,Occupational Attributes,Programming,Both AI & ML
2019,Köln,Nordrhein-Westfalen,machine learning,Statistics and Data,DataMining,Both AI & ML
2019,Köln,Nordrhein-Westfalen,kommunikation,Decision Making and Analytical,MSOffice,Both AI & ML
2019,Dortmund,Nordrhein-Westfalen,verantwortlich,Communication,Generic,Both AI & ML
2019,Dortmund,Nordrhein-Westfalen,analyse,Decision Making and Analytical,DecisionMaking,Both AI & ML
2019,Dortmund,Nordrhein-Westfalen,implementierung,Decision Making and Analytical,DecisionMaking,Both AI & ML
2019,Dortmund,Nordrhein-Westfalen,datenanalyse,General,Research,Both AI & ML
2019,Dortmund,Nordrhein-Westfalen,prognose,Statistics and Data,DataMining,Both AI & ML
2019,Dortmund,Nordrhein-Westfalen,tableau,Occupational Attributes,Visualization,Both AI & ML
2019,Dortmund,Nordrhein-Westfalen,zusammenarbeit,Decision Making and Analytical,Interpersonal,Both AI & ML
2019,Dortmund,Nordrhein-Westfalen,machine learning,Statistics and Data,DataMining,Both AI & ML
2019,Dortmund,Nordrhein-Westfalen,python,Occupational Attributes,Programming,Both AI & ML
2019,Dortmund,Nordrhein-Westfalen,sql,Statistics and Data,StructuredData,Both AI & ML
2019,Dortmund,Nordrhein-Westfalen,sql,Statistics and Data,StructuredData,Both AI & ML
2019,Dortmund,Nordrhein-Westfalen,nosql,Statistics and Data,BigData,Both AI & ML
2019,Dortmund,Nordrhein-Westfalen,big data,Statistics and Data,BigData,Both AI & ML
2019,Dortmund,Nordrhein-Westfalen,spark,Statistics and Data,BigData,Both AI & ML
2019,Dortmund,Nordrhein-Westfalen,hadoop,Statistics and Data,BigData,Both AI & ML
2019,Dortmund,Nordrhein-Westfalen,tableau,Occupational Attributes,Visualization,Both AI & ML
2019,Dortmund,Nordrhein-Westfalen,kommunikation,Decision Making and Analytical,MSOffice,Both AI & ML
2019,Dortmund,Nordrhein-Westfalen,zusammenarbeit,Decision Making and Analytical,Interpersonal,Both AI & ML
2019,Karlsruhe,Baden-Württemberg,implementierung,Decision Making and Analytical,DecisionMaking,Both AI & ML
2019,Karlsruhe,Baden-Württemberg,analyse,Decision Making and Analytical,DecisionMaking,Both AI & ML
2019,Karlsruhe,Baden-Württemberg,maschinelles lernen,Statistics and Data,DataMining,Both AI & ML
2019,Karlsruhe,Baden-Württemberg,python,Occupational Attributes,Programming,Both AI & ML
2019,Karlsruhe,Baden-Württemberg,sql,Statistics and Data,StructuredData,Both AI & ML
2019,Karlsruhe,Baden-Württemberg,machine learning,Statistics and Data,DataMining,Both AI & ML
2019,Köln,Nordrhein-Westfalen,machine learning,Statistics and Data,DataMining,Both AI & ML
2019,Köln,Nordrhein-Westfalen,machine learning,Statistics and Data,DataMining,Both AI & ML
2019,Köln,Nordrhein-Westfalen,analyse,Decision Making and Analytical,DecisionMaking,Both AI & ML
2019,Köln,Nordrhein-Westfalen,zusammenarbeit,Decision Making and Analytical,Interpersonal,Both AI & ML
2019,Köln,Nordrhein-Westfalen,statistik,Statistics and Data,Statistics,Both AI & ML
2019,Köln,Nordrhein-Westfalen,python,Occupational Attributes,Programming,Both AI & ML
2019,Köln,Nordrhein-Westfalen,sql,Statistics and Data,StructuredData,Both AI & ML
2019,Köln,Nordrhein-Westfalen,machine learning,Statistics and Data,DataMining,Both AI & ML
2019,Köln,Nordrhein-Westfalen,analyse,Decision Making and Analytical,DecisionMaking,Both AI & ML
2019,Köln,Nordrhein-Westfalen,pandas,Statistics and Data,Statistics,Both AI & ML
2019,Düsseldorf,Nordrhein-Westfalen,verantwortlich,Communication,Generic,Both AI & ML
2019,Düsseldorf,Nordrhein-Westfalen,implementierung,Decision Making and Analytical,DecisionMaking,Both AI & ML
2019,Düsseldorf,Nordrhein-Westfalen,integration,Occupational Attributes,EnterpriseSystem,Both AI & ML
2019,Düsseldorf,Nordrhein-Westfalen,machine learning,Statistics and Data,DataMining,Both AI & ML
2019,Düsseldorf,Nordrhein-Westfalen,implementierung,Decision Making and Analytical,DecisionMaking,Both AI & ML
2019,Düsseldorf,Nordrhein-Westfalen,analyse,Decision Making and Analytical,DecisionMaking,Both AI & ML
2019,Düsseldorf,Nordrhein-Westfalen,python,Occupational Attributes,Programming,Both AI & ML
2019,Düsseldorf,Nordrhein-Westfalen,pandas,Statistics and Data,Statistics,Both AI & ML
2019,Düsseldorf,Nordrhein-Westfalen,sql,Statistics and Data,StructuredData,Both AI & ML
2019,Düsseldorf,Nordrhein-Westfalen,machine learning,Statistics and Data,DataMining,Both AI & ML
2019,Düsseldorf,Nordrhein-Westfalen,vorhersage,Statistics and Data,DataMining,Both AI & ML
2019,Düsseldorf,Nordrhein-Westfalen,python,Occupational Attributes,Programming,Both AI & ML
2019,Düsseldorf,Nordrhein-Westfalen,pandas,Statistics and Data,Statistics,Both AI & ML
2019,Düsseldorf,Nordrhein-Westfalen,machine learning,Statistics and Data,DataMining,Both AI & ML
2019,Köln,Nordrhein-Westfalen,verantwortlich,Communication,Generic,ML
2019,Köln,Nordrhein-Westfalen,analyse,Decision Making and Analytical,DecisionMaking,ML
2019,Köln,Nordrhein-Westfalen,dokumentation,Decision Making and Analytical,MSOffice,ML
2019,Köln,Nordrhein-Westfalen,planung,Data Engineering,Orchestration,AI
2019,Köln,Nordrhein-Westfalen,azure,Cloud Platforms,Azure,AI
2019,Köln,Nordrhein-Westfalen,aws,Cloud Platforms,AWS,AI
2019,Köln,Nordrhein-Westfalen,zusammenarbeit,Decision Making and Analytical,Interpersonal,AI
2019,Köln,Nordrhein-Westfalen,azure,Cloud Platforms,Azure,AI
2019,Köln,Nordrhein-Westfalen,aws,Cloud Platforms,AWS,AI
2019,Köln,Nordrhein-Westfalen,architektur,Occupational Attributes,Hardware,AI
2019,Köln,Nordrhein-Westfalen,deutsch,General,ForeignLanguage,AI
2019,Leipzig,Sachsen,design,Decision Making and Analytical,DecisionMaking,AI
2019,Leipzig,Sachsen,java,Occupational Attributes,Programming,AI
2019,Leipzig,Sachsen,design,Decision Making and Analytical,DecisionMaking,AI
2019,Leipzig,Sachsen,azure,Cloud Platforms,Azure,AI
2019,Leipzig,Sachsen,sap,Occupational Attributes,EnterpriseSystem,AI
2019,Leipzig,Sachsen,implementierung,Decision Making and Analytical,DecisionMaking,AI
2019,Leipzig,Sachsen,integration,Occupational Attributes,EnterpriseSystem,AI
2019,Düsseldorf,Nordrhein-Westfalen,implementierung,Decision Making and Analytical,DecisionMaking,AI
2019,Düsseldorf,Nordrhein-Westfalen,integration,Occupational Attributes,EnterpriseSystem,AI
2019,Düsseldorf,Nordrhein-Westfalen,zusammenarbeit,Decision Making and Analytical,Interpersonal,AI
2019,Düsseldorf,Nordrhein-Westfalen,implementierung,Decision Making and Analytical,DecisionMaking,AI
2019,Düsseldorf,Nordrhein-Westfalen,mathematik,General,Numeracy,AI
2019,Düsseldorf,Nordrhein-Westfalen,aws,Cloud Platforms,AWS,AI
2019,Düsseldorf,Nordrhein-Westfalen,azure,Cloud Platforms,Azure,AI
2019,Düsseldorf,Nordrhein-Westfalen,python,Occupational Attributes,Programming,AI
2019,Düsseldorf,Nordrhein-Westfalen,java,Occupational Attributes,Programming,AI
2019,Köln,Nordrhein-Westfalen,integration,Occupational Attributes,EnterpriseSystem,AI
2019,Köln,Nordrhein-Westfalen,implementierung,Decision Making and Analytical,DecisionMaking,AI
2019,Köln,Nordrhein-Westfalen,integration,Occupational Attributes,EnterpriseSystem,AI
2019,Köln,Nordrhein-Westfalen,planung,Data Engineering,Orchestration,AI
2019,Köln,Nordrhein-Westfalen,aws,Cloud Platforms,AWS,AI
2019,Köln,Nordrhein-Westfalen,azure,Cloud Platforms,Azure,AI
2019,Köln,Nordrhein-Westfalen,docker,MLOps,Tools,AI
2019,Köln,Nordrhein-Westfalen,kubernetes,MLOps,Tools,AI
2019,Köln,Nordrhein-Westfalen,python,Occupational Attributes,Programming,AI
2019,Köln,Nordrhein-Westfalen,sql,Statistics and Data,StructuredData,AI
2019,Köln,Nordrhein-Westfalen,projektmanagement,Occupational Attributes,ProjectManagement,AI
2019,Düsseldorf,Nordrhein-Westfalen,verantwortlich,Communication,Generic,Both AI & ML
2019,Düsseldorf,Nordrhein-Westfalen,analyse,Decision Making and Analytical,DecisionMaking,Both AI & ML
2019,Düsseldorf,Nordrhein-Westfalen,implementierung,Decision Making and Analytical,DecisionMaking,Both AI & ML
2019,Düsseldorf,Nordrhein-Westfalen,implementierung,Decision Making and Analytical,DecisionMaking,Both AI & ML
2019,Düsseldorf,Nordrhein-Westfalen,analyse,Decision Making and Analytical,DecisionMaking,Both AI & ML
2019,Düsseldorf,Nordrhein-Westfalen,analyse,Decision Making and Analytical,DecisionMaking,Both AI & ML
2019,Düsseldorf,Nordrhein-Westfalen,python,Occupational Attributes,Programming,Both AI & ML
2019,Düsseldorf,Nordrhein-Westfalen,sql,Statistics and Data,StructuredData,Both AI & ML
2019,Düsseldorf,Nordrhein-Westfalen,datenanalyse,General,Research,Both AI & ML
2019,Düsseldorf,Nordrhein-Westfalen,machine learning,Statistics and Data,DataMining,Both AI & ML
2019,Düsseldorf,Nordrhein-Westfalen,crm,Occupational Attributes,EnterpriseSystem,Both AI & ML
2019,München,Bayern,implementierung,Decision Making and Analytical,DecisionMaking,Both AI & ML
2019,München,Bayern,zusammenarbeit,Decision Making and Analytical,Interpersonal,Both AI & ML
2019,München,Bayern,implementierung,Decision Making and Analytical,DecisionMaking,Both AI & ML
2019,München,Bayern,analyse,Decision Making and Analytical,DecisionMaking,Both AI & ML
2019,München,Bayern,python,Occupational Attributes,Programming,Both AI & ML
2019,München,Bayern,sql,Statistics and Data,StructuredData,Both AI & ML
2019,München,Bayern,machine learning,Statistics and Data,DataMining,Both AI & ML
2019,München,Bayern,integration,Occupational Attributes,EnterpriseSystem,Both AI & ML
2019,München,Bayern,zusammenarbeit,Decision Making and Analytical,Interpersonal,Both AI & ML
2019,München,Bayern,projektmanagement,Occupational Attributes,ProjectManagement,Both AI & ML
2019,Freiburg im Breisgau,Baden-Württemberg,machine learning,Statistics and Data,DataMining,Both AI & ML
2019,Freiburg im Breisgau,Baden-Württemberg,computer vision,Specialized ML,ComputerVision,Both AI & ML
2019,Freiburg im Breisgau,Baden-Württemberg,machine learning,Statistics and Data,DataMining,Both AI & ML
2019,Freiburg im Breisgau,Baden-Württemberg,implementierung,Decision Making and Analytical,DecisionMaking,Both AI & ML
2019,Freiburg im Breisgau,Baden-Württemberg,computer vision,Specialized ML,ComputerVision,Both AI & ML
2019,Freiburg im Breisgau,Baden-Württemberg,opencv,Specialized ML,ComputerVision,Both AI & ML
2019,Freiburg im Breisgau,Baden-Württemberg,datenanalyse,General,Research,Both AI & ML
2019,Freiburg im Breisgau,Baden-Württemberg,python,Occupational Attributes,Programming,Both AI & ML
2019,Freiburg im Breisgau,Baden-Württemberg,pandas,Statistics and Data,Statistics,Both AI & ML
2019,Freiburg im Breisgau,Baden-Württemberg,zusammenarbeit,Decision Making and Analytical,Interpersonal,Both AI & ML
2019,Freiburg im Breisgau,Baden-Württemberg,bildverarbeitung,Specialized ML,ComputerVision,Both AI & ML
2019,Freiburg im Breisgau,Baden-Württemberg,maschinelles lernen,Statistics and Data,DataMining,Both AI & ML
2019,Freiburg im Breisgau,Baden-Württemberg,python,Occupational Attributes,Programming,Both AI & ML
2019,Freiburg im Breisgau,Baden-Württemberg,pandas,Statistics and Data,Statistics,Both AI & ML
2019,Freiburg im Breisgau,Baden-Württemberg,machine learning,Statistics and Data,DataMining,Both AI & ML
2019,Freiburg im Breisgau,Baden-Württemberg,computer vision,Specialized ML,ComputerVision,Both AI & ML
2019,Freiburg im Breisgau,Baden-Württemberg,opencv,Specialized ML,ComputerVision,Both AI & ML
2019,Freiburg im Breisgau,Baden-Württemberg,python,Occupational Attributes,Programming,Both AI & ML
2019,Freiburg im Breisgau,Baden-Württemberg,pandas,Statistics and Data,Statistics,Both AI & ML
2019,Freiburg im Breisgau,Baden-Württemberg,opencv,Specialized ML,ComputerVision,Both AI & ML
2019,München,Bayern,machine learning,Statistics and Data,DataMining,Both AI & ML
2019,München,Bayern,machine learning,Statistics and Data,DataMining,Both AI & ML
2019,München,Bayern,datenanalyse,General,Research,Both AI & ML
2019,München,Bayern,vorhersage,Statistics and Data,DataMining,Both AI & ML
2019,München,Bayern,implementierung,Decision Making and Analytical,DecisionMaking,Both AI & ML
2019,München,Bayern,computer vision,Specialized ML,ComputerVision,Both AI & ML
2019,München,Bayern,analyse,Decision Making and Analytical,DecisionMaking,Both AI & ML
2019,München,Bayern,zusammenarbeit,Decision Making and Analytical,Interpersonal,Both AI & ML
2019,München,Bayern,integration,Occupational Attributes,EnterpriseSystem,Both AI & ML
2019,München,Bayern,mathematik,General,Numeracy,Both AI & ML
2019,München,Bayern,python,Occupational Attributes,Programming,Both AI & ML
2019,München,Bayern,sql,Statistics and Data,StructuredData,Both AI & ML
2019,München,Bayern,machine learning,Statistics and Data,DataMining,Both AI & ML
2019,München,Bayern,computer vision,Specialized ML,ComputerVision,Both AI & ML
2019,München,Bayern,opencv,Specialized ML,ComputerVision,Both AI & ML
2019,München,Bayern,pandas,Statistics and Data,Statistics,Both AI & ML
2019,München,Bayern,big data,Statistics and Data,BigData,Both AI & ML
2019,München,Bayern,spark,Statistics and Data,BigData,Both AI & ML
2019,München,Bayern,hadoop,Statistics and Data,BigData,Both AI & ML
2019,Köln,Nordrhein-Westfalen,machine learning,Statistics and Data,DataMining,Both AI & ML
2019,Köln,Nordrhein-Westfalen,analyse,Decision Making and Analytical,DecisionMaking,Both AI & ML
2019,Köln,Nordrhein-Westfalen,implementierung,Decision Making and Analytical,DecisionMaking,Both AI & ML
2019,Köln,Nordrhein-Westfalen,nlp,Specialized ML,NLP,Both AI & ML
2019,Köln,Nordrhein-Westfalen,implementierung,Decision Making and Analytical,DecisionMaking,Both AI & ML
2019,Köln,Nordrhein-Westfalen,computer vision,Specialized ML,ComputerVision,Both AI & ML
2019,Köln,Nordrhein-Westfalen,opencv,Specialized ML,ComputerVision,Both AI & ML
2019,Köln,Nordrhein-Westfalen,datenanalyse,General,Research,Both AI & ML
2019,Köln,Nordrhein-Westfalen,pandas,Statistics and Data,Statistics,Both AI & ML
2019,Köln,Nordrhein-Westfalen,sql,Statistics and Data,StructuredData,Both AI & ML
2019,Köln,Nordrhein-Westfalen,python,Occupational Attributes,Programming,Both AI & ML
2019,Köln,Nordrhein-Westfalen,machine learning,Statistics and Data,DataMining,Both AI & ML
2019,Köln,Nordrhein-Westfalen,nlp,Specialized ML,NLP,Both AI & ML
2019,Köln,Nordrhein-Westfalen,computer vision,Specialized ML,ComputerVision,Both AI & ML
2019,Köln,Nordrhein-Westfalen,opencv,Specialized ML,ComputerVision,Both AI & ML
2019,Köln,Nordrhein-Westfalen,pandas,Statistics and Data,Statistics,Both AI & ML
2019,Köln,Nordrhein-Westfalen,sql,Statistics and Data,StructuredData,Both AI & ML
2025,Stuttgart,Baden-Württemberg,machine learning,Statistics and Data,DataMining,ML
2025,Stuttgart,Baden-Württemberg,projektmanagement,Occupational Attributes,ProjectManagement,ML
2025,Stuttgart,Baden-Württemberg,kommunikation,Decision Making and Analytical,MSOffice,ML
2025,Stuttgart,Baden-Württemberg,deutsch,General,ForeignLanguage,ML
2025,Stuttgart,Baden-Württemberg,englisch,General,ForeignLanguage,ML
2025,Köln,Nordrhein-Westfalen,proactive,Employee Attributes,Other,Both AI & ML
2025,Köln,Nordrhein-Westfalen,llm,Generative AI,LLM,Both AI & ML
2025,Köln,Nordrhein-Westfalen,langchain,Generative AI,Tools,Both AI & ML
2025,Köln,Nordrhein-Westfalen,rag,Generative AI,Techniques,Both AI & ML
2025,Köln,Nordrhein-Westfalen,design,Decision Making and Analytical,DecisionMaking,Both AI & ML
2025,Köln,Nordrhein-Westfalen,rag,Generative AI,Techniques,Both AI & ML
2025,Köln,Nordrhein-Westfalen,python,Occupational Attributes,Programming,Both AI & ML
2025,Köln,Nordrhein-Westfalen,langchain,Generative AI,Tools,Both AI & ML
2025,Köln,Nordrhein-Westfalen,modeling,Decision Making and Analytical,DecisionMaking,Both AI & ML
2025,Köln,Nordrhein-Westfalen,transparency,Ethical and Responsible AI,EthicalAI,Both AI & ML
2025,Crailsheim,Baden-Württemberg,machine learning,Statistics and Data,DataMining,ML
2025,Crailsheim,Baden-Württemberg,machine learning,Statistics and Data,DataMining,ML
2025,Crailsheim,Baden-Württemberg,machine learning,Statistics and Data,DataMining,ML
2025,Crailsheim,Baden-Württemberg,machine learning,Statistics and Data,DataMining,ML
2025,Crailsheim,Baden-Württemberg,python,Occupational Attributes,Programming,ML
2025,Crailsheim,Baden-Württemberg,c + +,Occupational Attributes,Programming,ML
2025,Crailsheim,Baden-Württemberg,opencv,Specialized ML,ComputerVision,ML
2025,Berlin,Berlin,sap,Occupational Attributes,EnterpriseSystem,Both AI & ML
2025,Berlin,Berlin,collaboration,Decision Making and Analytical,Interpersonal,Both AI & ML
2025,Berlin,Berlin,sap,Occupational Attributes,EnterpriseSystem,Both AI & ML
2025,Berlin,Berlin,sap,Occupational Attributes,EnterpriseSystem,Both AI & ML
2025,Berlin,Berlin,machine learning,Statistics and Data,DataMining,Both AI & ML
2025,Berlin,Berlin,sap,Occupational Attributes,EnterpriseSystem,Both AI & ML
2025,Berlin,Berlin,machine learning,Statistics and Data,DataMining,Both AI & ML
2025,Berlin,Berlin,nlp,Specialized ML,NLP,Both AI & ML
2025,Berlin,Berlin,python,Occupational Attributes,Programming,Both AI & ML
2025,Berlin,Berlin,transformers,Generative AI,Tools,Both AI & ML
2025,Berlin,Berlin,analysis,Decision Making and Analytical,DecisionMaking,Both AI & ML
2025,Berlin,Berlin,english,General,ForeignLanguage,Both AI & ML
2025,Berlin,Berlin,sap,Occupational Attributes,EnterpriseSystem,Both AI & ML
2025,Ettenheim,Baden-Württemberg,machine learning,Statistics and Data,DataMining,Both AI & ML
2025,Ettenheim,Baden-Württemberg,sap,Occupational Attributes,EnterpriseSystem,Both AI & ML
2025,Ettenheim,Baden-Württemberg,architektur,Occupational Attributes,Hardware,Both AI & ML
2025,Ettenheim,Baden-Württemberg,bildverarbeitung,Specialized ML,ComputerVision,Both AI & ML
2025,Ettenheim,Baden-Württemberg,bildverarbeitung,Specialized ML,ComputerVision,Both AI & ML
2025,Ettenheim,Baden-Württemberg,machine learning,Statistics and Data,DataMining,Both AI & ML
2025,Ettenheim,Baden-Württemberg,computer vision,Specialized ML,ComputerVision,Both AI & ML
2025,Ettenheim,Baden-Württemberg,sap,Occupational Attributes,EnterpriseSystem,Both AI & ML
2025,Ettenheim,Baden-Württemberg,c + +,Occupational Attributes,Programming,Both AI & ML
2025,Ettenheim,Baden-Württemberg,bildverarbeitung,Specialized ML,ComputerVision,Both AI & ML
2025,Ettenheim,Baden-Württemberg,c + +,Occupational Attributes,Programming,Both AI & ML
2025,Köln,Nordrhein-Westfalen,machine learning,Statistics and Data,DataMining,Both AI & ML
2025,Köln,Nordrhein-Westfalen,devices,Occupational Attributes,Hardware,Both AI & ML
2025,Köln,Nordrhein-Westfalen,machine learning,Statistics and Data,DataMining,Both AI & ML
2025,Köln,Nordrhein-Westfalen,design,Decision Making and Analytical,DecisionMaking,Both AI & ML
2025,Köln,Nordrhein-Westfalen,analysis,Decision Making and Analytical,DecisionMaking,Both AI & ML
2025,Köln,Nordrhein-Westfalen,nlp,Specialized ML,NLP,Both AI & ML
2025,Köln,Nordrhein-Westfalen,analysis,Decision Making and Analytical,DecisionMaking,Both AI & ML
2025,Köln,Nordrhein-Westfalen,design,Decision Making and Analytical,DecisionMaking,Both AI & ML
2025,Köln,Nordrhein-Westfalen,analyse,Decision Making and Analytical,DecisionMaking,Both AI & ML
2025,Köln,Nordrhein-Westfalen,scheduling,Data Engineering,Orchestration,Both AI & ML
2025,Köln,Nordrhein-Westfalen,analysis,Decision Making and Analytical,DecisionMaking,Both AI & ML
2025,Köln,Nordrhein-Westfalen,python,Occupational Attributes,Programming,Both AI & ML
2025,Köln,Nordrhein-Westfalen,machine learning,Statistics and Data,DataMining,Both AI & ML
2025,Nürnberg,Bayern,erp,Occupational Attributes,EnterpriseSystem,Both AI & ML
2025,Nürnberg,Bayern,llm,Generative AI,LLM,Both AI & ML
2025,Nürnberg,Bayern,analyse,Decision Making and Analytical,DecisionMaking,Both AI & ML
2025,Nürnberg,Bayern,llm,Generative AI,LLM,Both AI & ML
2025,Nürnberg,Bayern,llm,Generative AI,LLM,Both AI & ML
2025,Nürnberg,Bayern,llm,Generative AI,LLM,Both AI & ML
2025,Nürnberg,Bayern,llm,Generative AI,LLM,Both AI & ML
2025,Nürnberg,Bayern,zusammenarbeit,Decision Making and Analytical,Interpersonal,Both AI & ML
2025,Berlin,Berlin,german,General,ForeignLanguage,Both AI & ML
2025,Berlin,Berlin,responsible,Communication,Generic,Both AI & ML
2025,Berlin,Berlin,analysis,Decision Making and Analytical,DecisionMaking,Both AI & ML
2025,Berlin,Berlin,integration,Occupational Attributes,EnterpriseSystem,Both AI & ML
2025,Berlin,Berlin,design,Decision Making and Analytical,DecisionMaking,Both AI & ML
2025,Berlin,Berlin,collaboration,Decision Making and Analytical,Interpersonal,Both AI & ML
2025,Berlin,Berlin,german,General,ForeignLanguage,Both AI & ML
2025,Berlin,Berlin,responsible,Communication,Generic,Both AI & ML
2025,Tübingen,Baden-Württemberg,machine learning,Statistics and Data,DataMining,Both AI & ML
2025,Tübingen,Baden-Württemberg,german,General,ForeignLanguage,Both AI & ML
2025,Tübingen,Baden-Württemberg,verbal,Communication,Verbal,Both AI & ML
2025,Tübingen,Baden-Württemberg,communication,Decision Making and Analytical,MSOffice,Both AI & ML
2025,Tübingen,Baden-Württemberg,english,General,ForeignLanguage,Both AI & ML
2025,Tübingen,Baden-Württemberg,english,General,ForeignLanguage,Both AI & ML
2025,Tübingen,Baden-Württemberg,python,Occupational Attributes,Programming,Both AI & ML
2025,Tübingen,Baden-Württemberg,machine learning,Statistics and Data,DataMining,Both AI & ML
2025,Bochum,Nordrhein-Westfalen,zusammenarbeit,Decision Making and Analytical,Interpersonal,Both AI & ML
2025,Bochum,Nordrhein-Westfalen,machine learning,Statistics and Data,DataMining,Both AI & ML
2025,Viechtach,Bayern,zusammenarbeit,Decision Making and Analytical,Interpersonal,Both AI & ML
2025,Viechtach,Bayern,analyse,Decision Making and Analytical,DecisionMaking,Both AI & ML
2025,Viechtach,Bayern,zusammenarbeit,Decision Making and Analytical,Interpersonal,Both AI & ML
2025,Viechtach,Bayern,c #,Occupational Attributes,Programming,Both AI & ML
2025,Viechtach,Bayern,java,Occupational Attributes,Programming,Both AI & ML
2025,Viechtach,Bayern,javascript,Occupational Attributes,Programming,Both AI & ML
2025,Viechtach,Bayern,python,Occupational Attributes,Programming,Both AI & ML
2025,Viechtach,Bayern,machine learning,Statistics and Data,DataMining,Both AI & ML
2025,Viechtach,Bayern,sql,Statistics and Data,StructuredData,Both AI & ML
2025,Viechtach,Bayern,postgresql,Statistics and Data,StructuredData,Both AI & ML
2025,Berlin,Berlin,reliable,Employee Attributes,Other,Both AI & ML
2025,Berlin,Berlin,flexible,Employee Attributes,Adaptability,Both AI & ML
2025,Berlin,Berlin,machine learning,Statistics and Data,DataMining,Both AI & ML
2025,Berlin,Berlin,analysis,Decision Making and Analytical,DecisionMaking,Both AI & ML
2025,Berlin,Berlin,sql,Statistics and Data,StructuredData,Both AI & ML
2025,Berlin,Berlin,analysis,Decision Making and Analytical,DecisionMaking,Both AI & ML
2025,Berlin,Berlin,big data,Statistics and Data,BigData,Both AI & ML
2025,Berlin,Berlin,design,Decision Making and Analytical,DecisionMaking,Both AI & ML
2025,Berlin,Berlin,machine learning,Statistics and Data,DataMining,Both AI & ML
2025,Bonn,Nordrhein-Westfalen,analysis,Decision Making and Analytical,DecisionMaking,Both AI & ML
2025,Bonn,Nordrhein-Westfalen,implementation,Decision Making and Analytical,DecisionMaking,Both AI & ML
2025,Bonn,Nordrhein-Westfalen,reporting,Decision Making and Analytical,DecisionMaking,Both AI & ML
2025,Bonn,Nordrhein-Westfalen,responsible,Communication,Generic,Both AI & ML
2025,Bonn,Nordrhein-Westfalen,implementation,Decision Making and Analytical,DecisionMaking,Both AI & ML
2025,Bonn,Nordrhein-Westfalen,responsible,Communication,Generic,Both AI & ML
2025,Bonn,Nordrhein-Westfalen,forecasting,Statistics and Data,DataMining,Both AI & ML
2025,Bonn,Nordrhein-Westfalen,interpersonal,Decision Making and Analytical,Interpersonal,Both AI & ML
2025,Bonn,Nordrhein-Westfalen,communication,Decision Making and Analytical,MSOffice,Both AI & ML
2025,Bonn,Nordrhein-Westfalen,analytical,Decision Making and Analytical,DecisionMaking,Both AI & ML
2025,Heidelberg,Baden-Württemberg,collaboration,Decision Making and Analytical,Interpersonal,Both AI & ML
2025,Heidelberg,Baden-Württemberg,machine learning,Statistics and Data,DataMining,Both AI & ML
2025,Heidelberg,Baden-Württemberg,motivated,Employee Attributes,Motivation,Both AI & ML
2025,Heidelberg,Baden-Württemberg,integration,Occupational Attributes,EnterpriseSystem,Both AI & ML
2025,Heidelberg,Baden-Württemberg,testing,Decision Making and Analytical,DecisionMaking,Both AI & ML
2025,Heidelberg,Baden-Württemberg,reliable,Employee Attributes,Other,Both AI & ML
2025,Heidelberg,Baden-Württemberg,python,Occupational Attributes,Programming,Both AI & ML
2025,Heidelberg,Baden-Württemberg,sql,Statistics and Data,StructuredData,Both AI & ML
2025,Heidelberg,Baden-Württemberg,communication,Decision Making and Analytical,MSOffice,Both AI & ML
2025,Heidelberg,Baden-Württemberg,documentation,Decision Making and Analytical,MSOffice,Both AI & ML
2025,Heidelberg,Baden-Württemberg,design,Decision Making and Analytical,DecisionMaking,Both AI & ML
2025,Heidelberg,Baden-Württemberg,python,Occupational Attributes,Programming,Both AI & ML
2025,Heidelberg,Baden-Württemberg,sql,Statistics and Data,StructuredData,Both AI & ML
2025,Heidelberg,Baden-Württemberg,java,Occupational Attributes,Programming,Both AI & ML
2025,Heidelberg,Baden-Württemberg,statistics,Statistics and Data,Statistics,Both AI & ML
2025,Heidelberg,Baden-Württemberg,accuracy,Employee Attributes,DetailOriented,Both AI & ML
2025,Frankfurt am Main,Hessen,german,General,ForeignLanguage,Both AI & ML
2025,Frankfurt am Main,Hessen,cooperation,Decision Making and Analytical,Interpersonal,Both AI & ML
2025,Frankfurt am Main,Hessen,analyse,Decision Making and Analytical,DecisionMaking,Both AI & ML
2025,München,Bayern,machine learning,Statistics and Data,DataMining,Both AI & ML
2025,München,Bayern,analysis,Decision Making and Analytical,DecisionMaking,Both AI & ML
2025,München,Bayern,analysis,Decision Making and Analytical,DecisionMaking,Both AI & ML
2025,München,Bayern,motivated,Employee Attributes,Motivation,Both AI & ML
2025,München,Bayern,machine learning,Statistics and Data,DataMining,Both AI & ML
2025,München,Bayern,design,Decision Making and Analytical,DecisionMaking,Both AI & ML
2025,München,Bayern,analysis,Decision Making and Analytical,DecisionMaking,Both AI & ML
2025,München,Bayern,hardware,Occupational Attributes,Hardware,Both AI & ML
2025,München,Bayern,devices,Occupational Attributes,Hardware,Both AI & ML
2025,München,Bayern,analysis,Decision Making and Analytical,DecisionMaking,Both AI & ML
2025,München,Bayern,machine learning,Statistics and Data,DataMining,Both AI & ML
2025,München,Bayern,responsible,Communication,Generic,Both AI & ML
2025,München,Bayern,design,Decision Making and Analytical,DecisionMaking,Both AI & ML
2025,München,Bayern,analysis,Decision Making and Analytical,DecisionMaking,Both AI & ML
2025,München,Bayern,analysis,Decision Making and Analytical,DecisionMaking,Both AI & ML
2025,München,Bayern,architecture,Occupational Attributes,Hardware,Both AI & ML
2025,München,Bayern,standardization,MLOps,FeatureEngineering,Both AI & ML
2025,München,Bayern,machine learning,Statistics and Data,DataMining,Both AI & ML
2025,München,Bayern,python,Occupational Attributes,Programming,Both AI & ML
2025,Biberach an der Riß,Baden-Württemberg,responsible,Communication,Generic,Both AI & ML
2025,Biberach an der Riß,Baden-Württemberg,design,Decision Making and Analytical,DecisionMaking,Both AI & ML
2025,Biberach an der Riß,Baden-Württemberg,implementation,Decision Making and Analytical,DecisionMaking,Both AI & ML
2025,Biberach an der Riß,Baden-Württemberg,machine learning,Statistics and Data,DataMining,Both AI & ML
2025,Biberach an der Riß,Baden-Württemberg,design,Decision Making and Analytical,DecisionMaking,Both AI & ML
2025,Biberach an der Riß,Baden-Württemberg,analysis,Decision Making and Analytical,DecisionMaking,Both AI & ML
2025,Biberach an der Riß,Baden-Württemberg,collaboration,Decision Making and Analytical,Interpersonal,Both AI & ML
2025,Biberach an der Riß,Baden-Württemberg,python,Occupational Attributes,Programming,Both AI & ML
2025,Biberach an der Riß,Baden-Württemberg,statistics,Statistics and Data,Statistics,Both AI & ML
2025,Biberach an der Riß,Baden-Württemberg,machine learning,Statistics and Data,DataMining,Both AI & ML
2025,Biberach an der Riß,Baden-Württemberg,communication,Decision Making and Analytical,MSOffice,Both AI & ML
2025,Biberach an der Riß,Baden-Württemberg,analytical,Decision Making and Analytical,DecisionMaking,Both AI & ML
2025,Biberach an der Riß,Baden-Württemberg,english,General,ForeignLanguage,Both AI & ML
2025,Biberach an der Riß,Baden-Württemberg,german,General,ForeignLanguage,Both AI & ML
2025,München,Bayern,autonomous,Employee Attributes,Independence,Both AI & ML
2025,München,Bayern,autonomous,Employee Attributes,Independence,Both AI & ML
2025,München,Bayern,machine learning,Statistics and Data,DataMining,Both AI & ML
2025,München,Bayern,responsible,Communication,Generic,Both AI & ML
2025,München,Bayern,haystack,Generative AI,Tools,Both AI & ML
2025,München,Bayern,collaboration,Decision Making and Analytical,Interpersonal,Both AI & ML
2025,München,Bayern,design,Decision Making and Analytical,DecisionMaking,Both AI & ML
2025,München,Bayern,implementation,Decision Making and Analytical,DecisionMaking,Both AI & ML
2025,München,Bayern,machine learning,Statistics and Data,DataMining,Both AI & ML
2025,München,Bayern,autonomous,Employee Attributes,Independence,Both AI & ML
2025,München,Bayern,python,Occupational Attributes,Programming,Both AI & ML
2025,München,Bayern,c + +,Occupational Attributes,Programming,Both AI & ML
2025,München,Bayern,communication,Decision Making and Analytical,MSOffice,Both AI & ML
2025,Köln,Nordrhein-Westfalen,design,Decision Making and Analytical,DecisionMaking,Both AI & ML
2025,Köln,Nordrhein-Westfalen,analysis,Decision Making and Analytical,DecisionMaking,Both AI & ML
2025,Köln,Nordrhein-Westfalen,prediction,Statistics and Data,DataMining,Both AI & ML
2025,Köln,Nordrhein-Westfalen,llm,Generative AI,LLM,Both AI & ML
2025,,,machine learning,Statistics and Data,DataMining,Both AI & ML
2025,,,integration,Occupational Attributes,EnterpriseSystem,Both AI & ML
2025,,,collaboration,Decision Making and Analytical,Interpersonal,Both AI & ML
2025,,,design,Decision Making and Analytical,DecisionMaking,Both AI & ML
2025,,,architecture,Occupational Attributes,Hardware,Both AI & ML
2025,,,testing,Decision Making and Analytical,DecisionMaking,Both AI & ML
2025,,,design,Decision Making and Analytical,DecisionMaking,Both AI & ML
2025,Ahrensburg,Schleswig-Holstein,sap,Occupational Attributes,EnterpriseSystem,Both AI & ML
2025,Ahrensburg,Schleswig-Holstein,programmierung,Occupational Attributes,Programming,Both AI & ML
2025,Ahrensburg,Schleswig-Holstein,erp,Occupational Attributes,EnterpriseSystem,Both AI & ML
2025,Ahrensburg,Schleswig-Holstein,erp,Occupational Attributes,EnterpriseSystem,Both AI & ML
2025,Hamburg,Hamburg,machine learning,Statistics and Data,DataMining,Both AI & ML
2025,Hamburg,Hamburg,python,Occupational Attributes,Programming,Both AI & ML
2025,Hamburg,Hamburg,sql,Statistics and Data,StructuredData,Both AI & ML
2025,Hamburg,Hamburg,pandas,Statistics and Data,Statistics,Both AI & ML
2025,Hamburg,Hamburg,machine learning,Statistics and Data,DataMining,Both AI & ML
2025,Hamburg,Hamburg,sagemaker,MLOps,Platforms,Both AI & ML
2025,Hamburg,Hamburg,english,General,ForeignLanguage,Both AI & ML
2025,Hamburg,Hamburg,communication,Decision Making and Analytical,MSOffice,Both AI & ML
2025,Hamburg,Hamburg,proactive,Employee Attributes,Other,Both AI & ML
2025,Hamburg,Hamburg,flexible,Employee Attributes,Adaptability,Both AI & ML
2025,Düsseldorf,Nordrhein-Westfalen,machine learning,Statistics and Data,DataMining,Both AI & ML
2025,Bochum,Nordrhein-Westfalen,zusammenarbeit,Decision Making and Analytical,Interpersonal,Both AI & ML
2025,Bochum,Nordrhein-Westfalen,machine learning,Statistics and Data,DataMining,Both AI & ML
2025,Hamburg,Hamburg,responsible,Communication,Generic,Both AI & ML
2025,Hamburg,Hamburg,reliable,Employee Attributes,Other,Both AI & ML
2025,Hamburg,Hamburg,design,Decision Making and Analytical,DecisionMaking,Both AI & ML
2025,Hamburg,Hamburg,design,Decision Making and Analytical,DecisionMaking,Both AI & ML
2025,Hamburg,Hamburg,architecture,Occupational Attributes,Hardware,Both AI & ML
2025,Hamburg,Hamburg,hardware,Occupational Attributes,Hardware,Both AI & ML
2025,Hamburg,Hamburg,hardware,Occupational Attributes,Hardware,Both AI & ML
2025,Hamburg,Hamburg,design,Decision Making and Analytical,DecisionMaking,Both AI & ML
2025,Düsseldorf,Nordrhein-Westfalen,sap,Occupational Attributes,EnterpriseSystem,Both AI & ML
2025,Düsseldorf,Nordrhein-Westfalen,crm,Occupational Attributes,EnterpriseSystem,Both AI & ML
2025,Düsseldorf,Nordrhein-Westfalen,sap,Occupational Attributes,EnterpriseSystem,Both AI & ML
2025,Düsseldorf,Nordrhein-Westfalen,crm,Occupational Attributes,EnterpriseSystem,Both AI & ML
2025,Düsseldorf,Nordrhein-Westfalen,sap,Occupational Attributes,EnterpriseSystem,Both AI & ML
2025,Düsseldorf,Nordrhein-Westfalen,sap,Occupational Attributes,EnterpriseSystem,Both AI & ML
2025,Düsseldorf,Nordrhein-Westfalen,sap,Occupational Attributes,EnterpriseSystem,Both AI & ML
2025,Düsseldorf,Nordrhein-Westfalen,implementierung,Decision Making and Analytical,DecisionMaking,Both AI & ML
2025,Düsseldorf,Nordrhein-Westfalen,betriebsführung,Decision Making and Analytical,ProcessDesign,Both AI & ML
2025,Düsseldorf,Nordrhein-Westfalen,sap,Occupational Attributes,EnterpriseSystem,Both AI & ML
2025,Düsseldorf,Nordrhein-Westfalen,sap,Occupational Attributes,EnterpriseSystem,Both AI & ML
2025,Düsseldorf,Nordrhein-Westfalen,sap,Occupational Attributes,EnterpriseSystem,Both AI & ML
2025,Düsseldorf,Nordrhein-Westfalen,sap,Occupational Attributes,EnterpriseSystem,Both AI & ML
2025,Düsseldorf,Nordrhein-Westfalen,sap,Occupational Attributes,EnterpriseSystem,Both AI & ML
2025,Düsseldorf,Nordrhein-Westfalen,sap,Occupational Attributes,EnterpriseSystem,Both AI & ML
2025,Düsseldorf,Nordrhein-Westfalen,crm,Occupational Attributes,EnterpriseSystem,Both AI & ML
2025,Düsseldorf,Nordrhein-Westfalen,sap,Occupational Attributes,EnterpriseSystem,Both AI & ML
2025,Düsseldorf,Nordrhein-Westfalen,implementierung,Decision Making and Analytical,DecisionMaking,Both AI & ML
2025,Düsseldorf,Nordrhein-Westfalen,sap,Occupational Attributes,EnterpriseSystem,Both AI & ML
2025,Düsseldorf,Nordrhein-Westfalen,machine learning,Statistics and Data,DataMining,Both AI & ML
2025,Düsseldorf,Nordrhein-Westfalen,sap,Occupational Attributes,EnterpriseSystem,Both AI & ML
2025,Düsseldorf,Nordrhein-Westfalen,eigenverantwortlich,Employee Attributes,Attitude,Both AI & ML
2025,Nürnberg,Bayern,modeling,Decision Making and Analytical,DecisionMaking,Both AI & ML
2025,Nürnberg,Bayern,modeling,Decision Making and Analytical,DecisionMaking,Both AI & ML
2025,Nürnberg,Bayern,modellierung,Decision Making and Analytical,DecisionMaking,Both AI & ML
2025,Köln,Nordrhein-Westfalen,skalierung,Generative AI,Serving,Both AI & ML
2025,Köln,Nordrhein-Westfalen,zusammenarbeit,Decision Making and Analytical,Interpersonal,Both AI & ML
2025,Köln,Nordrhein-Westfalen,kommunikation,Decision Making and Analytical,MSOffice,Both AI & ML
2025,Köln,Nordrhein-Westfalen,integration,Occupational Attributes,EnterpriseSystem,Both AI & ML
2025,Köln,Nordrhein-Westfalen,reporting,Decision Making and Analytical,DecisionMaking,Both AI & ML
2025,Stuttgart,Baden-Württemberg,architecture,Occupational Attributes,Hardware,Both AI & ML
2025,Stuttgart,Baden-Württemberg,implementation,Decision Making and Analytical,DecisionMaking,Both AI & ML
2025,Stuttgart,Baden-Württemberg,independent,Employee Attributes,Independence,Both AI & ML
2025,Stuttgart,Baden-Württemberg,analysis,Decision Making and Analytical,DecisionMaking,Both AI & ML
2025,Stuttgart,Baden-Württemberg,implementation,Decision Making and Analytical,DecisionMaking,Both AI & ML
2025,Stuttgart,Baden-Württemberg,machine learning,Statistics and Data,DataMining,Both AI & ML
2025,Stuttgart,Baden-Württemberg,architecture,Occupational Attributes,Hardware,Both AI & ML
2025,Stuttgart,Baden-Württemberg,analysis,Decision Making and Analytical,DecisionMaking,Both AI & ML
2025,Stuttgart,Baden-Württemberg,german,General,ForeignLanguage,Both AI & ML
2025,Stuttgart,Baden-Württemberg,english,General,ForeignLanguage,Both AI & ML
2025,Stuttgart,Baden-Württemberg,confident,Employee Attributes,Confidence,Both AI & ML
2025,Stuttgart,Baden-Württemberg,analytical,Decision Making and Analytical,DecisionMaking,Both AI & ML
2025,Stuttgart,Baden-Württemberg,python,Occupational Attributes,Programming,Both AI & ML
2025,Stuttgart,Baden-Württemberg,design,Decision Making and Analytical,DecisionMaking,Both AI & ML
2025,Stuttgart,Baden-Württemberg,implementation,Decision Making and Analytical,DecisionMaking,Both AI & ML
2025,Stuttgart,Baden-Württemberg,architecture,Occupational Attributes,Hardware,Both AI & ML
2025,Stuttgart,Baden-Württemberg,azure,Cloud Platforms,Azure,Both AI & ML
2025,Stuttgart,Baden-Württemberg,databricks,MLOps,Platforms,Both AI & ML
2025,München,Bayern,architektur,Occupational Attributes,Hardware,Both AI & ML
2025,München,Bayern,architektur,Occupational Attributes,Hardware,Both AI & ML
2025,München,Bayern,netzwerk,Occupational Attributes,Networks,Both AI & ML
2025,München,Bayern,machine learning,Statistics and Data,DataMining,Both AI & ML
2025,München,Bayern,flexible,Employee Attributes,Adaptability,Both AI & ML
2025,Sindelfingen,Baden-Württemberg,transformer,Generative AI,LLM,Both AI & ML
2025,Renningen,Baden-Württemberg,spark,Statistics and Data,BigData,Both AI & ML
2025,Renningen,Baden-Württemberg,design,Decision Making and Analytical,DecisionMaking,Both AI & ML
2025,Renningen,Baden-Württemberg,design,Decision Making and Analytical,DecisionMaking,Both AI & ML
2025,Renningen,Baden-Württemberg,machine learning,Statistics and Data,DataMining,Both AI & ML
2025,Renningen,Baden-Württemberg,python,Occupational Attributes,Programming,Both AI & ML
2025,Renningen,Baden-Württemberg,english,General,ForeignLanguage,Both AI & ML
2025,Berlin,Berlin,analyse,Decision Making and Analytical,DecisionMaking,ML
2025,Berlin,Berlin,analyse,Decision Making and Analytical,DecisionMaking,ML
2025,Berlin,Berlin,zusammenarbeit,Decision Making and Analytical,Interpersonal,ML
2025,Berlin,Berlin,mathematik,General,Numeracy,ML
2025,Berlin,Berlin,statistik,Statistics and Data,Statistics,ML
2025,Berlin,Berlin,python,Occupational Attributes,Programming,ML
2025,Berlin,Berlin,sql,Statistics and Data,StructuredData,ML
2025,Berlin,Berlin,aws,Cloud Platforms,AWS,ML
2025,Heilbronn,Baden-Württemberg,machine learning,Statistics and Data,DataMining,Both AI & ML
2025,Heilbronn,Baden-Württemberg,mlops,MLOps,Core,Both AI & ML
2025,Heilbronn,Baden-Württemberg,dokumentation,Decision Making and Analytical,MSOffice,Both AI & ML
2025,Heilbronn,Baden-Württemberg,implementierung,Decision Making and Analytical,DecisionMaking,Both AI & ML
2025,Heilbronn,Baden-Württemberg,machine learning,Statistics and Data,DataMining,Both AI & ML
2025,Heilbronn,Baden-Württemberg,computer vision,Specialized ML,ComputerVision,Both AI & ML
2025,Renningen,Baden-Württemberg,design,Decision Making and Analytical,DecisionMaking,Both AI & ML
2025,Renningen,Baden-Württemberg,spark,Statistics and Data,BigData,Both AI & ML
2025,Renningen,Baden-Württemberg,design,Decision Making and Analytical,DecisionMaking,Both AI & ML
2025,Renningen,Baden-Württemberg,documentation,Decision Making and Analytical,MSOffice,Both AI & ML
2025,Renningen,Baden-Württemberg,machine learning,Statistics and Data,DataMining,Both AI & ML
2025,Renningen,Baden-Württemberg,python,Occupational Attributes,Programming,Both AI & ML
2025,Renningen,Baden-Württemberg,analytical,Decision Making and Analytical,DecisionMaking,Both AI & ML
2025,Renningen,Baden-Württemberg,english,General,ForeignLanguage,Both AI & ML
2025,Berlin,Berlin,design,Decision Making and Analytical,DecisionMaking,Both AI & ML
2025,Berlin,Berlin,machine learning,Statistics and Data,DataMining,Both AI & ML
2025,Berlin,Berlin,implementation,Decision Making and Analytical,DecisionMaking,Both AI & ML
2025,Berlin,Berlin,design,Decision Making and Analytical,DecisionMaking,Both AI & ML
2025,Nürnberg,Bayern,design,Decision Making and Analytical,DecisionMaking,Both AI & ML
2025,Nürnberg,Bayern,machine learning,Statistics and Data,DataMining,Both AI & ML
2025,Nürnberg,Bayern,collaboration,Decision Making and Analytical,Interpersonal,Both AI & ML
2025,Nürnberg,Bayern,mistral,Generative AI,LLM,Both AI & ML
2025,Nürnberg,Bayern,mistral,Generative AI,LLM,Both AI & ML
2025,Nürnberg,Bayern,reporting,Decision Making and Analytical,DecisionMaking,Both AI & ML
2025,Düsseldorf,Nordrhein-Westfalen,nlp,Specialized ML,NLP,Both AI & ML
2025,Düsseldorf,Nordrhein-Westfalen,computer vision,Specialized ML,ComputerVision,Both AI & ML
2025,Düsseldorf,Nordrhein-Westfalen,azure,Cloud Platforms,Azure,Both AI & ML
2025,Düsseldorf,Nordrhein-Westfalen,openai,Generative AI,Tools,Both AI & ML
2025,Düsseldorf,Nordrhein-Westfalen,deutsch,General,ForeignLanguage,Both AI & ML
2025,Düsseldorf,Nordrhein-Westfalen,azure,Cloud Platforms,Azure,Both AI & ML
2025,Düsseldorf,Nordrhein-Westfalen,azure,Cloud Platforms,Azure,Both AI & ML
2025,Düsseldorf,Nordrhein-Westfalen,openai,Generative AI,Tools,Both AI & ML
2025,Düsseldorf,Nordrhein-Westfalen,machine learning,Statistics and Data,DataMining,Both AI & ML
2025,Düsseldorf,Nordrhein-Westfalen,integration,Occupational Attributes,EnterpriseSystem,Both AI & ML
2025,Dingolfing,Bayern,big data,Statistics and Data,BigData,Both AI & ML
2025,Dingolfing,Bayern,big data,Statistics and Data,BigData,Both AI & ML
2025,Hof,Bayern,implementierung,Decision Making and Analytical,DecisionMaking,Both AI & ML
2025,Hof,Bayern,implementierung,Decision Making and Analytical,DecisionMaking,Both AI & ML
2025,Hof,Bayern,machine learning,Statistics and Data,DataMining,Both AI & ML
2025,München,Bayern,netzwerk,Occupational Attributes,Networks,Both AI & ML
2025,München,Bayern,mathematik,General,Numeracy,Both AI & ML
2025,München,Bayern,design,Decision Making and Analytical,DecisionMaking,Both AI & ML
2025,München,Bayern,machine learning,Statistics and Data,DataMining,Both AI & ML
2025,München,Bayern,testing,Decision Making and Analytical,DecisionMaking,Both AI & ML
2025,Reinbek,Schleswig-Holstein,llm,Generative AI,LLM,Both AI & ML
2025,Reinbek,Schleswig-Holstein,machine learning,Statistics and Data,DataMining,Both AI & ML
2025,Reinbek,Schleswig-Holstein,proactive,Employee Attributes,Other,Both AI & ML
2025,Reinbek,Schleswig-Holstein,llm,Generative AI,LLM,Both AI & ML
2025,Reinbek,Schleswig-Holstein,integration,Occupational Attributes,EnterpriseSystem,Both AI & ML
2025,Reinbek,Schleswig-Holstein,design,Decision Making and Analytical,DecisionMaking,Both AI & ML
2025,Reinbek,Schleswig-Holstein,machine learning,Statistics and Data,DataMining,Both AI & ML
2025,Reinbek,Schleswig-Holstein,nlp,Specialized ML,NLP,Both AI & ML
2025,Reinbek,Schleswig-Holstein,python,Occupational Attributes,Programming,Both AI & ML
2025,Reinbek,Schleswig-Holstein,analysis,Decision Making and Analytical,DecisionMaking,Both AI & ML
2025,Reinbek,Schleswig-Holstein,english,General,ForeignLanguage,Both AI & ML
2025,Reinbek,Schleswig-Holstein,german,General,ForeignLanguage,Both AI & ML
2025,Reinbek,Schleswig-Holstein,azure,Cloud Platforms,Azure,Both AI & ML
2025,Reinbek,Schleswig-Holstein,aws,Cloud Platforms,AWS,Both AI & ML
2025,Berlin,Berlin,mathematik,General,Numeracy,Both AI & ML
2025,Berlin,Berlin,analyse,Decision Making and Analytical,DecisionMaking,Both AI & ML
2025,Berlin,Berlin,communication,Decision Making and Analytical,MSOffice,Both AI & ML
2025,Berlin,Berlin,analyse,Decision Making and Analytical,DecisionMaking,Both AI & ML
2025,Hamburg,Hamburg,design,Decision Making and Analytical,DecisionMaking,Both AI & ML
2025,Hamburg,Hamburg,machine learning,Statistics and Data,DataMining,Both AI & ML
2025,Hamburg,Hamburg,python,Occupational Attributes,Programming,Both AI & ML
2025,Hamburg,Hamburg,c + +,Occupational Attributes,Programming,Both AI & ML
2025,Hamburg,Hamburg,sql,Statistics and Data,StructuredData,Both AI & ML
2025,Hamburg,Hamburg,analytical,Decision Making and Analytical,DecisionMaking,Both AI & ML
2025,Hamburg,Hamburg,machine learning,Statistics and Data,DataMining,Both AI & ML
2025,Hamburg,Hamburg,pandas,Statistics and Data,Statistics,Both AI & ML
2025,Hamburg,Hamburg,sagemaker,MLOps,Platforms,Both AI & ML
2025,Hamburg,Hamburg,big data,Statistics and Data,BigData,Both AI & ML
2025,Hamburg,Hamburg,machine learning,Statistics and Data,DataMining,Both AI & ML
2025,Hamburg,Hamburg,verbal,Communication,Verbal,Both AI & ML
2025,Hamburg,Hamburg,communication,Decision Making and Analytical,MSOffice,Both AI & ML
2025,Hamburg,Hamburg,english,General,ForeignLanguage,Both AI & ML
2025,Hamburg,Hamburg,machine learning,Statistics and Data,DataMining,Both AI & ML
2025,Hamburg,Hamburg,machine learning,Statistics and Data,DataMining,Both AI & ML
2025,Dresden,Sachsen,collaboration,Decision Making and Analytical,Interpersonal,Both AI & ML
2025,Dresden,Sachsen,association,Statistics and Data,DataMining,Both AI & ML
2025,Aachen,Nordrhein-Westfalen,machine learning,Statistics and Data,DataMining,Both AI & ML
2025,Aachen,Nordrhein-Westfalen,analysis,Decision Making and Analytical,DecisionMaking,Both AI & ML
2025,Aachen,Nordrhein-Westfalen,analysis,Decision Making and Analytical,DecisionMaking,Both AI & ML
2025,Aachen,Nordrhein-Westfalen,machine learning,Statistics and Data,DataMining,Both AI & ML
2025,Aachen,Nordrhein-Westfalen,analysis,Decision Making and Analytical,DecisionMaking,Both AI & ML
2025,Aachen,Nordrhein-Westfalen,python,Occupational Attributes,Programming,Both AI & ML
2025,Aachen,Nordrhein-Westfalen,analysis,Decision Making and Analytical,DecisionMaking,Both AI & ML
2025,,,machine learning,Statistics and Data,DataMining,Both AI & ML
2025,,,machine learning,Statistics and Data,DataMining,Both AI & ML
2025,,,design,Decision Making and Analytical,DecisionMaking,Both AI & ML
2025,,,machine learning,Statistics and Data,DataMining,Both AI & ML
2025,,,classification,Statistics and Data,DataMining,Both AI & ML
2025,,,testing,Decision Making and Analytical,DecisionMaking,Both AI & ML
2025,,,accuracy,Employee Attributes,DetailOriented,Both AI & ML
2025,Heilbronn,Baden-Württemberg,machine learning,Statistics and Data,DataMining,Both AI & ML
2025,Heilbronn,Baden-Württemberg,mlops,MLOps,Core,Both AI & ML
2025,Heilbronn,Baden-Württemberg,dokumentation,Decision Making and Analytical,MSOffice,Both AI & ML
2025,Heilbronn,Baden-Württemberg,implementierung,Decision Making and Analytical,DecisionMaking,Both AI & ML
2025,Karlsruhe,Baden-Württemberg,implementierung,Decision Making and Analytical,DecisionMaking,Both AI & ML
2025,Karlsruhe,Baden-Württemberg,machine learning,Statistics and Data,DataMining,Both AI & ML
2025,Karlsruhe,Baden-Württemberg,design,Decision Making and Analytical,DecisionMaking,Both AI & ML
2025,Karlsruhe,Baden-Württemberg,zusammenarbeit,Decision Making and Analytical,Interpersonal,Both AI & ML
2025,Karlsruhe,Baden-Württemberg,analyse,Decision Making and Analytical,DecisionMaking,Both AI & ML
2025,Karlsruhe,Baden-Württemberg,modellierung,Decision Making and Analytical,DecisionMaking,Both AI & ML
2025,Karlsruhe,Baden-Württemberg,machine learning,Statistics and Data,DataMining,Both AI & ML
2025,Berlin,Berlin,oracle,Statistics and Data,StructuredData,Both AI & ML
2025,Berlin,Berlin,sql,Statistics and Data,StructuredData,Both AI & ML
2025,Berlin,Berlin,server,Occupational Attributes,Hardware,Both AI & ML
2025,Berlin,Berlin,mysql,Statistics and Data,StructuredData,Both AI & ML
2025,Berlin,Berlin,postgresql,Statistics and Data,StructuredData,Both AI & ML
2025,Berlin,Berlin,cassandra,Statistics and Data,StructuredData,Both AI & ML
2025,Berlin,Berlin,storage,Occupational Attributes,Hardware,Both AI & ML
2025,Berlin,Berlin,hardware,Occupational Attributes,Hardware,Both AI & ML
2025,Berlin,Berlin,implementation,Decision Making and Analytical,DecisionMaking,Both AI & ML
2025,Berlin,Berlin,design,Decision Making and Analytical,DecisionMaking,Both AI & ML
2025,Berlin,Berlin,integration,Occupational Attributes,EnterpriseSystem,Both AI & ML
2025,Berlin,Berlin,interpersonal,Decision Making and Analytical,Interpersonal,Both AI & ML
2025,Berlin,Berlin,aws,Cloud Platforms,AWS,Both AI & ML
2025,Berlin,Berlin,aws,Cloud Platforms,AWS,Both AI & ML
2025,Berlin,Berlin,design,Decision Making and Analytical,DecisionMaking,Both AI & ML
2025,Berlin,Berlin,aws,Cloud Platforms,AWS,Both AI & ML
2025,Berlin,Berlin,aws,Cloud Platforms,AWS,Both AI & ML
2025,Berlin,Berlin,machine learning,Statistics and Data,DataMining,Both AI & ML
2025,Berlin,Berlin,aws,Cloud Platforms,AWS,Both AI & ML
2025,Berlin,Berlin,creative,Decision Making and Analytical,Creativity,Both AI & ML
2025,Lippstadt,Nordrhein-Westfalen,implementierung,Decision Making and Analytical,DecisionMaking,Both AI & ML
2025,Lippstadt,Nordrhein-Westfalen,bildverarbeitung,Specialized ML,ComputerVision,Both AI & ML
2025,Lippstadt,Nordrhein-Westfalen,integration,Occupational Attributes,EnterpriseSystem,Both AI & ML
2025,Lippstadt,Nordrhein-Westfalen,integration,Occupational Attributes,EnterpriseSystem,Both AI & ML
2025,Lippstadt,Nordrhein-Westfalen,bildverarbeitung,Specialized ML,ComputerVision,Both AI & ML
2025,Lippstadt,Nordrhein-Westfalen,selbstständig,Employee Attributes,Independence,Both AI & ML
2025,Berlin,Berlin,machine learning,Statistics and Data,DataMining,Both AI & ML
2025,Berlin,Berlin,communication,Decision Making and Analytical,MSOffice,Both AI & ML
2025,Berlin,Berlin,machine learning,Statistics and Data,DataMining,Both AI & ML
2025,Berlin,Berlin,python,Occupational Attributes,Programming,Both AI & ML
2025,Berlin,Berlin,machine learning,Statistics and Data,DataMining,Both AI & ML
2025,Berlin,Berlin,pandas,Statistics and Data,Statistics,Both AI & ML
2025,Berlin,Berlin,machine learning,Statistics and Data,DataMining,Both AI & ML
2025,Berlin,Berlin,machine learning,Statistics and Data,DataMining,Both AI & ML
2025,Berlin,Berlin,docker,MLOps,Tools,Both AI & ML
2025,Berlin,Berlin,aws,Cloud Platforms,AWS,Both AI & ML
2025,Berlin,Berlin,gcp,Cloud Platforms,GCP,Both AI & ML
2025,Berlin,Berlin,sql,Statistics and Data,StructuredData,Both AI & ML
2025,Berlin,Berlin,nosql,Statistics and Data,BigData,Both AI & ML
2025,Berlin,Berlin,analysis,Decision Making and Analytical,DecisionMaking,Both AI & ML
2025,Berlin,Berlin,gis,Decision Making and Analytical,Analytical,Both AI & ML
2025,Berlin,Berlin,machine learning,Statistics and Data,DataMining,Both AI & ML
2025,Berlin,Berlin,responsible,Communication,Generic,Both AI & ML
2025,Konstanz,Baden-Württemberg,german,General,ForeignLanguage,Both AI & ML
2025,Konstanz,Baden-Württemberg,design,Decision Making and Analytical,DecisionMaking,Both AI & ML
2025,Konstanz,Baden-Württemberg,english,General,ForeignLanguage,Both AI & ML
2025,Konstanz,Baden-Württemberg,german,General,ForeignLanguage,Both AI & ML
2025,Konstanz,Baden-Württemberg,modeling,Decision Making and Analytical,DecisionMaking,Both AI & ML
2025,Konstanz,Baden-Württemberg,analysis,Decision Making and Analytical,DecisionMaking,Both AI & ML
2025,Konstanz,Baden-Württemberg,machine learning,Statistics and Data,DataMining,Both AI & ML
2025,Konstanz,Baden-Württemberg,english,General,ForeignLanguage,Both AI & ML
2025,Düsseldorf,Nordrhein-Westfalen,azure,Cloud Platforms,Azure,Both AI & ML
2025,Düsseldorf,Nordrhein-Westfalen,implementierung,Decision Making and Analytical,DecisionMaking,Both AI & ML
2025,Düsseldorf,Nordrhein-Westfalen,azure,Cloud Platforms,Azure,Both AI & ML
2025,Düsseldorf,Nordrhein-Westfalen,azure,Cloud Platforms,Azure,Both AI & ML
2025,Düsseldorf,Nordrhein-Westfalen,machine learning,Statistics and Data,DataMining,Both AI & ML
2025,Düsseldorf,Nordrhein-Westfalen,analyse,Decision Making and Analytical,DecisionMaking,Both AI & ML
2025,Düsseldorf,Nordrhein-Westfalen,zusammenarbeit,Decision Making and Analytical,Interpersonal,Both AI & ML
2025,Berlin,Berlin,design,Decision Making and Analytical,DecisionMaking,Both AI & ML
2025,Berlin,Berlin,scaling,Generative AI,Serving,Both AI & ML
2025,Berlin,Berlin,c + +,Occupational Attributes,Programming,Both AI & ML
2025,Berlin,Berlin,flexible,Employee Attributes,Adaptability,Both AI & ML
2025,Berlin,Berlin,aws,Cloud Platforms,AWS,Both AI & ML
2025,Berlin,Berlin,hardware,Occupational Attributes,Hardware,Both AI & ML
2025,Berlin,Berlin,machine learning,Statistics and Data,DataMining,Both AI & ML
2025,Berlin,Berlin,aws,Cloud Platforms,AWS,Both AI & ML
2025,Berlin,Berlin,storage,Occupational Attributes,Hardware,Both AI & ML
2025,Berlin,Berlin,aws,Cloud Platforms,AWS,Both AI & ML
2025,Berlin,Berlin,storage,Occupational Attributes,Hardware,Both AI & ML
2025,Berlin,Berlin,aws,Cloud Platforms,AWS,Both AI & ML
2025,Berlin,Berlin,design,Decision Making and Analytical,DecisionMaking,Both AI & ML
2025,Berlin,Berlin,testing,Decision Making and Analytical,DecisionMaking,Both AI & ML
2025,Berlin,Berlin,mlops,MLOps,Core,Both AI & ML
2025,Berlin,Berlin,docker,MLOps,Tools,Both AI & ML
2025,Berlin,Berlin,integration,Occupational Attributes,EnterpriseSystem,Both AI & ML
2025,Berlin,Berlin,python,Occupational Attributes,Programming,Both AI & ML
2025,Berlin,Berlin,fastapi,Generative AI,Serving,Both AI & ML
2025,Berlin,Berlin,transformers,Generative AI,Tools,Both AI & ML
2025,Berlin,Berlin,dokumentation,Decision Making and Analytical,MSOffice,Both AI & ML
2025,Berlin,Berlin,docker,MLOps,Tools,Both AI & ML
2025,Berlin,Berlin,analyse,Decision Making and Analytical,DecisionMaking,Both AI & ML
2025,Köln,Nordrhein-Westfalen,analyse,Decision Making and Analytical,DecisionMaking,Both AI & ML
2025,München,Bayern,design,Decision Making and Analytical,DecisionMaking,Both AI & ML
2025,München,Bayern,design,Decision Making and Analytical,DecisionMaking,Both AI & ML
2025,München,Bayern,docker,MLOps,Tools,Both AI & ML
2025,Berlin,Berlin,design,Decision Making and Analytical,DecisionMaking,Both AI & ML
2025,Berlin,Berlin,machine learning,Statistics and Data,DataMining,Both AI & ML
2025,Berlin,Berlin,integration,Occupational Attributes,EnterpriseSystem,Both AI & ML
2025,Berlin,Berlin,implementierung,Decision Making and Analytical,DecisionMaking,Both AI & ML
2025,Berlin,Berlin,architektur,Occupational Attributes,Hardware,Both AI & ML
2025,Berlin,Berlin,python,Occupational Attributes,Programming,Both AI & ML
2025,Berlin,Berlin,langchain,Generative AI,Tools,Both AI & ML
2025,Berlin,Berlin,skalierung,Generative AI,Serving,Both AI & ML
2025,Berlin,Berlin,kubernetes,MLOps,Tools,Both AI & ML
2025,Berlin,Berlin,docker,MLOps,Tools,Both AI & ML
2025,Hilden,Nordrhein-Westfalen,english,General,ForeignLanguage,Both AI & ML
2025,Hilden,Nordrhein-Westfalen,collaboration,Decision Making and Analytical,Interpersonal,Both AI & ML
2025,Hilden,Nordrhein-Westfalen,implementation,Decision Making and Analytical,DecisionMaking,Both AI & ML
2025,Hilden,Nordrhein-Westfalen,scaling,Generative AI,Serving,Both AI & ML
2025,Wiesbaden,Hessen,nlp,Specialized ML,NLP,Both AI & ML
2025,Wiesbaden,Hessen,englisch,General,ForeignLanguage,Both AI & ML
2025,Wiesbaden,Hessen,französisch,General,ForeignLanguage,Both AI & ML
2025,Wiesbaden,Hessen,spanisch,General,ForeignLanguage,Both AI & ML
2025,Wiesbaden,Hessen,integration,Occupational Attributes,EnterpriseSystem,Both AI & ML
2025,Wiesbaden,Hessen,machine learning,Statistics and Data,DataMining,Both AI & ML
2025,Düsseldorf,Nordrhein-Westfalen,implementierung,Decision Making and Analytical,DecisionMaking,Both AI & ML
2025,Düsseldorf,Nordrhein-Westfalen,llm,Generative AI,LLM,Both AI & ML
2025,Düsseldorf,Nordrhein-Westfalen,machine learning,Statistics and Data,DataMining,Both AI & ML
2025,Düsseldorf,Nordrhein-Westfalen,architektur,Occupational Attributes,Hardware,Both AI & ML
2025,Düsseldorf,Nordrhein-Westfalen,llm,Generative AI,LLM,Both AI & ML
2025,Berlin,Berlin,design,Decision Making and Analytical,DecisionMaking,AI
2025,Berlin,Berlin,llm,Generative AI,LLM,AI
2025,Berlin,Berlin,llm,Generative AI,LLM,AI
2025,Berlin,Berlin,design,Decision Making and Analytical,DecisionMaking,AI
2025,Berlin,Berlin,testing,Decision Making and Analytical,DecisionMaking,AI
2025,Berlin,Berlin,reliable,Employee Attributes,Other,AI
2025,Berlin,Berlin,design,Decision Making and Analytical,DecisionMaking,AI
2025,Berlin,Berlin,saas,Occupational Attributes,EnterpriseSystem,AI
2025,Oelde,Nordrhein-Westfalen,netzwerk,Occupational Attributes,Networks,Both AI & ML
2025,Oelde,Nordrhein-Westfalen,analyse,Decision Making and Analytical,DecisionMaking,Both AI & ML
2025,Oelde,Nordrhein-Westfalen,implementierung,Decision Making and Analytical,DecisionMaking,Both AI & ML
2025,Oelde,Nordrhein-Westfalen,zusammenarbeit,Decision Making and Analytical,Interpersonal,Both AI & ML
2025,Oelde,Nordrhein-Westfalen,präsentation,Communication,Presentation,Both AI & ML
2025,Oelde,Nordrhein-Westfalen,machine learning,Statistics and Data,DataMining,Both AI & ML
2025,Berlin,Berlin,python,Occupational Attributes,Programming,Both AI & ML
2025,Berlin,Berlin,aws,Cloud Platforms,AWS,Both AI & ML
2025,Berlin,Berlin,architecture,Occupational Attributes,Hardware,Both AI & ML
2025,Berlin,Berlin,precision,MLOps,Evaluation,Both AI & ML
2025,Berlin,Berlin,english,General,ForeignLanguage,Both AI & ML
2025,Berlin,Berlin,communication,Decision Making and Analytical,MSOffice,Both AI & ML
2025,Berlin,Berlin,python,Occupational Attributes,Programming,Both AI & ML
2025,Berlin,Berlin,sql,Statistics and Data,StructuredData,Both AI & ML
2025,Berlin,Berlin,aws,Cloud Platforms,AWS,Both AI & ML
2025,Freiburg im Breisgau,Baden-Württemberg,projektmanagement,Occupational Attributes,ProjectManagement,Both AI & ML
2025,Freiburg im Breisgau,Baden-Württemberg,analyse,Decision Making and Analytical,DecisionMaking,Both AI & ML
2025,Freiburg im Breisgau,Baden-Württemberg,projektmanagement,Occupational Attributes,ProjectManagement,Both AI & ML
2025,Freiburg im Breisgau,Baden-Württemberg,architektur,Occupational Attributes,Hardware,Both AI & ML
2025,Germering,Bayern,python,Occupational Attributes,Programming,Both AI & ML
2025,Germering,Bayern,integration,Occupational Attributes,EnterpriseSystem,Both AI & ML
2025,Germering,Bayern,zusammenarbeit,Decision Making and Analytical,Interpersonal,Both AI & ML
2025,Germering,Bayern,transformers,Generative AI,Tools,Both AI & ML
2025,Germering,Bayern,machine learning,Statistics and Data,DataMining,Both AI & ML
2025,Germering,Bayern,machine learning,Statistics and Data,DataMining,Both AI & ML
2025,Germering,Bayern,mathematik,General,Numeracy,Both AI & ML
2025,Germering,Bayern,python,Occupational Attributes,Programming,Both AI & ML
2025,Germering,Bayern,sql,Statistics and Data,StructuredData,Both AI & ML
2025,Köln,Nordrhein-Westfalen,ergebnisorientiert,Employee Attributes,Motivation,Both AI & ML
2025,Köln,Nordrhein-Westfalen,machine learning,Statistics and Data,DataMining,Both AI & ML
2025,Köln,Nordrhein-Westfalen,python,Occupational Attributes,Programming,Both AI & ML
2025,Köln,Nordrhein-Westfalen,c + +,Occupational Attributes,Programming,Both AI & ML
2025,Köln,Nordrhein-Westfalen,java,Occupational Attributes,Programming,Both AI & ML
2025,Köln,Nordrhein-Westfalen,implementierung,Decision Making and Analytical,DecisionMaking,Both AI & ML
2025,Köln,Nordrhein-Westfalen,python,Occupational Attributes,Programming,Both AI & ML
2025,Köln,Nordrhein-Westfalen,java,Occupational Attributes,Programming,Both AI & ML
2025,Köln,Nordrhein-Westfalen,c + +,Occupational Attributes,Programming,Both AI & ML
2025,Köln,Nordrhein-Westfalen,machine learning,Statistics and Data,DataMining,Both AI & ML
2025,Köln,Nordrhein-Westfalen,motiviert,Employee Attributes,Motivation,Both AI & ML
2025,Köln,Nordrhein-Westfalen,zusammenarbeit,Decision Making and Analytical,Interpersonal,Both AI & ML
2025,Freiburg im Breisgau,Baden-Württemberg,implementierung,Decision Making and Analytical,DecisionMaking,Both AI & ML
2025,Freiburg im Breisgau,Baden-Württemberg,machine learning,Statistics and Data,DataMining,Both AI & ML
2025,Freiburg im Breisgau,Baden-Württemberg,zusammenarbeit,Decision Making and Analytical,Interpersonal,Both AI & ML
2025,Freiburg im Breisgau,Baden-Württemberg,integration,Occupational Attributes,EnterpriseSystem,Both AI & ML
2025,Freiburg im Breisgau,Baden-Württemberg,dokumentation,Decision Making and Analytical,MSOffice,Both AI & ML
2025,Freiburg im Breisgau,Baden-Württemberg,implementierung,Decision Making and Analytical,DecisionMaking,Both AI & ML
2025,Freiburg im Breisgau,Baden-Württemberg,machine learning,Statistics and Data,DataMining,Both AI & ML
2025,Freiburg im Breisgau,Baden-Württemberg,python,Occupational Attributes,Programming,Both AI & ML
2025,Freiburg im Breisgau,Baden-Württemberg,datenanalyse,General,Research,Both AI & ML
2025,Freiburg im Breisgau,Baden-Württemberg,deutsch,General,ForeignLanguage,Both AI & ML
2025,Frankfurt am Main,Hessen,machine learning,Statistics and Data,DataMining,Both AI & ML
2025,Frankfurt am Main,Hessen,machine learning,Statistics and Data,DataMining,Both AI & ML
2025,Frankfurt am Main,Hessen,selbstständig,Employee Attributes,Independence,Both AI & ML
2025,Frankfurt am Main,Hessen,datenerhebung,General,Research,Both AI & ML
2025,Frankfurt am Main,Hessen,deutsch,General,ForeignLanguage,Both AI & ML
2025,Köln,Nordrhein-Westfalen,machine learning,Statistics and Data,DataMining,Both AI & ML
2025,Köln,Nordrhein-Westfalen,implementierung,Decision Making and Analytical,DecisionMaking,Both AI & ML
2025,Köln,Nordrhein-Westfalen,langchain,Generative AI,Tools,Both AI & ML
2025,Köln,Nordrhein-Westfalen,python,Occupational Attributes,Programming,Both AI & ML
2025,Köln,Nordrhein-Westfalen,flexibel,Employee Attributes,Adaptability,Both AI & ML
2025,Köln,Nordrhein-Westfalen,machine learning,Statistics and Data,DataMining,Both AI & ML
2025,Köln,Nordrhein-Westfalen,responsible,Communication,Generic,Both AI & ML
2025,Köln,Nordrhein-Westfalen,communication,Decision Making and Analytical,MSOffice,Both AI & ML
2025,Köln,Nordrhein-Westfalen,troubleshoot,Decision Making and Analytical,ProblemSolving,Both AI & ML
2025,Köln,Nordrhein-Westfalen,crm,Occupational Attributes,EnterpriseSystem,Both AI & ML
2025,Köln,Nordrhein-Westfalen,design,Decision Making and Analytical,DecisionMaking,Both AI & ML
2025,Köln,Nordrhein-Westfalen,documentation,Decision Making and Analytical,MSOffice,Both AI & ML
2025,Köln,Nordrhein-Westfalen,documentation,Decision Making and Analytical,MSOffice,Both AI & ML
2025,Köln,Nordrhein-Westfalen,mlops,MLOps,Core,Both AI & ML
2025,Köln,Nordrhein-Westfalen,architektur,Occupational Attributes,Hardware,Both AI & ML
2025,Köln,Nordrhein-Westfalen,dokumentation,Decision Making and Analytical,MSOffice,Both AI & ML
2025,Frankfurt am Main,Hessen,analytical,Decision Making and Analytical,DecisionMaking,Both AI & ML
2025,Frankfurt am Main,Hessen,competitive,Communication,Generic,Both AI & ML
2025,Frankfurt am Main,Hessen,storage,Occupational Attributes,Hardware,Both AI & ML
2025,Frankfurt am Main,Hessen,machine learning,Statistics and Data,DataMining,Both AI & ML
2025,Freiburg im Breisgau,Baden-Württemberg,analyse,Decision Making and Analytical,DecisionMaking,Both AI & ML
2025,Freiburg im Breisgau,Baden-Württemberg,skalierung,Generative AI,Serving,Both AI & ML
2025,Freiburg im Breisgau,Baden-Württemberg,aws,Cloud Platforms,AWS,Both AI & ML
2025,Freiburg im Breisgau,Baden-Württemberg,azure,Cloud Platforms,Azure,Both AI & ML
2025,Freiburg im Breisgau,Baden-Württemberg,integration,Occupational Attributes,EnterpriseSystem,Both AI & ML
2025,Freiburg im Breisgau,Baden-Württemberg,docker,MLOps,Tools,Both AI & ML
2025,Freiburg im Breisgau,Baden-Württemberg,aws,Cloud Platforms,AWS,Both AI & ML
2025,Freiburg im Breisgau,Baden-Württemberg,azure,Cloud Platforms,Azure,Both AI & ML
2025,Freiburg im Breisgau,Baden-Württemberg,python,Occupational Attributes,Programming,Both AI & ML
2025,Freiburg im Breisgau,Baden-Württemberg,machine learning,Statistics and Data,DataMining,Both AI & ML
2025,Freiburg im Breisgau,Baden-Württemberg,deutsch,General,ForeignLanguage,Both AI & ML
2025,Düsseldorf,Nordrhein-Westfalen,azure,Cloud Platforms,Azure,Both AI & ML
2025,Düsseldorf,Nordrhein-Westfalen,azure,Cloud Platforms,Azure,Both AI & ML
2025,Düsseldorf,Nordrhein-Westfalen,openai,Generative AI,Tools,Both AI & ML
2025,Düsseldorf,Nordrhein-Westfalen,machine learning,Statistics and Data,DataMining,Both AI & ML
2025,Düsseldorf,Nordrhein-Westfalen,integration,Occupational Attributes,EnterpriseSystem,Both AI & ML
2025,Düsseldorf,Nordrhein-Westfalen,nlp,Specialized ML,NLP,Both AI & ML
2025,Düsseldorf,Nordrhein-Westfalen,computer vision,Specialized ML,ComputerVision,Both AI & ML
2025,Düsseldorf,Nordrhein-Westfalen,azure,Cloud Platforms,Azure,Both AI & ML
2025,Düsseldorf,Nordrhein-Westfalen,openai,Generative AI,Tools,Both AI & ML
2025,Düsseldorf,Nordrhein-Westfalen,deutsch,General,ForeignLanguage,Both AI & ML
2025,Bremen,Bremen,analyse,Decision Making and Analytical,DecisionMaking,Both AI & ML
2025,Bremen,Bremen,analyse,Decision Making and Analytical,DecisionMaking,Both AI & ML
2025,Bremen,Bremen,integration,Occupational Attributes,EnterpriseSystem,Both AI & ML
2025,Bremen,Bremen,planung,Data Engineering,Orchestration,Both AI & ML
2025,Bremen,Bremen,design,Decision Making and Analytical,DecisionMaking,Both AI & ML
2025,Dortmund,Nordrhein-Westfalen,sap,Occupational Attributes,EnterpriseSystem,Both AI & ML
2025,Dortmund,Nordrhein-Westfalen,verantwortlich,Communication,Generic,Both AI & ML
2025,Dortmund,Nordrhein-Westfalen,implementierung,Decision Making and Analytical,DecisionMaking,Both AI & ML
2025,Dortmund,Nordrhein-Westfalen,sap,Occupational Attributes,EnterpriseSystem,Both AI & ML
2025,Dortmund,Nordrhein-Westfalen,analyse,Decision Making and Analytical,DecisionMaking,Both AI & ML
2025,Dortmund,Nordrhein-Westfalen,sap,Occupational Attributes,EnterpriseSystem,Both AI & ML
2025,Dortmund,Nordrhein-Westfalen,sap,Occupational Attributes,EnterpriseSystem,Both AI & ML
2025,Dortmund,Nordrhein-Westfalen,sap,Occupational Attributes,EnterpriseSystem,Both AI & ML
2025,Dortmund,Nordrhein-Westfalen,sap,Occupational Attributes,EnterpriseSystem,Both AI & ML
2025,Dortmund,Nordrhein-Westfalen,projektmanagement,Occupational Attributes,ProjectManagement,Both AI & ML
2025,Dortmund,Nordrhein-Westfalen,sap,Occupational Attributes,EnterpriseSystem,Both AI & ML
2025,Dortmund,Nordrhein-Westfalen,erp,Occupational Attributes,EnterpriseSystem,Both AI & ML
2025,Dortmund,Nordrhein-Westfalen,sap,Occupational Attributes,EnterpriseSystem,Both AI & ML
2025,Dortmund,Nordrhein-Westfalen,programmierung,Occupational Attributes,Programming,Both AI & ML
2025,Dortmund,Nordrhein-Westfalen,machine learning,Statistics and Data,DataMining,Both AI & ML
2025,Dortmund,Nordrhein-Westfalen,zusammenarbeit,Decision Making and Analytical,Interpersonal,Both AI & ML
2025,Bremen,Bremen,flexibel,Employee Attributes,Adaptability,Both AI & ML
2025,Bremen,Bremen,python,Occupational Attributes,Programming,Both AI & ML
2025,Bremen,Bremen,implementierung,Decision Making and Analytical,DecisionMaking,Both AI & ML
2025,Bremen,Bremen,python,Occupational Attributes,Programming,Both AI & ML
2025,Bremen,Bremen,python,Occupational Attributes,Programming,Both AI & ML
2025,Bremen,Bremen,gis,Decision Making and Analytical,Analytical,Both AI & ML
2025,Bremen,Bremen,analyse,Decision Making and Analytical,DecisionMaking,Both AI & ML
2025,Bremen,Bremen,dokumentation,Decision Making and Analytical,MSOffice,Both AI & ML
2025,Bremen,Bremen,python,Occupational Attributes,Programming,Both AI & ML
2025,Bremen,Bremen,implementierung,Decision Making and Analytical,DecisionMaking,Both AI & ML
2025,Bremen,Bremen,implementierung,Decision Making and Analytical,DecisionMaking,Both AI & ML
2025,Bremen,Bremen,machine learning,Statistics and Data,DataMining,Both AI & ML
2025,Berlin,Berlin,machine learning,Statistics and Data,DataMining,Both AI & ML
2025,Berlin,Berlin,responsible,Communication,Generic,Both AI & ML
2025,Berlin,Berlin,flexible,Employee Attributes,Adaptability,Both AI & ML
2025,Dresden,Sachsen,machine learning,Statistics and Data,DataMining,Both AI & ML
2025,Dresden,Sachsen,architecture,Occupational Attributes,Hardware,Both AI & ML
2025,Dresden,Sachsen,design,Decision Making and Analytical,DecisionMaking,Both AI & ML
2025,Dresden,Sachsen,architecture,Occupational Attributes,Hardware,Both AI & ML
2025,Dresden,Sachsen,design,Decision Making and Analytical,DecisionMaking,Both AI & ML
2025,Dresden,Sachsen,design,Decision Making and Analytical,DecisionMaking,Both AI & ML
2025,Dresden,Sachsen,design,Decision Making and Analytical,DecisionMaking,Both AI & ML
2025,Dresden,Sachsen,architecture,Occupational Attributes,Hardware,Both AI & ML
2025,Dresden,Sachsen,java,Occupational Attributes,Programming,Both AI & ML
2025,Dresden,Sachsen,python,Occupational Attributes,Programming,Both AI & ML
2025,Dresden,Sachsen,design,Decision Making and Analytical,DecisionMaking,Both AI & ML
2025,Bremen,Bremen,competitive,Communication,Generic,Both AI & ML
2025,Bremen,Bremen,analyse,Decision Making and Analytical,DecisionMaking,Both AI & ML
2025,Bremen,Bremen,excel,Decision Making and Analytical,MSOffice,Both AI & ML
2025,Bremen,Bremen,powerpoint,Decision Making and Analytical,MSOffice,Both AI & ML
2025,Bremen,Bremen,recherche,General,Research,Both AI & ML
2025,Bremen,Bremen,planung,Data Engineering,Orchestration,Both AI & ML
2025,Bremen,Bremen,textklassifizierung,Specialized ML,NLP,Both AI & ML
2025,Bremen,Bremen,python,Occupational Attributes,Programming,Both AI & ML
2025,Bremen,Bremen,sql,Statistics and Data,StructuredData,Both AI & ML
2025,Bremen,Bremen,javascript,Occupational Attributes,Programming,Both AI & ML
2025,Bremen,Bremen,machine learning,Statistics and Data,DataMining,Both AI & ML
2025,Essen,Nordrhein-Westfalen,collaboration,Decision Making and Analytical,Interpersonal,Both AI & ML
2025,Essen,Nordrhein-Westfalen,machine learning,Statistics and Data,DataMining,Both AI & ML
2025,Essen,Nordrhein-Westfalen,excel,Decision Making and Analytical,MSOffice,Both AI & ML
2025,Essen,Nordrhein-Westfalen,powerbi,Occupational Attributes,Visualization,Both AI & ML
2025,Essen,Nordrhein-Westfalen,deutsch,General,ForeignLanguage,Both AI & ML
2025,Berlin,Berlin,design,Decision Making and Analytical,DecisionMaking,Both AI & ML
2025,Berlin,Berlin,analysis,Decision Making and Analytical,DecisionMaking,Both AI & ML
2025,Berlin,Berlin,aws,Cloud Platforms,AWS,Both AI & ML
2025,Berlin,Berlin,python,Occupational Attributes,Programming,Both AI & ML
2025,Berlin,Berlin,sql,Statistics and Data,StructuredData,Both AI & ML
2025,Berlin,Berlin,machine learning,Statistics and Data,DataMining,Both AI & ML
2025,Berlin,Berlin,visualization,Occupational Attributes,Visualization,Both AI & ML
2025,Berlin,Berlin,tableau,Occupational Attributes,Visualization,Both AI & ML
2025,Berlin,Berlin,sas,Statistics and Data,Statistics,Both AI & ML
2025,Berlin,Berlin,sas,Statistics and Data,Statistics,Both AI & ML
2025,Berlin,Berlin,sas,Statistics and Data,Statistics,Both AI & ML
2025,Berlin,Berlin,architecture,Occupational Attributes,Hardware,Both AI & ML
2025,Walldorf,Baden-Württemberg,sap,Occupational Attributes,EnterpriseSystem,Both AI & ML
2025,Walldorf,Baden-Württemberg,collaboration,Decision Making and Analytical,Interpersonal,Both AI & ML
2025,Walldorf,Baden-Württemberg,integration,Occupational Attributes,EnterpriseSystem,Both AI & ML
2025,Walldorf,Baden-Württemberg,sap,Occupational Attributes,EnterpriseSystem,Both AI & ML
2025,Walldorf,Baden-Württemberg,machine learning,Statistics and Data,DataMining,Both AI & ML
2025,Walldorf,Baden-Württemberg,scheduling,Data Engineering,Orchestration,Both AI & ML
2025,Walldorf,Baden-Württemberg,python,Occupational Attributes,Programming,Both AI & ML
2025,Walldorf,Baden-Württemberg,english,General,ForeignLanguage,Both AI & ML
2025,Walldorf,Baden-Württemberg,communication,Decision Making and Analytical,MSOffice,Both AI & ML
2025,Walldorf,Baden-Württemberg,german,General,ForeignLanguage,Both AI & ML
2025,Walldorf,Baden-Württemberg,english,General,ForeignLanguage,Both AI & ML
2025,Walldorf,Baden-Württemberg,german,General,ForeignLanguage,Both AI & ML
2025,Düsseldorf,Nordrhein-Westfalen,machine learning,Statistics and Data,DataMining,Both AI & ML
2025,Düsseldorf,Nordrhein-Westfalen,accuracy,Employee Attributes,DetailOriented,Both AI & ML
2025,Düsseldorf,Nordrhein-Westfalen,llm,Generative AI,LLM,Both AI & ML
2025,Düsseldorf,Nordrhein-Westfalen,rag,Generative AI,Techniques,Both AI & ML
2025,Düsseldorf,Nordrhein-Westfalen,azure,Cloud Platforms,Azure,Both AI & ML
2025,Köln,Nordrhein-Westfalen,machine learning,Statistics and Data,DataMining,Both AI & ML
2025,Köln,Nordrhein-Westfalen,implementierung,Decision Making and Analytical,DecisionMaking,Both AI & ML
2025,Köln,Nordrhein-Westfalen,langchain,Generative AI,Tools,Both AI & ML
2025,Köln,Nordrhein-Westfalen,python,Occupational Attributes,Programming,Both AI & ML
2025,Heilbronn,Baden-Württemberg,computer vision,Specialized ML,ComputerVision,Both AI & ML
2025,Heilbronn,Baden-Württemberg,computer vision,Specialized ML,ComputerVision,Both AI & ML
2025,Heilbronn,Baden-Württemberg,integration,Occupational Attributes,EnterpriseSystem,Both AI & ML
2025,Heilbronn,Baden-Württemberg,zusammenarbeit,Decision Making and Analytical,Interpersonal,Both AI & ML
2025,Heilbronn,Baden-Württemberg,python,Occupational Attributes,Programming,Both AI & ML
2025,Heilbronn,Baden-Württemberg,fastapi,Generative AI,Serving,Both AI & ML
2025,Heilbronn,Baden-Württemberg,sql,Statistics and Data,StructuredData,Both AI & ML
2025,Heilbronn,Baden-Württemberg,docker,MLOps,Tools,Both AI & ML
2025,Heilbronn,Baden-Württemberg,machine learning,Statistics and Data,DataMining,Both AI & ML
2025,Heilbronn,Baden-Württemberg,computer vision,Specialized ML,ComputerVision,Both AI & ML
2025,Köln,Nordrhein-Westfalen,design,Decision Making and Analytical,DecisionMaking,Both AI & ML
2025,Köln,Nordrhein-Westfalen,design,Decision Making and Analytical,DecisionMaking,Both AI & ML
2025,Köln,Nordrhein-Westfalen,architecture,Occupational Attributes,Hardware,Both AI & ML
2025,Köln,Nordrhein-Westfalen,design,Decision Making and Analytical,DecisionMaking,Both AI & ML
2025,Köln,Nordrhein-Westfalen,design,Decision Making and Analytical,DecisionMaking,Both AI & ML
2025,Köln,Nordrhein-Westfalen,design,Decision Making and Analytical,DecisionMaking,Both AI & ML
2025,Köln,Nordrhein-Westfalen,architecture,Occupational Attributes,Hardware,Both AI & ML
2025,Köln,Nordrhein-Westfalen,integration,Occupational Attributes,EnterpriseSystem,Both AI & ML
2025,Köln,Nordrhein-Westfalen,architecture,Occupational Attributes,Hardware,Both AI & ML
2025,Köln,Nordrhein-Westfalen,architecture,Occupational Attributes,Hardware,Both AI & ML
2025,Köln,Nordrhein-Westfalen,communication,Decision Making and Analytical,MSOffice,Both AI & ML
2025,Köln,Nordrhein-Westfalen,flexible,Employee Attributes,Adaptability,Both AI & ML
2025,Köln,Nordrhein-Westfalen,integration,Occupational Attributes,EnterpriseSystem,Both AI & ML
2025,Köln,Nordrhein-Westfalen,integration,Occupational Attributes,EnterpriseSystem,Both AI & ML
2025,Köln,Nordrhein-Westfalen,communication,Decision Making and Analytical,MSOffice,Both AI & ML
2025,Köln,Nordrhein-Westfalen,testing,Decision Making and Analytical,DecisionMaking,Both AI & ML
2025,Köln,Nordrhein-Westfalen,testing,Decision Making and Analytical,DecisionMaking,Both AI & ML
2025,Köln,Nordrhein-Westfalen,integration,Occupational Attributes,EnterpriseSystem,Both AI & ML
2025,Köln,Nordrhein-Westfalen,documentation,Decision Making and Analytical,MSOffice,Both AI & ML
2025,Köln,Nordrhein-Westfalen,design,Decision Making and Analytical,DecisionMaking,Both AI & ML
2025,Köln,Nordrhein-Westfalen,architecture,Occupational Attributes,Hardware,Both AI & ML
2025,Köln,Nordrhein-Westfalen,documentation,Decision Making and Analytical,MSOffice,Both AI & ML
2025,Köln,Nordrhein-Westfalen,design,Decision Making and Analytical,DecisionMaking,Both AI & ML
2025,Köln,Nordrhein-Westfalen,testing,Decision Making and Analytical,DecisionMaking,Both AI & ML
2025,Darmstadt,Hessen,cooperation,Decision Making and Analytical,Interpersonal,Both AI & ML
2025,Darmstadt,Hessen,collaboration,Decision Making and Analytical,Interpersonal,Both AI & ML
2025,Darmstadt,Hessen,analysis,Decision Making and Analytical,DecisionMaking,Both AI & ML
2025,Darmstadt,Hessen,testing,Decision Making and Analytical,DecisionMaking,Both AI & ML
2025,Greifswald,Mecklenburg-Vorpommern,zusammenarbeit,Decision Making and Analytical,Interpersonal,Both AI & ML
2025,Greifswald,Mecklenburg-Vorpommern,machine learning,Statistics and Data,DataMining,Both AI & ML
2025,Greifswald,Mecklenburg-Vorpommern,kooperation,Decision Making and Analytical,Interpersonal,Both AI & ML
2025,Greifswald,Mecklenburg-Vorpommern,mathematik,General,Numeracy,Both AI & ML
2025,Greifswald,Mecklenburg-Vorpommern,python,Occupational Attributes,Programming,Both AI & ML
2025,Greifswald,Mecklenburg-Vorpommern,python,Occupational Attributes,Programming,Both AI & ML
2025,Greifswald,Mecklenburg-Vorpommern,englisch,General,ForeignLanguage,Both AI & ML
2025,Altenberge,Nordrhein-Westfalen,zusammenarbeit,Decision Making and Analytical,Interpersonal,Both AI & ML
2025,Altenberge,Nordrhein-Westfalen,standardisierung,MLOps,FeatureEngineering,Both AI & ML
2025,Altenberge,Nordrhein-Westfalen,dokumentation,Decision Making and Analytical,MSOffice,Both AI & ML
2025,Altenberge,Nordrhein-Westfalen,kommunikation,Decision Making and Analytical,MSOffice,Both AI & ML
2025,Altenberge,Nordrhein-Westfalen,design,Decision Making and Analytical,DecisionMaking,Both AI & ML
2025,Altenberge,Nordrhein-Westfalen,zusammenarbeit,Decision Making and Analytical,Interpersonal,Both AI & ML
2025,Altenberge,Nordrhein-Westfalen,standardisierung,MLOps,FeatureEngineering,Both AI & ML
2025,Berlin,Berlin,kooperation,Decision Making and Analytical,Interpersonal,Both AI & ML
2025,Darmstadt,Hessen,selbstständig,Employee Attributes,Independence,Both AI & ML
2025,Darmstadt,Hessen,eigenverantwortlich,Employee Attributes,Attitude,Both AI & ML
2025,Darmstadt,Hessen,deutsch,General,ForeignLanguage,Both AI & ML
2025,Darmstadt,Hessen,kommunikation,Decision Making and Analytical,MSOffice,Both AI & ML
2025,Darmstadt,Hessen,machine learning,Statistics and Data,DataMining,Both AI & ML
2025,München,Bayern,reliable,Employee Attributes,Other,Both AI & ML
2025,München,Bayern,scheduling,Data Engineering,Orchestration,Both AI & ML
2025,München,Bayern,scheduling,Data Engineering,Orchestration,Both AI & ML
2025,München,Bayern,scheduling,Data Engineering,Orchestration,Both AI & ML
2025,München,Bayern,present,Communication,Presentation,Both AI & ML
2025,München,Bayern,scheduling,Data Engineering,Orchestration,Both AI & ML
2025,München,Bayern,scheduling,Data Engineering,Orchestration,Both AI & ML
2025,München,Bayern,machine learning,Statistics and Data,DataMining,Both AI & ML
2025,München,Bayern,scheduling,Data Engineering,Orchestration,Both AI & ML
2025,München,Bayern,scheduling,Data Engineering,Orchestration,Both AI & ML
2025,Essen,Nordrhein-Westfalen,design,Decision Making and Analytical,DecisionMaking,Both AI & ML
2025,Essen,Nordrhein-Westfalen,forecasting,Statistics and Data,DataMining,Both AI & ML
2025,Essen,Nordrhein-Westfalen,modeling,Decision Making and Analytical,DecisionMaking,Both AI & ML
2025,Essen,Nordrhein-Westfalen,statistics,Statistics and Data,Statistics,Both AI & ML
2025,Essen,Nordrhein-Westfalen,azure,Cloud Platforms,Azure,Both AI & ML
2025,Essen,Nordrhein-Westfalen,machine learning,Statistics and Data,DataMining,Both AI & ML
2025,Essen,Nordrhein-Westfalen,machine learning,Statistics and Data,DataMining,Both AI & ML
2025,Essen,Nordrhein-Westfalen,forecasting,Statistics and Data,DataMining,Both AI & ML
2025,Essen,Nordrhein-Westfalen,machine learning,Statistics and Data,DataMining,Both AI & ML
2025,Essen,Nordrhein-Westfalen,forecasting,Statistics and Data,DataMining,Both AI & ML
2025,Essen,Nordrhein-Westfalen,machine learning,Statistics and Data,DataMining,Both AI & ML
2025,Essen,Nordrhein-Westfalen,machine learning,Statistics and Data,DataMining,Both AI & ML
2025,Essen,Nordrhein-Westfalen,azure,Cloud Platforms,Azure,Both AI & ML
2025,Essen,Nordrhein-Westfalen,machine learning,Statistics and Data,DataMining,Both AI & ML
2025,Essen,Nordrhein-Westfalen,azure,Cloud Platforms,Azure,Both AI & ML
2025,Essen,Nordrhein-Westfalen,storage,Occupational Attributes,Hardware,Both AI & ML
2025,Essen,Nordrhein-Westfalen,azure,Cloud Platforms,Azure,Both AI & ML
2025,Essen,Nordrhein-Westfalen,statistics,Statistics and Data,Statistics,Both AI & ML
2025,Essen,Nordrhein-Westfalen,forecasting,Statistics and Data,DataMining,Both AI & ML
2025,Essen,Nordrhein-Westfalen,machine learning,Statistics and Data,DataMining,Both AI & ML
2025,Essen,Nordrhein-Westfalen,machine learning,Statistics and Data,DataMining,Both AI & ML
2025,Essen,Nordrhein-Westfalen,analysis,Decision Making and Analytical,DecisionMaking,Both AI & ML
2025,München,Bayern,design,Decision Making and Analytical,DecisionMaking,Both AI & ML
2025,München,Bayern,machine learning,Statistics and Data,DataMining,Both AI & ML
2025,München,Bayern,collaboration,Decision Making and Analytical,Interpersonal,Both AI & ML
2025,München,Bayern,mistral,Generative AI,LLM,Both AI & ML
2025,München,Bayern,mistral,Generative AI,LLM,Both AI & ML
2025,München,Bayern,reporting,Decision Making and Analytical,DecisionMaking,Both AI & ML
2025,Konstanz,Baden-Württemberg,design,Decision Making and Analytical,DecisionMaking,Both AI & ML
2025,Konstanz,Baden-Württemberg,machine learning,Statistics and Data,DataMining,Both AI & ML
2025,Konstanz,Baden-Württemberg,computer vision,Specialized ML,ComputerVision,Both AI & ML
2025,Konstanz,Baden-Württemberg,computer vision,Specialized ML,ComputerVision,Both AI & ML
2025,Konstanz,Baden-Württemberg,testing,Decision Making and Analytical,DecisionMaking,Both AI & ML
2025,Konstanz,Baden-Württemberg,design,Decision Making and Analytical,DecisionMaking,Both AI & ML
2025,Mannheim,Baden-Württemberg,python,Occupational Attributes,Programming,ML
2025,Mannheim,Baden-Württemberg,azure,Cloud Platforms,Azure,ML
2025,Mannheim,Baden-Württemberg,planung,Data Engineering,Orchestration,ML
2025,Mannheim,Baden-Württemberg,prognose,Statistics and Data,DataMining,ML
2025,Mannheim,Baden-Württemberg,berichte,Occupational Attributes,Visualization,ML
2025,Mannheim,Baden-Württemberg,kommunikation,Decision Making and Analytical,MSOffice,ML
2025,Mannheim,Baden-Württemberg,mathematik,General,Numeracy,ML
2025,Mannheim,Baden-Württemberg,powerpoint,Decision Making and Analytical,MSOffice,ML
2025,Mannheim,Baden-Württemberg,azure,Cloud Platforms,Azure,ML
2025,Mannheim,Baden-Württemberg,python,Occupational Attributes,Programming,ML
2025,Mannheim,Baden-Württemberg,sql,Statistics and Data,StructuredData,ML
2025,Mannheim,Baden-Württemberg,deutsch,General,ForeignLanguage,ML
2025,Mannheim,Baden-Württemberg,zusammenarbeit,Decision Making and Analytical,Interpersonal,ML
2025,,,design,Decision Making and Analytical,DecisionMaking,Both AI & ML
2025,,,machine learning,Statistics and Data,DataMining,Both AI & ML
2025,,,präsentation,Communication,Presentation,Both AI & ML
2025,,,mathematik,General,Numeracy,Both AI & ML
2025,,,python,Occupational Attributes,Programming,Both AI & ML
2025,,,c #,Occupational Attributes,Programming,Both AI & ML
2025,,,machine learning,Statistics and Data,DataMining,Both AI & ML
2025,,,englisch,General,ForeignLanguage,Both AI & ML
2025,,,deutsch,General,ForeignLanguage,Both AI & ML
2025,Berlin,Berlin,java,Occupational Attributes,Programming,Both AI & ML
2025,Berlin,Berlin,c + +,Occupational Attributes,Programming,Both AI & ML
2025,Berlin,Berlin,python,Occupational Attributes,Programming,Both AI & ML
2025,Berlin,Berlin,machine learning,Statistics and Data,DataMining,Both AI & ML
2025,Berlin,Berlin,independent,Employee Attributes,Independence,Both AI & ML
2025,Berlin,Berlin,implementation,Decision Making and Analytical,DecisionMaking,Both AI & ML
2025,Berlin,Berlin,design,Decision Making and Analytical,DecisionMaking,Both AI & ML
2025,Berlin,Berlin,independent,Employee Attributes,Independence,Both AI & ML
2025,Berlin,Berlin,scaling,Generative AI,Serving,Both AI & ML
2025,Dortmund,Nordrhein-Westfalen,analysis,Decision Making and Analytical,DecisionMaking,Both AI & ML
2025,Dortmund,Nordrhein-Westfalen,analytical,Decision Making and Analytical,DecisionMaking,Both AI & ML
2025,Dortmund,Nordrhein-Westfalen,precision,MLOps,Evaluation,Both AI & ML
2025,Dortmund,Nordrhein-Westfalen,association,Statistics and Data,DataMining,Both AI & ML
2025,Dortmund,Nordrhein-Westfalen,analysis,Decision Making and Analytical,DecisionMaking,Both AI & ML
2025,Dortmund,Nordrhein-Westfalen,machine learning,Statistics and Data,DataMining,Both AI & ML
2025,Dortmund,Nordrhein-Westfalen,analysis,Decision Making and Analytical,DecisionMaking,Both AI & ML
2025,Dortmund,Nordrhein-Westfalen,analysis,Decision Making and Analytical,DecisionMaking,Both AI & ML
2025,Dortmund,Nordrhein-Westfalen,analytical,Decision Making and Analytical,DecisionMaking,Both AI & ML
2025,Dortmund,Nordrhein-Westfalen,analysis,Decision Making and Analytical,DecisionMaking,Both AI & ML
2025,Dortmund,Nordrhein-Westfalen,analysis,Decision Making and Analytical,DecisionMaking,Both AI & ML
2025,Dortmund,Nordrhein-Westfalen,python,Occupational Attributes,Programming,Both AI & ML
2025,Dortmund,Nordrhein-Westfalen,machine learning,Statistics and Data,DataMining,Both AI & ML
2025,Dortmund,Nordrhein-Westfalen,devices,Occupational Attributes,Hardware,Both AI & ML
2025,Dortmund,Nordrhein-Westfalen,statistics,Statistics and Data,Statistics,Both AI & ML
2025,Dortmund,Nordrhein-Westfalen,machine learning,Statistics and Data,DataMining,Both AI & ML
2025,Dortmund,Nordrhein-Westfalen,analysis,Decision Making and Analytical,DecisionMaking,Both AI & ML
2025,Dortmund,Nordrhein-Westfalen,devices,Occupational Attributes,Hardware,Both AI & ML
2025,Dortmund,Nordrhein-Westfalen,proactive,Employee Attributes,Other,Both AI & ML
2025,Dortmund,Nordrhein-Westfalen,independent,Employee Attributes,Independence,Both AI & ML
2025,Dortmund,Nordrhein-Westfalen,english,General,ForeignLanguage,Both AI & ML
2025,Dortmund,Nordrhein-Westfalen,association,Statistics and Data,DataMining,Both AI & ML
2025,München,Bayern,autonomous,Employee Attributes,Independence,Both AI & ML
2025,München,Bayern,machine learning,Statistics and Data,DataMining,Both AI & ML
2025,München,Bayern,design,Decision Making and Analytical,DecisionMaking,Both AI & ML
2025,München,Bayern,testing,Decision Making and Analytical,DecisionMaking,Both AI & ML
2025,München,Bayern,testing,Decision Making and Analytical,DecisionMaking,Both AI & ML
2025,München,Bayern,testing,Decision Making and Analytical,DecisionMaking,Both AI & ML
2025,München,Bayern,testing,Decision Making and Analytical,DecisionMaking,Both AI & ML
2025,München,Bayern,design,Decision Making and Analytical,DecisionMaking,Both AI & ML
2025,München,Bayern,testing,Decision Making and Analytical,DecisionMaking,Both AI & ML
2025,München,Bayern,analytical,Decision Making and Analytical,DecisionMaking,Both AI & ML
2025,München,Bayern,communication,Decision Making and Analytical,MSOffice,Both AI & ML
2025,Nürnberg,Bayern,llm,Generative AI,LLM,Both AI & ML
2025,Nürnberg,Bayern,machine learning,Statistics and Data,DataMining,Both AI & ML
2025,Nürnberg,Bayern,integration,Occupational Attributes,EnterpriseSystem,Both AI & ML
2025,Nürnberg,Bayern,langchain,Generative AI,Tools,Both AI & ML
2025,Nürnberg,Bayern,nlp,Specialized ML,NLP,Both AI & ML
2025,Nürnberg,Bayern,llm,Generative AI,LLM,Both AI & ML
2025,Nürnberg,Bayern,integration,Occupational Attributes,EnterpriseSystem,Both AI & ML
2025,Nürnberg,Bayern,analyse,Decision Making and Analytical,DecisionMaking,Both AI & ML
2025,Nürnberg,Bayern,nlp,Specialized ML,NLP,Both AI & ML
2025,Nürnberg,Bayern,implementierung,Decision Making and Analytical,DecisionMaking,Both AI & ML
2025,Nürnberg,Bayern,llm,Generative AI,LLM,Both AI & ML
2025,Nürnberg,Bayern,transformers,Generative AI,Tools,Both AI & ML
2025,Nürnberg,Bayern,langchain,Generative AI,Tools,Both AI & ML
2025,Nürnberg,Bayern,openai,Generative AI,Tools,Both AI & ML
2025,Nürnberg,Bayern,llm,Generative AI,LLM,Both AI & ML
2025,Nürnberg,Bayern,python,Occupational Attributes,Programming,Both AI & ML
2025,Nürnberg,Bayern,docker,MLOps,Tools,Both AI & ML
2025,Nürnberg,Bayern,pandas,Statistics and Data,Statistics,Both AI & ML
2025,Nürnberg,Bayern,sql,Statistics and Data,StructuredData,Both AI & ML
2025,Bonn,Nordrhein-Westfalen,machine learning,Statistics and Data,DataMining,Both AI & ML
2025,Bonn,Nordrhein-Westfalen,datenanalyse,General,Research,Both AI & ML
2025,Bonn,Nordrhein-Westfalen,python,Occupational Attributes,Programming,Both AI & ML
2025,Bonn,Nordrhein-Westfalen,kommunikation,Decision Making and Analytical,MSOffice,Both AI & ML
2025,Bonn,Nordrhein-Westfalen,skalierung,Generative AI,Serving,Both AI & ML
2025,Bonn,Nordrhein-Westfalen,architektur,Occupational Attributes,Hardware,Both AI & ML
2025,Bonn,Nordrhein-Westfalen,mathematik,General,Numeracy,Both AI & ML
2025,Bonn,Nordrhein-Westfalen,deutsch,General,ForeignLanguage,Both AI & ML
2025,Bonn,Nordrhein-Westfalen,architecture,Occupational Attributes,Hardware,Both AI & ML
2025,Frankfurt am Main,Hessen,design,Decision Making and Analytical,DecisionMaking,Both AI & ML
2025,Frankfurt am Main,Hessen,analysis,Decision Making and Analytical,DecisionMaking,Both AI & ML
2025,Frankfurt am Main,Hessen,design,Decision Making and Analytical,DecisionMaking,Both AI & ML
2025,Berlin,Berlin,accuracy,Employee Attributes,DetailOriented,Both AI & ML
2025,Berlin,Berlin,machine learning,Statistics and Data,DataMining,Both AI & ML
2025,Berlin,Berlin,responsible,Communication,Generic,Both AI & ML
2025,Berlin,Berlin,present,Communication,Presentation,Both AI & ML
2025,Berlin,Berlin,machine learning,Statistics and Data,DataMining,Both AI & ML
2025,Berlin,Berlin,statistics,Statistics and Data,Statistics,Both AI & ML
2025,Berlin,Berlin,modeling,Decision Making and Analytical,DecisionMaking,Both AI & ML
2025,Berlin,Berlin,analysis,Decision Making and Analytical,DecisionMaking,Both AI & ML
2025,Berlin,Berlin,machine learning,Statistics and Data,DataMining,Both AI & ML
2025,Berlin,Berlin,prediction,Statistics and Data,DataMining,Both AI & ML
2025,Berlin,Berlin,python,Occupational Attributes,Programming,Both AI & ML
2025,Berlin,Berlin,sql,Statistics and Data,StructuredData,Both AI & ML
2025,Dortmund,Nordrhein-Westfalen,analysis,Decision Making and Analytical,DecisionMaking,Both AI & ML
2025,Dortmund,Nordrhein-Westfalen,analysis,Decision Making and Analytical,DecisionMaking,Both AI & ML
2025,Dortmund,Nordrhein-Westfalen,analyse,Decision Making and Analytical,DecisionMaking,Both AI & ML
2025,Dortmund,Nordrhein-Westfalen,integration,Occupational Attributes,EnterpriseSystem,Both AI & ML
2025,Dortmund,Nordrhein-Westfalen,datenanalyse,General,Research,Both AI & ML
2025,Dortmund,Nordrhein-Westfalen,implementierung,Decision Making and Analytical,DecisionMaking,Both AI & ML
2025,Dortmund,Nordrhein-Westfalen,python,Occupational Attributes,Programming,Both AI & ML
2025,Dortmund,Nordrhein-Westfalen,statistik,Statistics and Data,Statistics,Both AI & ML
2025,Dortmund,Nordrhein-Westfalen,mathematik,General,Numeracy,Both AI & ML
2025,Freiburg im Breisgau,Baden-Württemberg,analyse,Decision Making and Analytical,DecisionMaking,Both AI & ML
2025,Freiburg im Breisgau,Baden-Württemberg,skalierung,Generative AI,Serving,Both AI & ML
2025,Freiburg im Breisgau,Baden-Württemberg,aws,Cloud Platforms,AWS,Both AI & ML
2025,Freiburg im Breisgau,Baden-Württemberg,azure,Cloud Platforms,Azure,Both AI & ML
2025,Freiburg im Breisgau,Baden-Württemberg,integration,Occupational Attributes,EnterpriseSystem,Both AI & ML
2025,Freiburg im Breisgau,Baden-Württemberg,docker,MLOps,Tools,Both AI & ML
2025,Freiburg im Breisgau,Baden-Württemberg,aws,Cloud Platforms,AWS,Both AI & ML
2025,Freiburg im Breisgau,Baden-Württemberg,azure,Cloud Platforms,Azure,Both AI & ML
2025,Freiburg im Breisgau,Baden-Württemberg,python,Occupational Attributes,Programming,Both AI & ML
2025,Freiburg im Breisgau,Baden-Württemberg,machine learning,Statistics and Data,DataMining,Both AI & ML
2025,Freiburg im Breisgau,Baden-Württemberg,deutsch,General,ForeignLanguage,Both AI & ML
2025,Hamburg,Hamburg,devices,Occupational Attributes,Hardware,Both AI & ML
2025,Hamburg,Hamburg,architecture,Occupational Attributes,Hardware,Both AI & ML
2025,Hamburg,Hamburg,devices,Occupational Attributes,Hardware,Both AI & ML
2025,Hamburg,Hamburg,machine learning,Statistics and Data,DataMining,Both AI & ML
2025,Hamburg,Hamburg,design,Decision Making and Analytical,DecisionMaking,Both AI & ML
2025,Hamburg,Hamburg,devices,Occupational Attributes,Hardware,Both AI & ML
2025,Hamburg,Hamburg,hardware,Occupational Attributes,Hardware,Both AI & ML
2025,Hamburg,Hamburg,integration,Occupational Attributes,EnterpriseSystem,Both AI & ML
2025,Hamburg,Hamburg,design,Decision Making and Analytical,DecisionMaking,Both AI & ML
2025,Hamburg,Hamburg,modeling,Decision Making and Analytical,DecisionMaking,Both AI & ML
2025,Hamburg,Hamburg,c + +,Occupational Attributes,Programming,Both AI & ML
2025,Hamburg,Hamburg,python,Occupational Attributes,Programming,Both AI & ML
2025,Hamburg,Hamburg,hardware,Occupational Attributes,Hardware,Both AI & ML
2025,Bremen,Bremen,competitive,Communication,Generic,Both AI & ML
2025,Bremen,Bremen,analyse,Decision Making and Analytical,DecisionMaking,Both AI & ML
2025,Bremen,Bremen,excel,Decision Making and Analytical,MSOffice,Both AI & ML
2025,Bremen,Bremen,recherche,General,Research,Both AI & ML
2025,Bremen,Bremen,planung,Data Engineering,Orchestration,Both AI & ML
2025,Bremen,Bremen,python,Occupational Attributes,Programming,Both AI & ML
2025,Bremen,Bremen,sql,Statistics and Data,StructuredData,Both AI & ML
2025,Bremen,Bremen,javascript,Occupational Attributes,Programming,Both AI & ML
2025,Bremen,Bremen,machine learning,Statistics and Data,DataMining,Both AI & ML
2025,Darmstadt,Hessen,deutsch,General,ForeignLanguage,Both AI & ML
2025,Darmstadt,Hessen,kommunikation,Decision Making and Analytical,MSOffice,Both AI & ML
2025,Darmstadt,Hessen,machine learning,Statistics and Data,DataMining,Both AI & ML
2025,Düsseldorf,Nordrhein-Westfalen,motivated,Employee Attributes,Motivation,Both AI & ML
2025,Düsseldorf,Nordrhein-Westfalen,accuracy,Employee Attributes,DetailOriented,Both AI & ML
2025,Düsseldorf,Nordrhein-Westfalen,design,Decision Making and Analytical,DecisionMaking,Both AI & ML
2025,Düsseldorf,Nordrhein-Westfalen,design,Decision Making and Analytical,DecisionMaking,Both AI & ML
2025,Düsseldorf,Nordrhein-Westfalen,python,Occupational Attributes,Programming,Both AI & ML
2025,München,Bayern,machine learning,Statistics and Data,DataMining,Both AI & ML
2025,München,Bayern,analytical,Decision Making and Analytical,DecisionMaking,Both AI & ML
2025,München,Bayern,implementation,Decision Making and Analytical,DecisionMaking,Both AI & ML
2025,München,Bayern,databricks,MLOps,Platforms,Both AI & ML
2025,München,Bayern,scraping,Occupational Attributes,Scraping,Both AI & ML
2025,München,Bayern,sql,Statistics and Data,StructuredData,Both AI & ML
2025,München,Bayern,python,Occupational Attributes,Programming,Both AI & ML
2025,München,Bayern,databricks,MLOps,Platforms,Both AI & ML
2025,München,Bayern,motivated,Employee Attributes,Motivation,Both AI & ML
2025,München,Bayern,english,General,ForeignLanguage,Both AI & ML
2025,München,Bayern,german,General,ForeignLanguage,Both AI & ML
2025,Berlin,Berlin,scaling,Generative AI,Serving,Both AI & ML
2025,Berlin,Berlin,scaling,Generative AI,Serving,Both AI & ML
2025,Berlin,Berlin,forecasting,Statistics and Data,DataMining,Both AI & ML
2025,Berlin,Berlin,design,Decision Making and Analytical,DecisionMaking,Both AI & ML
2025,Berlin,Berlin,machine learning,Statistics and Data,DataMining,Both AI & ML
2025,Berlin,Berlin,statistics,Statistics and Data,Statistics,Both AI & ML
2025,Berlin,Berlin,machine learning,Statistics and Data,DataMining,Both AI & ML
2025,Konstanz,Baden-Württemberg,design,Decision Making and Analytical,DecisionMaking,Both AI & ML
2025,Konstanz,Baden-Württemberg,machine learning,Statistics and Data,DataMining,Both AI & ML
2025,Konstanz,Baden-Württemberg,computer vision,Specialized ML,ComputerVision,Both AI & ML
2025,Konstanz,Baden-Württemberg,computer vision,Specialized ML,ComputerVision,Both AI & ML
2025,Konstanz,Baden-Württemberg,testing,Decision Making and Analytical,DecisionMaking,Both AI & ML
2025,Darmstadt,Hessen,java,Occupational Attributes,Programming,Both AI & ML
2025,Darmstadt,Hessen,java,Occupational Attributes,Programming,Both AI & ML
2025,Darmstadt,Hessen,design,Decision Making and Analytical,DecisionMaking,Both AI & ML
2025,Darmstadt,Hessen,deutsch,General,ForeignLanguage,Both AI & ML
2025,Darmstadt,Hessen,kommunikation,Decision Making and Analytical,MSOffice,Both AI & ML
2025,Darmstadt,Hessen,machine learning,Statistics and Data,DataMining,Both AI & ML
2025,Darmstadt,Hessen,architektur,Occupational Attributes,Hardware,Both AI & ML
2025,Darmstadt,Hessen,server,Occupational Attributes,Hardware,Both AI & ML
2025,Darmstadt,Hessen,implementierung,Decision Making and Analytical,DecisionMaking,Both AI & ML
2025,Darmstadt,Hessen,deutsch,General,ForeignLanguage,Both AI & ML
2025,Darmstadt,Hessen,kommunikation,Decision Making and Analytical,MSOffice,Both AI & ML
2025,Darmstadt,Hessen,machine learning,Statistics and Data,DataMining,Both AI & ML
2025,Köln,Nordrhein-Westfalen,associations,Statistics and Data,DataMining,Both AI & ML
2025,Köln,Nordrhein-Westfalen,collaboration,Decision Making and Analytical,Interpersonal,Both AI & ML
2025,Köln,Nordrhein-Westfalen,analysis,Decision Making and Analytical,DecisionMaking,Both AI & ML
2025,Köln,Nordrhein-Westfalen,modeling,Decision Making and Analytical,DecisionMaking,Both AI & ML
2025,Köln,Nordrhein-Westfalen,machine learning,Statistics and Data,DataMining,Both AI & ML
2025,Köln,Nordrhein-Westfalen,statistics,Statistics and Data,Statistics,Both AI & ML
2025,Köln,Nordrhein-Westfalen,modeling,Decision Making and Analytical,DecisionMaking,Both AI & ML
2025,Köln,Nordrhein-Westfalen,statistics,Statistics and Data,Statistics,Both AI & ML
2025,Köln,Nordrhein-Westfalen,machine learning,Statistics and Data,DataMining,Both AI & ML
2025,Köln,Nordrhein-Westfalen,python,Occupational Attributes,Programming,Both AI & ML
2025,Köln,Nordrhein-Westfalen,machine learning,Statistics and Data,DataMining,Both AI & ML
2025,Münster,Nordrhein-Westfalen,analysis,Decision Making and Analytical,DecisionMaking,Both AI & ML
2025,Münster,Nordrhein-Westfalen,machine learning,Statistics and Data,DataMining,Both AI & ML
2025,Münster,Nordrhein-Westfalen,python,Occupational Attributes,Programming,Both AI & ML
2025,Münster,Nordrhein-Westfalen,sql,Statistics and Data,StructuredData,Both AI & ML
2025,Münster,Nordrhein-Westfalen,c + +,Occupational Attributes,Programming,Both AI & ML
2025,Münster,Nordrhein-Westfalen,python,Occupational Attributes,Programming,Both AI & ML
2025,Münster,Nordrhein-Westfalen,sql,Statistics and Data,StructuredData,Both AI & ML
2025,Münster,Nordrhein-Westfalen,english,General,ForeignLanguage,Both AI & ML
2025,Breisach am Rhein,Baden-Württemberg,zusammenarbeit,Decision Making and Analytical,Interpersonal,Both AI & ML
2025,Breisach am Rhein,Baden-Württemberg,implementierung,Decision Making and Analytical,DecisionMaking,Both AI & ML
2025,Breisach am Rhein,Baden-Württemberg,kommunikation,Decision Making and Analytical,MSOffice,Both AI & ML
2025,Breisach am Rhein,Baden-Württemberg,machine learning,Statistics and Data,DataMining,Both AI & ML
2025,Breisach am Rhein,Baden-Württemberg,python,Occupational Attributes,Programming,Both AI & ML
2025,Breisach am Rhein,Baden-Württemberg,aws,Cloud Platforms,AWS,Both AI & ML
2025,Breisach am Rhein,Baden-Württemberg,azure,Cloud Platforms,Azure,Both AI & ML
2025,Breisach am Rhein,Baden-Württemberg,gcp,Cloud Platforms,GCP,Both AI & ML
2025,Breisach am Rhein,Baden-Württemberg,deutsch,General,ForeignLanguage,Both AI & ML
2025,Breisach am Rhein,Baden-Württemberg,zusammenarbeit,Decision Making and Analytical,Interpersonal,Both AI & ML
2025,Berlin,Berlin,design,Decision Making and Analytical,DecisionMaking,Both AI & ML
2025,Berlin,Berlin,machine learning,Statistics and Data,DataMining,Both AI & ML
2025,Berlin,Berlin,storage,Occupational Attributes,Hardware,Both AI & ML
2025,Essen,Nordrhein-Westfalen,machine learning,Statistics and Data,DataMining,Both AI & ML
2025,Essen,Nordrhein-Westfalen,machine learning,Statistics and Data,DataMining,Both AI & ML
2025,Essen,Nordrhein-Westfalen,architektur,Occupational Attributes,Hardware,Both AI & ML
2025,Essen,Nordrhein-Westfalen,planung,Data Engineering,Orchestration,Both AI & ML
2025,Essen,Nordrhein-Westfalen,computer vision,Specialized ML,ComputerVision,Both AI & ML
2025,Essen,Nordrhein-Westfalen,machine learning,Statistics and Data,DataMining,Both AI & ML
2025,Leipzig,Sachsen,german,General,ForeignLanguage,Both AI & ML
2025,Leipzig,Sachsen,german,General,ForeignLanguage,Both AI & ML
2025,Leipzig,Sachsen,machine learning,Statistics and Data,DataMining,Both AI & ML
2025,Leipzig,Sachsen,machine learning,Statistics and Data,DataMining,Both AI & ML
2025,Leipzig,Sachsen,analysis,Decision Making and Analytical,DecisionMaking,Both AI & ML
2025,Leipzig,Sachsen,machine learning,Statistics and Data,DataMining,Both AI & ML
2025,Leipzig,Sachsen,machine learning,Statistics and Data,DataMining,Both AI & ML
2025,Leipzig,Sachsen,english,General,ForeignLanguage,Both AI & ML
2025,Berlin,Berlin,machine learning,Statistics and Data,DataMining,Both AI & ML
2025,Berlin,Berlin,modellierung,Decision Making and Analytical,DecisionMaking,Both AI & ML
2025,Berlin,Berlin,python,Occupational Attributes,Programming,Both AI & ML
2025,Berlin,Berlin,modellierung,Decision Making and Analytical,DecisionMaking,Both AI & ML
2025,Berlin,Berlin,deutsch,General,ForeignLanguage,Both AI & ML
2025,Berlin,Berlin,verantwortlich,Communication,Generic,Both AI & ML
2025,Weissach,Baden-Württemberg,implementierung,Decision Making and Analytical,DecisionMaking,Both AI & ML
2025,Weissach,Baden-Württemberg,machine learning,Statistics and Data,DataMining,Both AI & ML
2025,Frankfurt am Main,Hessen,machine learning,Statistics and Data,DataMining,Both AI & ML
2025,Frankfurt am Main,Hessen,machine learning,Statistics and Data,DataMining,Both AI & ML
2025,Frankfurt am Main,Hessen,implementierung,Decision Making and Analytical,DecisionMaking,Both AI & ML
2025,Frankfurt am Main,Hessen,zusammenarbeit,Decision Making and Analytical,Interpersonal,Both AI & ML
2025,Frankfurt am Main,Hessen,mathematik,General,Numeracy,Both AI & ML
2025,Frankfurt am Main,Hessen,machine learning,Statistics and Data,DataMining,Both AI & ML
2025,Frankfurt am Main,Hessen,design,Decision Making and Analytical,DecisionMaking,Both AI & ML
2025,Frankfurt am Main,Hessen,design,Decision Making and Analytical,DecisionMaking,Both AI & ML
2025,Frankfurt am Main,Hessen,java,Occupational Attributes,Programming,Both AI & ML
2025,Frankfurt am Main,Hessen,postgresql,Statistics and Data,StructuredData,Both AI & ML
2025,Frankfurt am Main,Hessen,architecture,Occupational Attributes,Hardware,Both AI & ML
2025,Frankfurt am Main,Hessen,docker,MLOps,Tools,Both AI & ML
2025,Frankfurt am Main,Hessen,kubernetes,MLOps,Tools,Both AI & ML
2025,Frankfurt am Main,Hessen,creative,Decision Making and Analytical,Creativity,Both AI & ML
2025,Frankfurt am Main,Hessen,analysis,Decision Making and Analytical,DecisionMaking,Both AI & ML
2025,Köln,Nordrhein-Westfalen,projektmanagement,Occupational Attributes,ProjectManagement,Both AI & ML
2025,Köln,Nordrhein-Westfalen,machine learning,Statistics and Data,DataMining,Both AI & ML
2025,Frankfurt am Main,Hessen,machine learning,Statistics and Data,DataMining,Both AI & ML
2025,Frankfurt am Main,Hessen,creative,Decision Making and Analytical,Creativity,Both AI & ML
2025,Frankfurt am Main,Hessen,machine learning,Statistics and Data,DataMining,Both AI & ML
2025,Frankfurt am Main,Hessen,machine learning,Statistics and Data,DataMining,Both AI & ML
2025,Frankfurt am Main,Hessen,design,Decision Making and Analytical,DecisionMaking,Both AI & ML
2025,Berlin,Berlin,machine learning,Statistics and Data,DataMining,Both AI & ML
2025,Berlin,Berlin,classification,Statistics and Data,DataMining,Both AI & ML
2025,Berlin,Berlin,design,Decision Making and Analytical,DecisionMaking,Both AI & ML
2025,Berlin,Berlin,classification,Statistics and Data,DataMining,Both AI & ML
2025,Berlin,Berlin,accuracy,Employee Attributes,DetailOriented,Both AI & ML
2025,Berlin,Berlin,python,Occupational Attributes,Programming,Both AI & ML
2025,Berlin,Berlin,transformers,Generative AI,Tools,Both AI & ML
2025,München,Bayern,zusammenarbeit,Decision Making and Analytical,Interpersonal,Both AI & ML
2025,München,Bayern,implementierung,Decision Making and Analytical,DecisionMaking,Both AI & ML
2025,München,Bayern,integration,Occupational Attributes,EnterpriseSystem,Both AI & ML
2025,München,Bayern,python,Occupational Attributes,Programming,Both AI & ML
2025,München,Bayern,fastapi,Generative AI,Serving,Both AI & ML
2025,München,Bayern,machine learning,Statistics and Data,DataMining,Both AI & ML
2025,München,Bayern,zusammenarbeit,Decision Making and Analytical,Interpersonal,Both AI & ML
2025,München,Bayern,zusammenarbeit,Decision Making and Analytical,Interpersonal,Both AI & ML
2025,München,Bayern,mathematik,General,Numeracy,Both AI & ML
2025,München,Bayern,python,Occupational Attributes,Programming,Both AI & ML
2025,München,Bayern,integration,Occupational Attributes,EnterpriseSystem,Both AI & ML
2025,München,Bayern,azure,Cloud Platforms,Azure,Both AI & ML
2025,München,Bayern,kubernetes,MLOps,Tools,Both AI & ML
2025,München,Bayern,rag,Generative AI,Techniques,Both AI & ML
2025,München,Bayern,langchain,Generative AI,Tools,Both AI & ML
2025,München,Bayern,langgraph,Generative AI,Agents,Both AI & ML
2025,Konstanz,Baden-Württemberg,design,Decision Making and Analytical,DecisionMaking,Both AI & ML
2025,Konstanz,Baden-Württemberg,machine learning,Statistics and Data,DataMining,Both AI & ML
2025,Konstanz,Baden-Württemberg,computer vision,Specialized ML,ComputerVision,Both AI & ML
2025,Konstanz,Baden-Württemberg,computer vision,Specialized ML,ComputerVision,Both AI & ML
2025,Konstanz,Baden-Württemberg,testing,Decision Making and Analytical,DecisionMaking,Both AI & ML
2025,Dortmund,Nordrhein-Westfalen,machine learning,Statistics and Data,DataMining,Both AI & ML
2025,Dortmund,Nordrhein-Westfalen,implementation,Decision Making and Analytical,DecisionMaking,Both AI & ML
2025,Dortmund,Nordrhein-Westfalen,collaboration,Decision Making and Analytical,Interpersonal,Both AI & ML
2025,Dortmund,Nordrhein-Westfalen,german,General,ForeignLanguage,Both AI & ML
2025,Dortmund,Nordrhein-Westfalen,beam,Data Engineering,IngestionStreaming,Both AI & ML
2025,Dortmund,Nordrhein-Westfalen,english,General,ForeignLanguage,Both AI & ML
2025,Dortmund,Nordrhein-Westfalen,cooperation,Decision Making and Analytical,Interpersonal,Both AI & ML
2025,Hamburg,Hamburg,architecture,Occupational Attributes,Hardware,Both AI & ML
2025,Hamburg,Hamburg,devices,Occupational Attributes,Hardware,Both AI & ML
2025,Hamburg,Hamburg,german,General,ForeignLanguage,Both AI & ML
2025,Hamburg,Hamburg,machine learning,Statistics and Data,DataMining,Both AI & ML
2025,Hamburg,Hamburg,design,Decision Making and Analytical,DecisionMaking,Both AI & ML
2025,Hamburg,Hamburg,hardware,Occupational Attributes,Hardware,Both AI & ML
2025,Hamburg,Hamburg,integration,Occupational Attributes,EnterpriseSystem,Both AI & ML
2025,Hamburg,Hamburg,hardware,Occupational Attributes,Hardware,Both AI & ML
2025,Hamburg,Hamburg,design,Decision Making and Analytical,DecisionMaking,Both AI & ML
2025,Hamburg,Hamburg,hardware,Occupational Attributes,Hardware,Both AI & ML
2025,Kiel,Schleswig-Holstein,english,General,ForeignLanguage,Both AI & ML
2025,Kiel,Schleswig-Holstein,implementierung,Decision Making and Analytical,DecisionMaking,Both AI & ML
2025,München,Bayern,collaboration,Decision Making and Analytical,Interpersonal,Both AI & ML
2025,München,Bayern,machine learning,Statistics and Data,DataMining,Both AI & ML
2025,München,Bayern,modeling,Decision Making and Analytical,DecisionMaking,Both AI & ML
2025,München,Bayern,machine learning,Statistics and Data,DataMining,Both AI & ML
2025,München,Bayern,design,Decision Making and Analytical,DecisionMaking,Both AI & ML
2025,Berlin,Berlin,design,Decision Making and Analytical,DecisionMaking,Both AI & ML
2025,Berlin,Berlin,design,Decision Making and Analytical,DecisionMaking,Both AI & ML
2025,Berlin,Berlin,zusammenarbeit,Decision Making and Analytical,Interpersonal,Both AI & ML
2025,Berlin,Berlin,design,Decision Making and Analytical,DecisionMaking,Both AI & ML
2025,Berlin,Berlin,design,Decision Making and Analytical,DecisionMaking,Both AI & ML
2025,Berlin,Berlin,design,Decision Making and Analytical,DecisionMaking,Both AI & ML
2025,Berlin,Berlin,design,Decision Making and Analytical,DecisionMaking,Both AI & ML
2025,Berlin,Berlin,machine learning,Statistics and Data,DataMining,Both AI & ML
2025,Berlin,Berlin,machine learning,Statistics and Data,DataMining,Both AI & ML
2025,Berlin,Berlin,machine learning,Statistics and Data,DataMining,Both AI & ML
2025,Berlin,Berlin,design,Decision Making and Analytical,DecisionMaking,Both AI & ML
2025,Berlin,Berlin,machine learning,Statistics and Data,DataMining,Both AI & ML
2025,Berlin,Berlin,machine learning,Statistics and Data,DataMining,Both AI & ML
2025,Berlin,Berlin,design,Decision Making and Analytical,DecisionMaking,Both AI & ML
2025,Berlin,Berlin,design,Decision Making and Analytical,DecisionMaking,Both AI & ML
2025,Berlin,Berlin,implementation,Decision Making and Analytical,DecisionMaking,Both AI & ML
2025,Berlin,Berlin,machine learning,Statistics and Data,DataMining,Both AI & ML
2025,Berlin,Berlin,collaboration,Decision Making and Analytical,Interpersonal,Both AI & ML
2025,Berlin,Berlin,prediction,Statistics and Data,DataMining,Both AI & ML
2025,Berlin,Berlin,responsible,Communication,Generic,Both AI & ML
2025,Berlin,Berlin,machine learning,Statistics and Data,DataMining,Both AI & ML
2025,Berlin,Berlin,design,Decision Making and Analytical,DecisionMaking,Both AI & ML
2025,Berlin,Berlin,implementation,Decision Making and Analytical,DecisionMaking,Both AI & ML
2025,Berlin,Berlin,prediction,Statistics and Data,DataMining,Both AI & ML
2025,Berlin,Berlin,design,Decision Making and Analytical,DecisionMaking,Both AI & ML
2025,Berlin,Berlin,machine learning,Statistics and Data,DataMining,Both AI & ML
2025,Berlin,Berlin,communication,Decision Making and Analytical,MSOffice,Both AI & ML
2025,Berlin,Berlin,presentation,Communication,Presentation,Both AI & ML
2025,Berlin,Berlin,visualization,Occupational Attributes,Visualization,Both AI & ML
2025,Berlin,Berlin,proactive,Employee Attributes,Other,Both AI & ML
2025,Jena,Thüringen,independent,Employee Attributes,Independence,Both AI & ML
2025,Jena,Thüringen,machine learning,Statistics and Data,DataMining,Both AI & ML
2025,Jena,Thüringen,collaboration,Decision Making and Analytical,Interpersonal,Both AI & ML
2025,Jena,Thüringen,independent,Employee Attributes,Independence,Both AI & ML
2025,Jena,Thüringen,machine learning,Statistics and Data,DataMining,Both AI & ML
2025,Jena,Thüringen,devices,Occupational Attributes,Hardware,Both AI & ML
2025,Jena,Thüringen,machine learning,Statistics and Data,DataMining,Both AI & ML
2025,Jena,Thüringen,design,Decision Making and Analytical,DecisionMaking,Both AI & ML
2025,Köln,Nordrhein-Westfalen,devices,Occupational Attributes,Hardware,Both AI & ML
2025,Köln,Nordrhein-Westfalen,devices,Occupational Attributes,Hardware,Both AI & ML
2025,Köln,Nordrhein-Westfalen,analysis,Decision Making and Analytical,DecisionMaking,Both AI & ML
2025,Köln,Nordrhein-Westfalen,machine learning,Statistics and Data,DataMining,Both AI & ML
2025,Köln,Nordrhein-Westfalen,devices,Occupational Attributes,Hardware,Both AI & ML
2025,Köln,Nordrhein-Westfalen,machine learning,Statistics and Data,DataMining,Both AI & ML
2025,Köln,Nordrhein-Westfalen,accuracy,Employee Attributes,DetailOriented,Both AI & ML
2025,Köln,Nordrhein-Westfalen,devices,Occupational Attributes,Hardware,Both AI & ML
2025,Köln,Nordrhein-Westfalen,design,Decision Making and Analytical,DecisionMaking,Both AI & ML
2025,Köln,Nordrhein-Westfalen,analysis,Decision Making and Analytical,DecisionMaking,Both AI & ML
2025,Köln,Nordrhein-Westfalen,machine learning,Statistics and Data,DataMining,Both AI & ML
2025,Köln,Nordrhein-Westfalen,python,Occupational Attributes,Programming,Both AI & ML
2025,Köln,Nordrhein-Westfalen,sql,Statistics and Data,StructuredData,Both AI & ML
2025,Köln,Nordrhein-Westfalen,hadoop,Statistics and Data,BigData,Both AI & ML
2025,Köln,Nordrhein-Westfalen,analytical,Decision Making and Analytical,DecisionMaking,Both AI & ML
2025,Köln,Nordrhein-Westfalen,communication,Decision Making and Analytical,MSOffice,Both AI & ML
2025,,,gcp,Cloud Platforms,GCP,Both AI & ML
2025,,,gcp,Cloud Platforms,GCP,Both AI & ML
2025,,,aws,Cloud Platforms,AWS,Both AI & ML
2025,,,azure,Cloud Platforms,Azure,Both AI & ML
2025,,,sagemaker,MLOps,Platforms,Both AI & ML
2025,,,azure,Cloud Platforms,Azure,Both AI & ML
2025,,,python,Occupational Attributes,Programming,Both AI & ML
2025,,,analysis,Decision Making and Analytical,DecisionMaking,Both AI & ML
2025,,,gcp,Cloud Platforms,GCP,Both AI & ML
2025,,,aws,Cloud Platforms,AWS,Both AI & ML
2025,,,azure,Cloud Platforms,Azure,Both AI & ML
2025,,,design,Decision Making and Analytical,DecisionMaking,Both AI & ML
2025,,,gcp,Cloud Platforms,GCP,Both AI & ML
2025,Mannheim,Baden-Württemberg,machine learning,Statistics and Data,DataMining,Both AI & ML
2025,Mannheim,Baden-Württemberg,machine learning,Statistics and Data,DataMining,Both AI & ML
2025,Mannheim,Baden-Württemberg,analysis,Decision Making and Analytical,DecisionMaking,Both AI & ML
2025,Mannheim,Baden-Württemberg,machine learning,Statistics and Data,DataMining,Both AI & ML
2025,Mannheim,Baden-Württemberg,python,Occupational Attributes,Programming,Both AI & ML
2025,Mannheim,Baden-Württemberg,scipy,Statistics and Data,Statistics,Both AI & ML
2025,Mannheim,Baden-Württemberg,transformers,Generative AI,Tools,Both AI & ML
2025,Mannheim,Baden-Württemberg,visualization,Occupational Attributes,Visualization,Both AI & ML
2025,Mannheim,Baden-Württemberg,english,General,ForeignLanguage,Both AI & ML
2025,Mannheim,Baden-Württemberg,german,General,ForeignLanguage,Both AI & ML
2025,Mannheim,Baden-Württemberg,spanish,General,ForeignLanguage,Both AI & ML
2025,Mannheim,Baden-Württemberg,proactive,Employee Attributes,Other,Both AI & ML
2025,Nürnberg,Bayern,machine learning,Statistics and Data,DataMining,Both AI & ML
2025,Nürnberg,Bayern,mathematik,General,Numeracy,Both AI & ML
2025,Berlin,Berlin,machine learning,Statistics and Data,DataMining,Both AI & ML
2025,Berlin,Berlin,machine learning,Statistics and Data,DataMining,Both AI & ML
2025,Berlin,Berlin,creative,Decision Making and Analytical,Creativity,Both AI & ML
2025,Berlin,Berlin,machine learning,Statistics and Data,DataMining,Both AI & ML
2025,Berlin,Berlin,architecture,Occupational Attributes,Hardware,Both AI & ML
2025,Berlin,Berlin,mlops,MLOps,Core,Both AI & ML
2025,Berlin,Berlin,machine learning,Statistics and Data,DataMining,Both AI & ML
2025,Berlin,Berlin,machine learning,Statistics and Data,DataMining,Both AI & ML
2025,Berlin,Berlin,aws,Cloud Platforms,AWS,Both AI & ML
2025,Berlin,Berlin,python,Occupational Attributes,Programming,Both AI & ML
2025,Berlin,Berlin,c + +,Occupational Attributes,Programming,Both AI & ML
2025,Berlin,Berlin,java,Occupational Attributes,Programming,Both AI & ML
2025,Jena,Thüringen,machine learning,Statistics and Data,DataMining,Both AI & ML
2025,Jena,Thüringen,kooperation,Decision Making and Analytical,Interpersonal,Both AI & ML
2025,Jena,Thüringen,machine learning,Statistics and Data,DataMining,Both AI & ML
2025,Jena,Thüringen,machine learning,Statistics and Data,DataMining,Both AI & ML
2025,Jena,Thüringen,design,Decision Making and Analytical,DecisionMaking,Both AI & ML
2025,Biberach an der Riß,Baden-Württemberg,big data,Statistics and Data,BigData,Both AI & ML
2025,Biberach an der Riß,Baden-Württemberg,machine learning,Statistics and Data,DataMining,Both AI & ML
2025,Biberach an der Riß,Baden-Württemberg,projektmanagement,Occupational Attributes,ProjectManagement,Both AI & ML
2025,Aachen,Nordrhein-Westfalen,german,General,ForeignLanguage,Both AI & ML
2025,Aachen,Nordrhein-Westfalen,german,General,ForeignLanguage,Both AI & ML
2025,Aachen,Nordrhein-Westfalen,english,General,ForeignLanguage,Both AI & ML
2025,Aachen,Nordrhein-Westfalen,german,General,ForeignLanguage,Both AI & ML
2025,Aachen,Nordrhein-Westfalen,analysis,Decision Making and Analytical,DecisionMaking,Both AI & ML
2025,Aachen,Nordrhein-Westfalen,implementation,Decision Making and Analytical,DecisionMaking,Both AI & ML
2025,Aachen,Nordrhein-Westfalen,creative,Decision Making and Analytical,Creativity,Both AI & ML
2025,Aachen,Nordrhein-Westfalen,reporting,Decision Making and Analytical,DecisionMaking,Both AI & ML
2025,Köln,Nordrhein-Westfalen,german,General,ForeignLanguage,Both AI & ML
2025,Köln,Nordrhein-Westfalen,machine learning,Statistics and Data,DataMining,Both AI & ML
2025,Köln,Nordrhein-Westfalen,accuracy,Employee Attributes,DetailOriented,Both AI & ML
2025,Köln,Nordrhein-Westfalen,german,General,ForeignLanguage,Both AI & ML
2025,Köln,Nordrhein-Westfalen,english,General,ForeignLanguage,Both AI & ML
2025,München,Bayern,machine learning,Statistics and Data,DataMining,Both AI & ML
2025,München,Bayern,motivated,Employee Attributes,Motivation,Both AI & ML
2025,München,Bayern,python,Occupational Attributes,Programming,Both AI & ML
2025,München,Bayern,machine learning,Statistics and Data,DataMining,Both AI & ML
2025,München,Bayern,english,General,ForeignLanguage,Both AI & ML
2025,München,Bayern,german,General,ForeignLanguage,Both AI & ML
2025,Berlin,Berlin,python,Occupational Attributes,Programming,Both AI & ML
2025,Berlin,Berlin,hardware,Occupational Attributes,Hardware,Both AI & ML
2025,Berlin,Berlin,python,Occupational Attributes,Programming,Both AI & ML
2025,Berlin,Berlin,python,Occupational Attributes,Programming,Both AI & ML
2025,Berlin,Berlin,integration,Occupational Attributes,EnterpriseSystem,Both AI & ML
2025,Berlin,Berlin,design,Decision Making and Analytical,DecisionMaking,Both AI & ML
2025,Berlin,Berlin,implementierung,Decision Making and Analytical,DecisionMaking,Both AI & ML
2025,Berlin,Berlin,python,Occupational Attributes,Programming,Both AI & ML
2025,Berlin,Berlin,implementierung,Decision Making and Analytical,DecisionMaking,Both AI & ML
2025,Berlin,Berlin,integration,Occupational Attributes,EnterpriseSystem,Both AI & ML
2025,Berlin,Berlin,dokumentation,Decision Making and Analytical,MSOffice,Both AI & ML
2025,Berlin,Berlin,dokumentation,Decision Making and Analytical,MSOffice,Both AI & ML
2025,Berlin,Berlin,python,Occupational Attributes,Programming,Both AI & ML
2025,Berlin,Berlin,machine learning,Statistics and Data,DataMining,Both AI & ML
2025,Frankfurt am Main,Hessen,selbstständig,Employee Attributes,Independence,Both AI & ML
2025,Frankfurt am Main,Hessen,datenplattform,Statistics and Data,BigData,Both AI & ML
2025,Frankfurt am Main,Hessen,architektur,Occupational Attributes,Hardware,Both AI & ML
2025,Frankfurt am Main,Hessen,verantwortlich,Communication,Generic,Both AI & ML
2025,Frankfurt am Main,Hessen,datenplattform,Statistics and Data,BigData,Both AI & ML
2025,Frankfurt am Main,Hessen,machine learning,Statistics and Data,DataMining,Both AI & ML
2025,Frankfurt am Main,Hessen,datenplattform,Statistics and Data,BigData,Both AI & ML
2025,Frankfurt am Main,Hessen,selbstständig,Employee Attributes,Independence,Both AI & ML
2025,Frankfurt am Main,Hessen,spark,Statistics and Data,BigData,Both AI & ML
2025,Frankfurt am Main,Hessen,aws,Cloud Platforms,AWS,Both AI & ML
2025,Frankfurt am Main,Hessen,architektur,Occupational Attributes,Hardware,Both AI & ML
2025,Frankfurt am Main,Hessen,sql,Statistics and Data,StructuredData,Both AI & ML
2025,Frankfurt am Main,Hessen,python,Occupational Attributes,Programming,Both AI & ML
2025,Frankfurt am Main,Hessen,scala,Occupational Attributes,Programming,Both AI & ML
2025,Frankfurt am Main,Hessen,spark,Statistics and Data,BigData,Both AI & ML
2025,Frankfurt am Main,Hessen,datenplattform,Statistics and Data,BigData,Both AI & ML
2025,Frankfurt am Main,Hessen,selbstständig,Employee Attributes,Independence,Both AI & ML
2025,München,Bayern,zusammenarbeit,Decision Making and Analytical,Interpersonal,Both AI & ML
2025,München,Bayern,mlops,MLOps,Core,Both AI & ML
2025,München,Bayern,azure,Cloud Platforms,Azure,Both AI & ML
2025,München,Bayern,integration,Occupational Attributes,EnterpriseSystem,Both AI & ML
2025,München,Bayern,implementierung,Decision Making and Analytical,DecisionMaking,Both AI & ML
2025,München,Bayern,spark,Statistics and Data,BigData,Both AI & ML
2025,München,Bayern,kafka,Data Engineering,IngestionStreaming,Both AI & ML
2025,München,Bayern,mlops,MLOps,Core,Both AI & ML
2025,München,Bayern,databricks,MLOps,Platforms,Both AI & ML
2025,München,Bayern,machine learning,Statistics and Data,DataMining,Both AI & ML
2025,München,Bayern,databricks,MLOps,Platforms,Both AI & ML
2025,München,Bayern,spark,Statistics and Data,BigData,Both AI & ML
2025,München,Bayern,kafka,Data Engineering,IngestionStreaming,Both AI & ML
2025,München,Bayern,python,Occupational Attributes,Programming,Both AI & ML
2025,München,Bayern,scala,Occupational Attributes,Programming,Both AI & ML
2025,München,Bayern,java,Occupational Attributes,Programming,Both AI & ML
2025,München,Bayern,sql,Statistics and Data,StructuredData,Both AI & ML
2025,München,Bayern,azure,Cloud Platforms,Azure,Both AI & ML
2025,München,Bayern,aws,Cloud Platforms,AWS,Both AI & ML
2025,München,Bayern,gcp,Cloud Platforms,GCP,Both AI & ML
2025,München,Bayern,airflow,MLOps,Tools,Both AI & ML
2025,München,Bayern,kubernetes,MLOps,Tools,Both AI & ML
2025,München,Bayern,docker,MLOps,Tools,Both AI & ML
2025,München,Bayern,deutsch,General,ForeignLanguage,Both AI & ML
2025,München,Bayern,flexible,Employee Attributes,Adaptability,Both AI & ML
2025,Berlin,Berlin,machine learning,Statistics and Data,DataMining,Both AI & ML
2025,Berlin,Berlin,responsible,Communication,Generic,Both AI & ML
2025,Berlin,Berlin,transparency,Ethical and Responsible AI,EthicalAI,Both AI & ML
2025,Berlin,Berlin,independent,Employee Attributes,Independence,Both AI & ML
2025,Berlin,Berlin,transparency,Ethical and Responsible AI,EthicalAI,Both AI & ML
2025,Berlin,Berlin,flexible,Employee Attributes,Adaptability,Both AI & ML
2025,Berlin,Berlin,responsible,Communication,Generic,Both AI & ML
2025,Berlin,Berlin,machine learning,Statistics and Data,DataMining,Both AI & ML
2025,Berlin,Berlin,nlp,Specialized ML,NLP,Both AI & ML
2025,Berlin,Berlin,machine learning,Statistics and Data,DataMining,Both AI & ML
2025,Berlin,Berlin,machine learning,Statistics and Data,DataMining,Both AI & ML
2025,Berlin,Berlin,design,Decision Making and Analytical,DecisionMaking,Both AI & ML
2025,Berlin,Berlin,implementation,Decision Making and Analytical,DecisionMaking,Both AI & ML
2025,Berlin,Berlin,machine learning,Statistics and Data,DataMining,Both AI & ML
2025,Berlin,Berlin,design,Decision Making and Analytical,DecisionMaking,Both AI & ML
2025,Hamburg,Hamburg,machine learning,Statistics and Data,DataMining,Both AI & ML
2025,Hamburg,Hamburg,motivated,Employee Attributes,Motivation,Both AI & ML
2025,Hamburg,Hamburg,present,Communication,Presentation,Both AI & ML
2025,Hamburg,Hamburg,competitive,Communication,Generic,Both AI & ML
2025,Hamburg,Hamburg,scaling,Generative AI,Serving,Both AI & ML
2025,Hamburg,Hamburg,machine learning,Statistics and Data,DataMining,Both AI & ML
2025,Hamburg,Hamburg,machine learning,Statistics and Data,DataMining,Both AI & ML
2025,Hamburg,Hamburg,analysis,Decision Making and Analytical,DecisionMaking,Both AI & ML
2025,Hamburg,Hamburg,design,Decision Making and Analytical,DecisionMaking,Both AI & ML
2025,Hamburg,Hamburg,machine learning,Statistics and Data,DataMining,Both AI & ML
2025,Hamburg,Hamburg,integration,Occupational Attributes,EnterpriseSystem,Both AI & ML
2025,Hamburg,Hamburg,testing,Decision Making and Analytical,DecisionMaking,Both AI & ML
2025,Aachen,Nordrhein-Westfalen,datenanalyse,General,Research,Both AI & ML
2025,Aachen,Nordrhein-Westfalen,machine learning,Statistics and Data,DataMining,Both AI & ML
2025,Aachen,Nordrhein-Westfalen,zusammenarbeit,Decision Making and Analytical,Interpersonal,Both AI & ML
2025,Aachen,Nordrhein-Westfalen,integration,Occupational Attributes,EnterpriseSystem,Both AI & ML
2025,Aachen,Nordrhein-Westfalen,deutsch,General,ForeignLanguage,Both AI & ML
2025,Aachen,Nordrhein-Westfalen,englisch,General,ForeignLanguage,Both AI & ML
2025,Soest,Nordrhein-Westfalen,hardware,Occupational Attributes,Hardware,Both AI & ML
2025,Soest,Nordrhein-Westfalen,hardware,Occupational Attributes,Hardware,Both AI & ML
2025,Soest,Nordrhein-Westfalen,integration,Occupational Attributes,EnterpriseSystem,Both AI & ML
2025,Soest,Nordrhein-Westfalen,programmierung,Occupational Attributes,Programming,Both AI & ML
2025,Soest,Nordrhein-Westfalen,hardware,Occupational Attributes,Hardware,Both AI & ML
2025,Soest,Nordrhein-Westfalen,integration,Occupational Attributes,EnterpriseSystem,Both AI & ML
2025,Soest,Nordrhein-Westfalen,devices,Occupational Attributes,Hardware,Both AI & ML
2025,Soest,Nordrhein-Westfalen,zusammenarbeit,Decision Making and Analytical,Interpersonal,Both AI & ML
2025,Soest,Nordrhein-Westfalen,mathematik,General,Numeracy,Both AI & ML
2025,Soest,Nordrhein-Westfalen,c + +,Occupational Attributes,Programming,Both AI & ML
2025,Soest,Nordrhein-Westfalen,python,Occupational Attributes,Programming,Both AI & ML
2025,Soest,Nordrhein-Westfalen,hardware,Occupational Attributes,Hardware,Both AI & ML
2025,Frankfurt am Main,Hessen,machine learning,Statistics and Data,DataMining,Both AI & ML
2025,Frankfurt am Main,Hessen,analysis,Decision Making and Analytical,DecisionMaking,Both AI & ML
2025,Frankfurt am Main,Hessen,implementation,Decision Making and Analytical,DecisionMaking,Both AI & ML
2025,Frankfurt am Main,Hessen,machine learning,Statistics and Data,DataMining,Both AI & ML
2025,Frankfurt am Main,Hessen,design,Decision Making and Analytical,DecisionMaking,Both AI & ML
2025,Frankfurt am Main,Hessen,competitive,Communication,Generic,Both AI & ML
2025,Frankfurt am Main,Hessen,analysis,Decision Making and Analytical,DecisionMaking,Both AI & ML
2025,Frankfurt am Main,Hessen,design,Decision Making and Analytical,DecisionMaking,Both AI & ML
2025,Frankfurt am Main,Hessen,competitive,Communication,Generic,Both AI & ML
2025,Frankfurt am Main,Hessen,german,General,ForeignLanguage,Both AI & ML
2025,Mannheim,Baden-Württemberg,machine learning,Statistics and Data,DataMining,Both AI & ML
2025,Mannheim,Baden-Württemberg,machine learning,Statistics and Data,DataMining,Both AI & ML
2025,Mannheim,Baden-Württemberg,machine learning,Statistics and Data,DataMining,Both AI & ML
2025,Mannheim,Baden-Württemberg,python,Occupational Attributes,Programming,Both AI & ML
2025,Mannheim,Baden-Württemberg,collaboration,Decision Making and Analytical,Interpersonal,Both AI & ML
2025,Mannheim,Baden-Württemberg,design,Decision Making and Analytical,DecisionMaking,Both AI & ML
2025,Mannheim,Baden-Württemberg,analysis,Decision Making and Analytical,DecisionMaking,Both AI & ML
2025,Mannheim,Baden-Württemberg,python,Occupational Attributes,Programming,Both AI & ML
2025,Mannheim,Baden-Württemberg,machine learning,Statistics and Data,DataMining,Both AI & ML
2025,Mannheim,Baden-Württemberg,pandas,Statistics and Data,Statistics,Both AI & ML
2025,Mannheim,Baden-Württemberg,java,Occupational Attributes,Programming,Both AI & ML
2025,Mannheim,Baden-Württemberg,javascript,Occupational Attributes,Programming,Both AI & ML
2025,Mannheim,Baden-Württemberg,azure,Cloud Platforms,Azure,Both AI & ML
2025,Mannheim,Baden-Württemberg,matlab,Statistics and Data,Statistics,Both AI & ML
2025,Mannheim,Baden-Württemberg,english,General,ForeignLanguage,Both AI & ML
2025,Mannheim,Baden-Württemberg,german,General,ForeignLanguage,Both AI & ML
2025,Berlin,Berlin,responsible,Communication,Generic,Both AI & ML
2025,Berlin,Berlin,transparency,Ethical and Responsible AI,EthicalAI,Both AI & ML
2025,Berlin,Berlin,independent,Employee Attributes,Independence,Both AI & ML
2025,Berlin,Berlin,transparency,Ethical and Responsible AI,EthicalAI,Both AI & ML
2025,Berlin,Berlin,flexible,Employee Attributes,Adaptability,Both AI & ML
2025,Berlin,Berlin,responsible,Communication,Generic,Both AI & ML
2025,Berlin,Berlin,collaboration,Decision Making and Analytical,Interpersonal,Both AI & ML
2025,Berlin,Berlin,responsible,Communication,Generic,Both AI & ML
2025,Aachen,Nordrhein-Westfalen,datenanalyse,General,Research,Both AI & ML
2025,Aachen,Nordrhein-Westfalen,machine learning,Statistics and Data,DataMining,Both AI & ML
2025,Aachen,Nordrhein-Westfalen,zusammenarbeit,Decision Making and Analytical,Interpersonal,Both AI & ML
2025,Aachen,Nordrhein-Westfalen,integration,Occupational Attributes,EnterpriseSystem,Both AI & ML
2025,Aachen,Nordrhein-Westfalen,deutsch,General,ForeignLanguage,Both AI & ML
2025,Aachen,Nordrhein-Westfalen,englisch,General,ForeignLanguage,Both AI & ML
2025,Geesthacht,Schleswig-Holstein,machine learning,Statistics and Data,DataMining,Both AI & ML
2025,Geesthacht,Schleswig-Holstein,prozessdesign,Decision Making and Analytical,ProcessDesign,Both AI & ML
2025,Geesthacht,Schleswig-Holstein,design,Decision Making and Analytical,DecisionMaking,Both AI & ML
2025,Geesthacht,Schleswig-Holstein,machine learning,Statistics and Data,DataMining,Both AI & ML
2025,Geesthacht,Schleswig-Holstein,machine learning,Statistics and Data,DataMining,Both AI & ML
2025,Geesthacht,Schleswig-Holstein,regression,Statistics and Data,Statistics,Both AI & ML
2025,Geesthacht,Schleswig-Holstein,design,Decision Making and Analytical,DecisionMaking,Both AI & ML
2025,Geesthacht,Schleswig-Holstein,modeling,Decision Making and Analytical,DecisionMaking,Both AI & ML
2025,Geesthacht,Schleswig-Holstein,machine learning,Statistics and Data,DataMining,Both AI & ML
2025,Geesthacht,Schleswig-Holstein,implementation,Decision Making and Analytical,DecisionMaking,Both AI & ML
2025,Geesthacht,Schleswig-Holstein,machine learning,Statistics and Data,DataMining,Both AI & ML
2025,Geesthacht,Schleswig-Holstein,python,Occupational Attributes,Programming,Both AI & ML
2025,Geesthacht,Schleswig-Holstein,collaboration,Decision Making and Analytical,Interpersonal,Both AI & ML
2025,Geesthacht,Schleswig-Holstein,python,Occupational Attributes,Programming,Both AI & ML
2025,Geesthacht,Schleswig-Holstein,python,Occupational Attributes,Programming,Both AI & ML
2025,Freiburg im Breisgau,Baden-Württemberg,problemlösung,Decision Making and Analytical,ProblemSolving,Both AI & ML
2025,Konstanz,Baden-Württemberg,machine learning,Statistics and Data,DataMining,Both AI & ML
2025,Konstanz,Baden-Württemberg,computer vision,Specialized ML,ComputerVision,Both AI & ML
2025,Konstanz,Baden-Württemberg,machine learning,Statistics and Data,DataMining,Both AI & ML
2025,Konstanz,Baden-Württemberg,python,Occupational Attributes,Programming,Both AI & ML
2025,Konstanz,Baden-Württemberg,pandas,Statistics and Data,Statistics,Both AI & ML
2025,Konstanz,Baden-Württemberg,azure,Cloud Platforms,Azure,Both AI & ML
2025,Konstanz,Baden-Württemberg,deutsch,General,ForeignLanguage,Both AI & ML
2025,Wuppertal,Nordrhein-Westfalen,java,Occupational Attributes,Programming,ML
2025,Wuppertal,Nordrhein-Westfalen,analyse,Decision Making and Analytical,DecisionMaking,ML
2025,Wuppertal,Nordrhein-Westfalen,java,Occupational Attributes,Programming,ML
2025,Wuppertal,Nordrhein-Westfalen,integration,Occupational Attributes,EnterpriseSystem,ML
2025,Wuppertal,Nordrhein-Westfalen,analyse,Decision Making and Analytical,DecisionMaking,ML
2025,Wuppertal,Nordrhein-Westfalen,zusammenarbeit,Decision Making and Analytical,Interpersonal,ML
2025,Wuppertal,Nordrhein-Westfalen,mathematik,General,Numeracy,ML
2025,Wuppertal,Nordrhein-Westfalen,java,Occupational Attributes,Programming,ML
2025,Wuppertal,Nordrhein-Westfalen,java,Occupational Attributes,Programming,ML
2025,Wuppertal,Nordrhein-Westfalen,java,Occupational Attributes,Programming,ML
2025,Mannheim,Baden-Württemberg,machine learning,Statistics and Data,DataMining,Both AI & ML
2025,Mannheim,Baden-Württemberg,python,Occupational Attributes,Programming,Both AI & ML
2025,Mannheim,Baden-Württemberg,pandas,Statistics and Data,Statistics,Both AI & ML
2025,Mannheim,Baden-Württemberg,english,General,ForeignLanguage,Both AI & ML
2025,Aachen,Nordrhein-Westfalen,cooperation,Decision Making and Analytical,Interpersonal,Both AI & ML
2025,Aachen,Nordrhein-Westfalen,german,General,ForeignLanguage,Both AI & ML
2025,Aachen,Nordrhein-Westfalen,implementation,Decision Making and Analytical,DecisionMaking,Both AI & ML
2025,Aachen,Nordrhein-Westfalen,motivated,Employee Attributes,Motivation,Both AI & ML
2025,Aachen,Nordrhein-Westfalen,analysis,Decision Making and Analytical,DecisionMaking,Both AI & ML
2025,Aachen,Nordrhein-Westfalen,implementation,Decision Making and Analytical,DecisionMaking,Both AI & ML
2025,Aachen,Nordrhein-Westfalen,communication,Decision Making and Analytical,MSOffice,Both AI & ML
2025,Aachen,Nordrhein-Westfalen,analytical,Decision Making and Analytical,DecisionMaking,Both AI & ML
2025,Aachen,Nordrhein-Westfalen,english,General,ForeignLanguage,Both AI & ML
2025,Aachen,Nordrhein-Westfalen,german,General,ForeignLanguage,Both AI & ML
2025,Greifswald,Mecklenburg-Vorpommern,machine learning,Statistics and Data,DataMining,Both AI & ML
2025,Greifswald,Mecklenburg-Vorpommern,machine learning,Statistics and Data,DataMining,Both AI & ML
2025,Greifswald,Mecklenburg-Vorpommern,kooperation,Decision Making and Analytical,Interpersonal,Both AI & ML
2025,Greifswald,Mecklenburg-Vorpommern,mathematik,General,Numeracy,Both AI & ML
2025,München,Bayern,planung,Data Engineering,Orchestration,Both AI & ML
2025,München,Bayern,kommunikation,Decision Making and Analytical,MSOffice,Both AI & ML
2025,München,Bayern,dokumentation,Decision Making and Analytical,MSOffice,Both AI & ML
2025,Aachen,Nordrhein-Westfalen,design,Decision Making and Analytical,DecisionMaking,Both AI & ML
2025,Aachen,Nordrhein-Westfalen,integration,Occupational Attributes,EnterpriseSystem,Both AI & ML
2025,Aachen,Nordrhein-Westfalen,probability,Statistics and Data,Statistics,Both AI & ML
2025,Aachen,Nordrhein-Westfalen,python,Occupational Attributes,Programming,Both AI & ML
2025,Aachen,Nordrhein-Westfalen,c + +,Occupational Attributes,Programming,Both AI & ML
2025,Aachen,Nordrhein-Westfalen,machine learning,Statistics and Data,DataMining,Both AI & ML
2025,Düsseldorf,Nordrhein-Westfalen,machine learning,Statistics and Data,DataMining,Both AI & ML
2025,Düsseldorf,Nordrhein-Westfalen,machine learning,Statistics and Data,DataMining,Both AI & ML
2025,Düsseldorf,Nordrhein-Westfalen,mlops,MLOps,Core,Both AI & ML
2025,Düsseldorf,Nordrhein-Westfalen,mathematik,General,Numeracy,Both AI & ML
2025,Düsseldorf,Nordrhein-Westfalen,rag,Generative AI,Techniques,Both AI & ML
2025,Düsseldorf,Nordrhein-Westfalen,computer vision,Specialized ML,ComputerVision,Both AI & ML
2025,Düsseldorf,Nordrhein-Westfalen,testing,Decision Making and Analytical,DecisionMaking,Both AI & ML
2025,Düsseldorf,Nordrhein-Westfalen,deutsch,General,ForeignLanguage,Both AI & ML
2025,Saarwellingen,Saarland,desktop,Occupational Attributes,Hardware,Both AI & ML
2025,Saarwellingen,Saarland,desktop,Occupational Attributes,Hardware,Both AI & ML
2025,Saarwellingen,Saarland,english,General,ForeignLanguage,Both AI & ML
2025,Saarwellingen,Saarland,german,General,ForeignLanguage,Both AI & ML
2025,Saarwellingen,Saarland,machine learning,Statistics and Data,DataMining,Both AI & ML
2025,Saarwellingen,Saarland,modeling,Decision Making and Analytical,DecisionMaking,Both AI & ML
2025,Saarwellingen,Saarland,proactive,Employee Attributes,Other,Both AI & ML
2025,Saarwellingen,Saarland,desktop,Occupational Attributes,Hardware,Both AI & ML
2025,Saarwellingen,Saarland,desktop,Occupational Attributes,Hardware,Both AI & ML
2025,Saarwellingen,Saarland,hardware,Occupational Attributes,Hardware,Both AI & ML
2025,Saarwellingen,Saarland,communication,Decision Making and Analytical,MSOffice,Both AI & ML
2025,Saarwellingen,Saarland,english,General,ForeignLanguage,Both AI & ML
2025,Saarwellingen,Saarland,german,General,ForeignLanguage,Both AI & ML
2025,Hannover,Niedersachsen,implementierung,Decision Making and Analytical,DecisionMaking,Both AI & ML
2025,Hannover,Niedersachsen,regression,Statistics and Data,Statistics,Both AI & ML
2025,Hannover,Niedersachsen,datenanalyse,General,Research,Both AI & ML
2025,Hannover,Niedersachsen,modellierung,Decision Making and Analytical,DecisionMaking,Both AI & ML
2025,Hannover,Niedersachsen,architektur,Occupational Attributes,Hardware,Both AI & ML
2025,Hannover,Niedersachsen,nlp,Specialized ML,NLP,Both AI & ML
2025,Hannover,Niedersachsen,forecasting,Statistics and Data,DataMining,Both AI & ML
2025,Hannover,Niedersachsen,rag,Generative AI,Techniques,Both AI & ML
2025,Hannover,Niedersachsen,python,Occupational Attributes,Programming,Both AI & ML
2025,Hannover,Niedersachsen,langchain,Generative AI,Tools,Both AI & ML
2025,Hannover,Niedersachsen,fastapi,Generative AI,Serving,Both AI & ML
2025,Moers,Nordrhein-Westfalen,python,Occupational Attributes,Programming,Both AI & ML
2025,Moers,Nordrhein-Westfalen,legacy,Occupational Attributes,Hardware,Both AI & ML
2025,Moers,Nordrhein-Westfalen,javascript,Occupational Attributes,Programming,Both AI & ML
2025,Moers,Nordrhein-Westfalen,python,Occupational Attributes,Programming,Both AI & ML
2025,Moers,Nordrhein-Westfalen,sql,Statistics and Data,StructuredData,Both AI & ML
2025,Moers,Nordrhein-Westfalen,lernbereitschaft,Employee Attributes,Motivation,Both AI & ML
2025,Moers,Nordrhein-Westfalen,eigenverantwortlich,Employee Attributes,Attitude,Both AI & ML
2025,Moers,Nordrhein-Westfalen,architektur,Occupational Attributes,Hardware,Both AI & ML
2025,Moers,Nordrhein-Westfalen,cobol,Occupational Attributes,Programming,Both AI & ML
2025,Moers,Nordrhein-Westfalen,javascript,Occupational Attributes,Programming,Both AI & ML
2025,Wiesbaden,Hessen,machine learning,Statistics and Data,DataMining,Both AI & ML
2025,Wiesbaden,Hessen,integration,Occupational Attributes,EnterpriseSystem,Both AI & ML
2025,Wiesbaden,Hessen,analytisch,Decision Making and Analytical,Analytical,Both AI & ML
2025,Wiesbaden,Hessen,mathematik,General,Numeracy,Both AI & ML
2025,Wiesbaden,Hessen,azure,Cloud Platforms,Azure,Both AI & ML
2025,Wiesbaden,Hessen,projektmanagement,Occupational Attributes,ProjectManagement,Both AI & ML
2025,Berlin,Berlin,transparency,Ethical and Responsible AI,EthicalAI,Both AI & ML
2025,Berlin,Berlin,accuracy,Employee Attributes,DetailOriented,Both AI & ML
2025,Berlin,Berlin,design,Decision Making and Analytical,DecisionMaking,Both AI & ML
2025,Berlin,Berlin,machine learning,Statistics and Data,DataMining,Both AI & ML
2025,Berlin,Berlin,design,Decision Making and Analytical,DecisionMaking,Both AI & ML
2025,Berlin,Berlin,implementation,Decision Making and Analytical,DecisionMaking,Both AI & ML
2025,Berlin,Berlin,analytical,Decision Making and Analytical,DecisionMaking,Both AI & ML
2025,Berlin,Berlin,python,Occupational Attributes,Programming,Both AI & ML
2025,Berlin,Berlin,sql,Statistics and Data,StructuredData,Both AI & ML
2025,Berlin,Berlin,analytical,Decision Making and Analytical,DecisionMaking,Both AI & ML
2025,Berlin,Berlin,modeling,Decision Making and Analytical,DecisionMaking,Both AI & ML
2025,Berlin,Berlin,design,Decision Making and Analytical,DecisionMaking,Both AI & ML
2025,Berlin,Berlin,postgresql,Statistics and Data,StructuredData,Both AI & ML
2025,Völklingen,Saarland,big data,Statistics and Data,BigData,Both AI & ML
2025,Völklingen,Saarland,planung,Data Engineering,Orchestration,Both AI & ML
2025,Völklingen,Saarland,machine learning,Statistics and Data,DataMining,Both AI & ML
2025,Völklingen,Saarland,zusammenarbeit,Decision Making and Analytical,Interpersonal,Both AI & ML
2025,Völklingen,Saarland,mathematik,General,Numeracy,Both AI & ML
2025,Völklingen,Saarland,python,Occupational Attributes,Programming,Both AI & ML
2025,München,Bayern,zusammenarbeit,Decision Making and Analytical,Interpersonal,Both AI & ML
2025,München,Bayern,mathematik,General,Numeracy,Both AI & ML
2025,München,Bayern,machine learning,Statistics and Data,DataMining,Both AI & ML
2025,München,Bayern,aws,Cloud Platforms,AWS,Both AI & ML
2025,München,Bayern,python,Occupational Attributes,Programming,Both AI & ML
2025,München,Bayern,docker,MLOps,Tools,Both AI & ML
2025,München,Bayern,kubernetes,MLOps,Tools,Both AI & ML
2025,München,Bayern,aws,Cloud Platforms,AWS,Both AI & ML
2025,München,Bayern,deutsch,General,ForeignLanguage,Both AI & ML
2025,München,Bayern,englisch,General,ForeignLanguage,Both AI & ML
2025,Karlsruhe,Baden-Württemberg,mlops,MLOps,Core,Both AI & ML
2025,Karlsruhe,Baden-Württemberg,azure,Cloud Platforms,Azure,Both AI & ML
2025,Karlsruhe,Baden-Württemberg,azure,Cloud Platforms,Azure,Both AI & ML
2025,Karlsruhe,Baden-Württemberg,azure,Cloud Platforms,Azure,Both AI & ML
2025,Karlsruhe,Baden-Württemberg,storage,Occupational Attributes,Hardware,Both AI & ML
2025,Karlsruhe,Baden-Württemberg,azure,Cloud Platforms,Azure,Both AI & ML
2025,Karlsruhe,Baden-Württemberg,azure,Cloud Platforms,Azure,Both AI & ML
2025,Karlsruhe,Baden-Württemberg,machine learning,Statistics and Data,DataMining,Both AI & ML
2025,Karlsruhe,Baden-Württemberg,azure,Cloud Platforms,Azure,Both AI & ML
2025,Karlsruhe,Baden-Württemberg,integration,Occupational Attributes,EnterpriseSystem,Both AI & ML
2025,Karlsruhe,Baden-Württemberg,zusammenarbeit,Decision Making and Analytical,Interpersonal,Both AI & ML
2025,Karlsruhe,Baden-Württemberg,machine learning,Statistics and Data,DataMining,Both AI & ML
2025,Karlsruhe,Baden-Württemberg,kubernetes,MLOps,Tools,Both AI & ML
2025,Karlsruhe,Baden-Württemberg,azure,Cloud Platforms,Azure,Both AI & ML
2025,Karlsruhe,Baden-Württemberg,azure,Cloud Platforms,Azure,Both AI & ML
2025,Karlsruhe,Baden-Württemberg,azure,Cloud Platforms,Azure,Both AI & ML
2025,Karlsruhe,Baden-Württemberg,azure,Cloud Platforms,Azure,Both AI & ML
2025,Karlsruhe,Baden-Württemberg,machine learning,Statistics and Data,DataMining,Both AI & ML
2025,Karlsruhe,Baden-Württemberg,azure,Cloud Platforms,Azure,Both AI & ML
2025,Karlsruhe,Baden-Württemberg,mlops,MLOps,Core,Both AI & ML
2025,Karlsruhe,Baden-Württemberg,kubernetes,MLOps,Tools,Both AI & ML
2025,Karlsruhe,Baden-Württemberg,zusammenarbeit,Decision Making and Analytical,Interpersonal,Both AI & ML
2025,Karlsruhe,Baden-Württemberg,flexible,Employee Attributes,Adaptability,Both AI & ML
2025,Münster,Nordrhein-Westfalen,reporting,Decision Making and Analytical,DecisionMaking,Both AI & ML
2025,Münster,Nordrhein-Westfalen,architektur,Occupational Attributes,Hardware,Both AI & ML
2025,Münster,Nordrhein-Westfalen,zusammenarbeit,Decision Making and Analytical,Interpersonal,Both AI & ML
2025,Münster,Nordrhein-Westfalen,reporting,Decision Making and Analytical,DecisionMaking,Both AI & ML
2025,Münster,Nordrhein-Westfalen,sap,Occupational Attributes,EnterpriseSystem,Both AI & ML
2025,Münster,Nordrhein-Westfalen,sap,Occupational Attributes,EnterpriseSystem,Both AI & ML
2025,Münster,Nordrhein-Westfalen,azure,Cloud Platforms,Azure,Both AI & ML
2025,Münster,Nordrhein-Westfalen,sap,Occupational Attributes,EnterpriseSystem,Both AI & ML
2025,Münster,Nordrhein-Westfalen,sap,Occupational Attributes,EnterpriseSystem,Both AI & ML
2025,Münster,Nordrhein-Westfalen,machine learning,Statistics and Data,DataMining,Both AI & ML
2025,Münster,Nordrhein-Westfalen,machine learning,Statistics and Data,DataMining,Both AI & ML
2025,Münster,Nordrhein-Westfalen,sap,Occupational Attributes,EnterpriseSystem,Both AI & ML
2025,Münster,Nordrhein-Westfalen,azure,Cloud Platforms,Azure,Both AI & ML
2025,Münster,Nordrhein-Westfalen,crm,Occupational Attributes,EnterpriseSystem,Both AI & ML
2025,Münster,Nordrhein-Westfalen,statistik,Statistics and Data,Statistics,Both AI & ML
2025,Münster,Nordrhein-Westfalen,python,Occupational Attributes,Programming,Both AI & ML
2025,Münster,Nordrhein-Westfalen,spark,Statistics and Data,BigData,Both AI & ML
2025,Münster,Nordrhein-Westfalen,sql,Statistics and Data,StructuredData,Both AI & ML
2025,Münster,Nordrhein-Westfalen,azure,Cloud Platforms,Azure,Both AI & ML
2025,Münster,Nordrhein-Westfalen,aws,Cloud Platforms,AWS,Both AI & ML
2025,Münster,Nordrhein-Westfalen,databricks,MLOps,Platforms,Both AI & ML
2025,Münster,Nordrhein-Westfalen,zusammenarbeit,Decision Making and Analytical,Interpersonal,Both AI & ML
2025,München,Bayern,communication,Decision Making and Analytical,MSOffice,Both AI & ML
2025,München,Bayern,motivated,Employee Attributes,Motivation,Both AI & ML
2025,München,Bayern,present,Communication,Presentation,Both AI & ML
2025,München,Bayern,communication,Decision Making and Analytical,MSOffice,Both AI & ML
2025,München,Bayern,python,Occupational Attributes,Programming,Both AI & ML
2025,München,Bayern,c + +,Occupational Attributes,Programming,Both AI & ML
2025,München,Bayern,matlab,Statistics and Data,Statistics,Both AI & ML
2025,München,Bayern,modeling,Decision Making and Analytical,DecisionMaking,Both AI & ML
2025,München,Bayern,analytical,Decision Making and Analytical,DecisionMaking,Both AI & ML
2025,München,Bayern,communication,Decision Making and Analytical,MSOffice,Both AI & ML
2025,München,Bayern,design,Decision Making and Analytical,DecisionMaking,Both AI & ML
2025,München,Bayern,machine learning,Statistics and Data,DataMining,Both AI & ML
2025,Düsseldorf,Nordrhein-Westfalen,machine learning,Statistics and Data,DataMining,Both AI & ML
2025,Düsseldorf,Nordrhein-Westfalen,machine learning,Statistics and Data,DataMining,Both AI & ML
2025,Düsseldorf,Nordrhein-Westfalen,machine learning,Statistics and Data,DataMining,Both AI & ML
2025,Düsseldorf,Nordrhein-Westfalen,mlops,MLOps,Core,Both AI & ML
2025,Düsseldorf,Nordrhein-Westfalen,mathematik,General,Numeracy,Both AI & ML
2025,Düsseldorf,Nordrhein-Westfalen,rag,Generative AI,Techniques,Both AI & ML
2025,Düsseldorf,Nordrhein-Westfalen,computer vision,Specialized ML,ComputerVision,Both AI & ML
2025,Holzwickede,Nordrhein-Westfalen,mathematik,General,Numeracy,Both AI & ML
2025,Holzwickede,Nordrhein-Westfalen,statistik,Statistics and Data,Statistics,Both AI & ML
2025,Holzwickede,Nordrhein-Westfalen,forecasting,Statistics and Data,DataMining,Both AI & ML
2025,Holzwickede,Nordrhein-Westfalen,programmierung,Occupational Attributes,Programming,Both AI & ML
2025,Holzwickede,Nordrhein-Westfalen,python,Occupational Attributes,Programming,Both AI & ML
2025,Holzwickede,Nordrhein-Westfalen,sql,Statistics and Data,StructuredData,Both AI & ML
2025,Holzwickede,Nordrhein-Westfalen,python,Occupational Attributes,Programming,Both AI & ML
2025,Holzwickede,Nordrhein-Westfalen,pandas,Statistics and Data,Statistics,Both AI & ML
2025,Holzwickede,Nordrhein-Westfalen,deutsch,General,ForeignLanguage,Both AI & ML
2025,Berlin,Berlin,responsible,Communication,Generic,Both AI & ML
2025,Berlin,Berlin,motivated,Employee Attributes,Motivation,Both AI & ML
2025,Berlin,Berlin,machine learning,Statistics and Data,DataMining,Both AI & ML
2025,Berlin,Berlin,machine learning,Statistics and Data,DataMining,Both AI & ML
2025,Berlin,Berlin,analysis,Decision Making and Analytical,DecisionMaking,Both AI & ML
2025,Berlin,Berlin,integration,Occupational Attributes,EnterpriseSystem,Both AI & ML
2025,Berlin,Berlin,english,General,ForeignLanguage,Both AI & ML
2025,Berlin,Berlin,english,General,ForeignLanguage,Both AI & ML
2025,Berlin,Berlin,german,General,ForeignLanguage,Both AI & ML
2025,Berlin,Berlin,presentation,Communication,Presentation,Both AI & ML
2025,Berlin,Berlin,analytical,Decision Making and Analytical,DecisionMaking,Both AI & ML
2025,Berlin,Berlin,motivated,Employee Attributes,Motivation,Both AI & ML
2025,Köln,Nordrhein-Westfalen,c + +,Occupational Attributes,Programming,Both AI & ML
2025,Köln,Nordrhein-Westfalen,devices,Occupational Attributes,Hardware,Both AI & ML
2025,Köln,Nordrhein-Westfalen,design,Decision Making and Analytical,DecisionMaking,Both AI & ML
2025,Köln,Nordrhein-Westfalen,design,Decision Making and Analytical,DecisionMaking,Both AI & ML
2025,Köln,Nordrhein-Westfalen,design,Decision Making and Analytical,DecisionMaking,Both AI & ML
2025,Köln,Nordrhein-Westfalen,c + +,Occupational Attributes,Programming,Both AI & ML
2025,Köln,Nordrhein-Westfalen,german,General,ForeignLanguage,Both AI & ML
2025,Köln,Nordrhein-Westfalen,english,General,ForeignLanguage,Both AI & ML
2025,Köln,Nordrhein-Westfalen,machine learning,Statistics and Data,DataMining,Both AI & ML
2025,Münster,Nordrhein-Westfalen,reporting,Decision Making and Analytical,DecisionMaking,Both AI & ML
2025,Münster,Nordrhein-Westfalen,prognose,Statistics and Data,DataMining,Both AI & ML
2025,Münster,Nordrhein-Westfalen,modellierung,Decision Making and Analytical,DecisionMaking,Both AI & ML
2025,Münster,Nordrhein-Westfalen,kommunikation,Decision Making and Analytical,MSOffice,Both AI & ML
2025,Münster,Nordrhein-Westfalen,big data,Statistics and Data,BigData,Both AI & ML
2025,Münster,Nordrhein-Westfalen,architektur,Occupational Attributes,Hardware,Both AI & ML
2025,Münster,Nordrhein-Westfalen,azure,Cloud Platforms,Azure,Both AI & ML
2025,Münster,Nordrhein-Westfalen,machine learning,Statistics and Data,DataMining,Both AI & ML
2025,Münster,Nordrhein-Westfalen,crm,Occupational Attributes,EnterpriseSystem,Both AI & ML
2025,Münster,Nordrhein-Westfalen,statistik,Statistics and Data,Statistics,Both AI & ML
2025,Münster,Nordrhein-Westfalen,python,Occupational Attributes,Programming,Both AI & ML
2025,Münster,Nordrhein-Westfalen,spark,Statistics and Data,BigData,Both AI & ML
2025,Münster,Nordrhein-Westfalen,sql,Statistics and Data,StructuredData,Both AI & ML
2025,Münster,Nordrhein-Westfalen,azure,Cloud Platforms,Azure,Both AI & ML
2025,Münster,Nordrhein-Westfalen,aws,Cloud Platforms,AWS,Both AI & ML
2025,Bielefeld,Nordrhein-Westfalen,llm,Generative AI,LLM,Both AI & ML
2025,Bielefeld,Nordrhein-Westfalen,zusammenarbeit,Decision Making and Analytical,Interpersonal,Both AI & ML
2025,Bielefeld,Nordrhein-Westfalen,transparenz,Ethical and Responsible AI,EthicalAI,Both AI & ML
2025,Bielefeld,Nordrhein-Westfalen,llm,Generative AI,LLM,Both AI & ML
2025,Bielefeld,Nordrhein-Westfalen,machine learning,Statistics and Data,DataMining,Both AI & ML
2025,Bielefeld,Nordrhein-Westfalen,llm,Generative AI,LLM,Both AI & ML
2025,Bielefeld,Nordrhein-Westfalen,mathematik,General,Numeracy,Both AI & ML
2025,Osnabrück,Niedersachsen,gcp,Cloud Platforms,GCP,Both AI & ML
2025,Osnabrück,Niedersachsen,mlops,MLOps,Core,Both AI & ML
2025,Osnabrück,Niedersachsen,python,Occupational Attributes,Programming,Both AI & ML
2025,Osnabrück,Niedersachsen,langchain,Generative AI,Tools,Both AI & ML
2025,Osnabrück,Niedersachsen,analytisch,Decision Making and Analytical,Analytical,Both AI & ML
2025,Osnabrück,Niedersachsen,deutsch,General,ForeignLanguage,Both AI & ML
2025,Saarbrücken,Saarland,machine learning,Statistics and Data,DataMining,Both AI & ML
2025,Saarbrücken,Saarland,machine learning,Statistics and Data,DataMining,Both AI & ML
2025,Saarbrücken,Saarland,machine learning,Statistics and Data,DataMining,Both AI & ML
2025,Saarbrücken,Saarland,implementierung,Decision Making and Analytical,DecisionMaking,Both AI & ML
2025,Saarbrücken,Saarland,machine learning,Statistics and Data,DataMining,Both AI & ML
2025,Saarbrücken,Saarland,nlp,Specialized ML,NLP,Both AI & ML
2025,Saarbrücken,Saarland,bert,Generative AI,LLM,Both AI & ML
2025,Saarbrücken,Saarland,python,Occupational Attributes,Programming,Both AI & ML
2025,Saarbrücken,Saarland,sql,Statistics and Data,StructuredData,Both AI & ML
2025,Bochum,Nordrhein-Westfalen,analysis,Decision Making and Analytical,DecisionMaking,Both AI & ML
2025,Bochum,Nordrhein-Westfalen,machine learning,Statistics and Data,DataMining,Both AI & ML
2025,Bochum,Nordrhein-Westfalen,analysis,Decision Making and Analytical,DecisionMaking,Both AI & ML
2025,Bochum,Nordrhein-Westfalen,analysis,Decision Making and Analytical,DecisionMaking,Both AI & ML
2025,Bochum,Nordrhein-Westfalen,analysis,Decision Making and Analytical,DecisionMaking,Both AI & ML
2025,Bochum,Nordrhein-Westfalen,implementation,Decision Making and Analytical,DecisionMaking,Both AI & ML
2025,Bochum,Nordrhein-Westfalen,machine learning,Statistics and Data,DataMining,Both AI & ML
2025,Bochum,Nordrhein-Westfalen,analysis,Decision Making and Analytical,DecisionMaking,Both AI & ML
2025,Regensburg,Bayern,analyse,Decision Making and Analytical,DecisionMaking,Both AI & ML
2025,Regensburg,Bayern,python,Occupational Attributes,Programming,Both AI & ML
2025,Regensburg,Bayern,datenanalyse,General,Research,Both AI & ML
2025,Regensburg,Bayern,zusammenarbeit,Decision Making and Analytical,Interpersonal,Both AI & ML
2025,Regensburg,Bayern,projektmanagement,Occupational Attributes,ProjectManagement,Both AI & ML
2025,Regensburg,Bayern,design,Decision Making and Analytical,DecisionMaking,Both AI & ML
2025,Regensburg,Bayern,testing,Decision Making and Analytical,DecisionMaking,Both AI & ML
2025,Regensburg,Bayern,dokumentation,Decision Making and Analytical,MSOffice,Both AI & ML
2025,Regensburg,Bayern,python,Occupational Attributes,Programming,Both AI & ML
2025,Regensburg,Bayern,nlp,Specialized ML,NLP,Both AI & ML
2025,Regensburg,Bayern,machine learning,Statistics and Data,DataMining,Both AI & ML
2025,Regensburg,Bayern,openai,Generative AI,Tools,Both AI & ML
2025,München,Bayern,machine learning,Statistics and Data,DataMining,Both AI & ML
2025,München,Bayern,machine learning,Statistics and Data,DataMining,Both AI & ML
2025,München,Bayern,kommunikation,Decision Making and Analytical,MSOffice,Both AI & ML
2025,München,Bayern,verantwortlich,Communication,Generic,Both AI & ML
2025,München,Bayern,präsentation,Communication,Presentation,Both AI & ML
2025,München,Bayern,mathematik,General,Numeracy,Both AI & ML
2025,München,Bayern,implementierung,Decision Making and Analytical,DecisionMaking,Both AI & ML
2025,München,Bayern,python,Occupational Attributes,Programming,Both AI & ML
2025,München,Bayern,sql,Statistics and Data,StructuredData,Both AI & ML
2025,München,Bayern,java,Occupational Attributes,Programming,Both AI & ML
2025,Hamburg,Hamburg,python,Occupational Attributes,Programming,Both AI & ML
2025,Hamburg,Hamburg,fastapi,Generative AI,Serving,Both AI & ML
2025,Hamburg,Hamburg,docker,MLOps,Tools,Both AI & ML
2025,Hamburg,Hamburg,azure,Cloud Platforms,Azure,Both AI & ML
2025,Hamburg,Hamburg,azure,Cloud Platforms,Azure,Both AI & ML
2025,Hamburg,Hamburg,azure,Cloud Platforms,Azure,Both AI & ML
2025,Hamburg,Hamburg,azure,Cloud Platforms,Azure,Both AI & ML
2025,Hamburg,Hamburg,sql,Statistics and Data,StructuredData,Both AI & ML
2025,Hamburg,Hamburg,storage,Occupational Attributes,Hardware,Both AI & ML
2025,Hamburg,Hamburg,rag,Generative AI,Techniques,Both AI & ML
2025,Hamburg,Hamburg,nlp,Specialized ML,NLP,Both AI & ML
2025,Hamburg,Hamburg,langchain,Generative AI,Tools,Both AI & ML
2025,Hamburg,Hamburg,openai,Generative AI,Tools,Both AI & ML
2025,Hamburg,Hamburg,saas,Occupational Attributes,EnterpriseSystem,Both AI & ML
2025,Hamburg,Hamburg,architektur,Occupational Attributes,Hardware,Both AI & ML
2025,Hamburg,Hamburg,postgresql,Statistics and Data,StructuredData,Both AI & ML
2025,Hamburg,Hamburg,mongodb,Statistics and Data,StructuredData,Both AI & ML
2025,Hamburg,Hamburg,langchain,Generative AI,Tools,Both AI & ML
2025,Hamburg,Hamburg,pinecone,Generative AI,VectorRetrieval,Both AI & ML
2025,Hamburg,Hamburg,openai,Generative AI,Tools,Both AI & ML
2025,Hamburg,Hamburg,azure,Cloud Platforms,Azure,Both AI & ML
2025,Hamburg,Hamburg,openai,Generative AI,Tools,Both AI & ML
2025,Hamburg,Hamburg,eigenverantwortlich,Employee Attributes,Attitude,Both AI & ML
2025,Lippstadt,Nordrhein-Westfalen,implementierung,Decision Making and Analytical,DecisionMaking,Both AI & ML
2025,Lippstadt,Nordrhein-Westfalen,integration,Occupational Attributes,EnterpriseSystem,Both AI & ML
2025,Düsseldorf,Nordrhein-Westfalen,big data,Statistics and Data,BigData,Both AI & ML
2025,Düsseldorf,Nordrhein-Westfalen,machine learning,Statistics and Data,DataMining,Both AI & ML
2025,Düsseldorf,Nordrhein-Westfalen,mathematik,General,Numeracy,Both AI & ML
2025,Düsseldorf,Nordrhein-Westfalen,statistik,Statistics and Data,Statistics,Both AI & ML
2025,Düsseldorf,Nordrhein-Westfalen,python,Occupational Attributes,Programming,Both AI & ML
2025,Düsseldorf,Nordrhein-Westfalen,sql,Statistics and Data,StructuredData,Both AI & ML
2025,Mönsheim,Baden-Württemberg,verantwortlich,Communication,Generic,Both AI & ML
2025,Mönsheim,Baden-Württemberg,machine learning,Statistics and Data,DataMining,Both AI & ML
2025,Mönsheim,Baden-Württemberg,mathematik,General,Numeracy,Both AI & ML
2025,Mönsheim,Baden-Württemberg,python,Occupational Attributes,Programming,Both AI & ML
2025,München,Bayern,präsentation,Communication,Presentation,Both AI & ML
2025,München,Bayern,machine learning,Statistics and Data,DataMining,Both AI & ML
2025,München,Bayern,statistik,Statistics and Data,Statistics,Both AI & ML
2025,München,Bayern,machine learning,Statistics and Data,DataMining,Both AI & ML
2025,München,Bayern,python,Occupational Attributes,Programming,Both AI & ML
2025,München,Bayern,pandas,Statistics and Data,Statistics,Both AI & ML
2025,München,Bayern,deutsch,General,ForeignLanguage,Both AI & ML
2025,Berlin,Berlin,machine learning,Statistics and Data,DataMining,Both AI & ML
2025,Berlin,Berlin,machine learning,Statistics and Data,DataMining,Both AI & ML
2025,Berlin,Berlin,design,Decision Making and Analytical,DecisionMaking,Both AI & ML
2025,Berlin,Berlin,machine learning,Statistics and Data,DataMining,Both AI & ML
2025,Berlin,Berlin,machine learning,Statistics and Data,DataMining,Both AI & ML
2025,Berlin,Berlin,design,Decision Making and Analytical,DecisionMaking,Both AI & ML
2025,Berlin,Berlin,design,Decision Making and Analytical,DecisionMaking,Both AI & ML
2025,Berlin,Berlin,implementation,Decision Making and Analytical,DecisionMaking,Both AI & ML
2025,Berlin,Berlin,machine learning,Statistics and Data,DataMining,Both AI & ML
2025,Berlin,Berlin,collaboration,Decision Making and Analytical,Interpersonal,Both AI & ML
2025,Berlin,Berlin,prediction,Statistics and Data,DataMining,Both AI & ML
2025,Berlin,Berlin,responsible,Communication,Generic,Both AI & ML
2025,Berlin,Berlin,machine learning,Statistics and Data,DataMining,Both AI & ML
2025,Berlin,Berlin,design,Decision Making and Analytical,DecisionMaking,Both AI & ML
2025,Berlin,Berlin,implementation,Decision Making and Analytical,DecisionMaking,Both AI & ML
2025,Berlin,Berlin,prediction,Statistics and Data,DataMining,Both AI & ML
2025,Berlin,Berlin,design,Decision Making and Analytical,DecisionMaking,Both AI & ML
2025,Berlin,Berlin,machine learning,Statistics and Data,DataMining,Both AI & ML
2025,Berlin,Berlin,communication,Decision Making and Analytical,MSOffice,Both AI & ML
2025,Berlin,Berlin,presentation,Communication,Presentation,Both AI & ML
2025,Berlin,Berlin,interpersonal,Decision Making and Analytical,Interpersonal,Both AI & ML
2025,Berlin,Berlin,visualization,Occupational Attributes,Visualization,Both AI & ML
2025,Berlin,Berlin,proactive,Employee Attributes,Other,Both AI & ML
2025,Köln,Nordrhein-Westfalen,big data,Statistics and Data,BigData,Both AI & ML
2025,Köln,Nordrhein-Westfalen,analyse,Decision Making and Analytical,DecisionMaking,Both AI & ML
2025,Köln,Nordrhein-Westfalen,big data,Statistics and Data,BigData,Both AI & ML
2025,Köln,Nordrhein-Westfalen,implementierung,Decision Making and Analytical,DecisionMaking,Both AI & ML
2025,Köln,Nordrhein-Westfalen,zusammenarbeit,Decision Making and Analytical,Interpersonal,Both AI & ML
2025,Köln,Nordrhein-Westfalen,integration,Occupational Attributes,EnterpriseSystem,Both AI & ML
2025,Köln,Nordrhein-Westfalen,statistik,Statistics and Data,Statistics,Both AI & ML
2025,Köln,Nordrhein-Westfalen,mathematik,General,Numeracy,Both AI & ML
2025,Köln,Nordrhein-Westfalen,python,Occupational Attributes,Programming,Both AI & ML
2025,München,Bayern,nlp,Specialized ML,NLP,Both AI & ML
2025,München,Bayern,nlp,Specialized ML,NLP,Both AI & ML
2025,München,Bayern,analyse,Decision Making and Analytical,DecisionMaking,Both AI & ML
2025,München,Bayern,transformer,Generative AI,LLM,Both AI & ML
2025,München,Bayern,huggingface,Generative AI,Tools,Both AI & ML
2025,München,Bayern,dokumentation,Decision Making and Analytical,MSOffice,Both AI & ML
2025,München,Bayern,präsentation,Communication,Presentation,Both AI & ML
2025,München,Bayern,mathematik,General,Numeracy,Both AI & ML
2025,Mannheim,Baden-Württemberg,architecture,Occupational Attributes,Hardware,Both AI & ML
2025,Mannheim,Baden-Württemberg,machine learning,Statistics and Data,DataMining,Both AI & ML
2025,Mannheim,Baden-Württemberg,modeling,Decision Making and Analytical,DecisionMaking,Both AI & ML
2025,Mannheim,Baden-Württemberg,modeling,Decision Making and Analytical,DecisionMaking,Both AI & ML
2025,Mannheim,Baden-Württemberg,motivated,Employee Attributes,Motivation,Both AI & ML
2025,Mannheim,Baden-Württemberg,java,Occupational Attributes,Programming,Both AI & ML
2025,Mannheim,Baden-Württemberg,c #,Occupational Attributes,Programming,Both AI & ML
2025,Mannheim,Baden-Württemberg,c + +,Occupational Attributes,Programming,Both AI & ML
2025,Mannheim,Baden-Württemberg,python,Occupational Attributes,Programming,Both AI & ML
2025,Mannheim,Baden-Württemberg,modeling,Decision Making and Analytical,DecisionMaking,Both AI & ML
2025,Mannheim,Baden-Württemberg,english,General,ForeignLanguage,Both AI & ML
2025,Berlin,Berlin,datenanalyse,General,Research,Both AI & ML
2025,Berlin,Berlin,implementierung,Decision Making and Analytical,DecisionMaking,Both AI & ML
2025,Berlin,Berlin,analyse,Decision Making and Analytical,DecisionMaking,Both AI & ML
2025,Berlin,Berlin,machine learning,Statistics and Data,DataMining,Both AI & ML
2025,München,Bayern,reliable,Employee Attributes,Other,AI
2025,München,Bayern,communication,Decision Making and Analytical,MSOffice,AI
2025,München,Bayern,hardware,Occupational Attributes,Hardware,AI
2025,München,Bayern,classification,Statistics and Data,DataMining,AI
2025,München,Bayern,integration,Occupational Attributes,EnterpriseSystem,AI
2025,München,Bayern,hardware,Occupational Attributes,Hardware,AI
2025,München,Bayern,prediction,Statistics and Data,DataMining,AI
2025,München,Bayern,classification,Statistics and Data,DataMining,AI
2025,München,Bayern,hardware,Occupational Attributes,Hardware,AI
2025,München,Bayern,implementation,Decision Making and Analytical,DecisionMaking,AI
2025,München,Bayern,hardware,Occupational Attributes,Hardware,AI
2025,Frankfurt am Main,Hessen,integration,Occupational Attributes,EnterpriseSystem,Both AI & ML
2025,Frankfurt am Main,Hessen,zusammenarbeit,Decision Making and Analytical,Interpersonal,Both AI & ML
2025,Frankfurt am Main,Hessen,modellierung,Decision Making and Analytical,DecisionMaking,Both AI & ML
2025,Frankfurt am Main,Hessen,modellierung,Decision Making and Analytical,DecisionMaking,Both AI & ML
2025,Stuttgart,Baden-Württemberg,design,Decision Making and Analytical,DecisionMaking,Both AI & ML
2025,Stuttgart,Baden-Württemberg,eigenverantwortlich,Employee Attributes,Attitude,Both AI & ML
2025,Stuttgart,Baden-Württemberg,implementierung,Decision Making and Analytical,DecisionMaking,Both AI & ML
2025,Stuttgart,Baden-Württemberg,motiviert,Employee Attributes,Motivation,Both AI & ML
2025,Stuttgart,Baden-Württemberg,machine learning,Statistics and Data,DataMining,Both AI & ML
2025,Stuttgart,Baden-Württemberg,implementierung,Decision Making and Analytical,DecisionMaking,Both AI & ML
2025,Stuttgart,Baden-Württemberg,java,Occupational Attributes,Programming,Both AI & ML
2025,Stuttgart,Baden-Württemberg,java,Occupational Attributes,Programming,Both AI & ML
2025,Stuttgart,Baden-Württemberg,analyse,Decision Making and Analytical,DecisionMaking,Both AI & ML
2025,Stuttgart,Baden-Württemberg,integration,Occupational Attributes,EnterpriseSystem,Both AI & ML
2025,Köln,Nordrhein-Westfalen,german,General,ForeignLanguage,Both AI & ML
2025,Köln,Nordrhein-Westfalen,analyse,Decision Making and Analytical,DecisionMaking,Both AI & ML
2025,Köln,Nordrhein-Westfalen,zusammenarbeit,Decision Making and Analytical,Interpersonal,Both AI & ML
2025,Köln,Nordrhein-Westfalen,implementierung,Decision Making and Analytical,DecisionMaking,Both AI & ML
2025,Köln,Nordrhein-Westfalen,machine learning,Statistics and Data,DataMining,Both AI & ML
2025,Köln,Nordrhein-Westfalen,zusammenarbeit,Decision Making and Analytical,Interpersonal,Both AI & ML
2025,Köln,Nordrhein-Westfalen,datenanalyse,General,Research,Both AI & ML
2025,Köln,Nordrhein-Westfalen,datenanalyse,General,Research,Both AI & ML
2025,Köln,Nordrhein-Westfalen,sql,Statistics and Data,StructuredData,Both AI & ML
2025,Köln,Nordrhein-Westfalen,python,Occupational Attributes,Programming,Both AI & ML
2025,Köln,Nordrhein-Westfalen,machine learning,Statistics and Data,DataMining,Both AI & ML
2025,Köln,Nordrhein-Westfalen,zusammenarbeit,Decision Making and Analytical,Interpersonal,Both AI & ML
2025,Köln,Nordrhein-Westfalen,mathematik,General,Numeracy,Both AI & ML
2025,Köln,Nordrhein-Westfalen,statistik,Statistics and Data,Statistics,Both AI & ML
2025,München,Bayern,azure,Cloud Platforms,Azure,Both AI & ML
2025,München,Bayern,azure,Cloud Platforms,Azure,Both AI & ML
2025,München,Bayern,azure,Cloud Platforms,Azure,Both AI & ML
2025,München,Bayern,creative,Decision Making and Analytical,Creativity,Both AI & ML
2025,München,Bayern,flexible,Employee Attributes,Adaptability,Both AI & ML
2025,München,Bayern,creative,Decision Making and Analytical,Creativity,Both AI & ML
2025,München,Bayern,integration,Occupational Attributes,EnterpriseSystem,Both AI & ML
2025,München,Bayern,forecasting,Statistics and Data,DataMining,Both AI & ML
2025,München,Bayern,azure,Cloud Platforms,Azure,Both AI & ML
2025,München,Bayern,machine learning,Statistics and Data,DataMining,Both AI & ML
2025,München,Bayern,python,Occupational Attributes,Programming,Both AI & ML
2025,München,Bayern,sql,Statistics and Data,StructuredData,Both AI & ML
2025,München,Bayern,azure,Cloud Platforms,Azure,Both AI & ML
2025,München,Bayern,azure,Cloud Platforms,Azure,Both AI & ML
2025,München,Bayern,azure,Cloud Platforms,Azure,Both AI & ML
2025,München,Bayern,azure,Cloud Platforms,Azure,Both AI & ML
2025,Berlin,Berlin,flexible,Employee Attributes,Adaptability,Both AI & ML
2025,Berlin,Berlin,implementierung,Decision Making and Analytical,DecisionMaking,Both AI & ML
2025,Berlin,Berlin,azure,Cloud Platforms,Azure,Both AI & ML
2025,Berlin,Berlin,azure,Cloud Platforms,Azure,Both AI & ML
2025,Berlin,Berlin,machine learning,Statistics and Data,DataMining,Both AI & ML
2025,Berlin,Berlin,python,Occupational Attributes,Programming,Both AI & ML
2025,Berlin,Berlin,javascript,Occupational Attributes,Programming,Both AI & ML
2025,Berlin,Berlin,rag,Generative AI,Techniques,Both AI & ML
2025,Freiburg im Breisgau,Baden-Württemberg,implementation,Decision Making and Analytical,DecisionMaking,Both AI & ML
2025,Freiburg im Breisgau,Baden-Württemberg,machine learning,Statistics and Data,DataMining,Both AI & ML
2025,Freiburg im Breisgau,Baden-Württemberg,implementation,Decision Making and Analytical,DecisionMaking,Both AI & ML
2025,Freiburg im Breisgau,Baden-Württemberg,design,Decision Making and Analytical,DecisionMaking,Both AI & ML
2025,Freiburg im Breisgau,Baden-Württemberg,documentation,Decision Making and Analytical,MSOffice,Both AI & ML
2025,Freiburg im Breisgau,Baden-Württemberg,machine learning,Statistics and Data,DataMining,Both AI & ML
2025,Freiburg im Breisgau,Baden-Württemberg,python,Occupational Attributes,Programming,Both AI & ML
2025,Freiburg im Breisgau,Baden-Württemberg,c + +,Occupational Attributes,Programming,Both AI & ML
2025,Freiburg im Breisgau,Baden-Württemberg,machine learning,Statistics and Data,DataMining,Both AI & ML
2025,Freiburg im Breisgau,Baden-Württemberg,opencv,Specialized ML,ComputerVision,Both AI & ML
2025,Freiburg im Breisgau,Baden-Württemberg,english,General,ForeignLanguage,Both AI & ML
2025,Freiburg im Breisgau,Baden-Württemberg,collaboration,Decision Making and Analytical,Interpersonal,Both AI & ML
2025,Freiburg im Breisgau,Baden-Württemberg,flexible,Employee Attributes,Adaptability,Both AI & ML
2025,Hamburg,Hamburg,machine learning,Statistics and Data,DataMining,Both AI & ML
2025,Hamburg,Hamburg,classification,Statistics and Data,DataMining,Both AI & ML
2025,Hamburg,Hamburg,implementation,Decision Making and Analytical,DecisionMaking,Both AI & ML
2025,Hamburg,Hamburg,presentation,Communication,Presentation,Both AI & ML
2025,Hamburg,Hamburg,python,Occupational Attributes,Programming,Both AI & ML
2025,Hamburg,Hamburg,c + +,Occupational Attributes,Programming,Both AI & ML
2025,Hamburg,Hamburg,machine learning,Statistics and Data,DataMining,Both AI & ML
2025,Hamburg,Hamburg,english,General,ForeignLanguage,Both AI & ML
2025,Hamburg,Hamburg,german,General,ForeignLanguage,Both AI & ML
2025,Berlin,Berlin,architecture,Occupational Attributes,Hardware,Both AI & ML
2025,Berlin,Berlin,design,Decision Making and Analytical,DecisionMaking,Both AI & ML
2025,Berlin,Berlin,architecture,Occupational Attributes,Hardware,Both AI & ML
2025,Berlin,Berlin,design,Decision Making and Analytical,DecisionMaking,Both AI & ML
2025,Berlin,Berlin,scaling,Generative AI,Serving,Both AI & ML
2025,Berlin,Berlin,java,Occupational Attributes,Programming,Both AI & ML
2025,Berlin,Berlin,c + +,Occupational Attributes,Programming,Both AI & ML
2025,Berlin,Berlin,c #,Occupational Attributes,Programming,Both AI & ML
2025,Berlin,Berlin,design,Decision Making and Analytical,DecisionMaking,Both AI & ML
2025,Berlin,Berlin,machine learning,Statistics and Data,DataMining,Both AI & ML
2025,Berlin,Berlin,integration,Occupational Attributes,EnterpriseSystem,Both AI & ML
2025,Berlin,Berlin,design,Decision Making and Analytical,DecisionMaking,Both AI & ML
2025,Berlin,Berlin,hardware,Occupational Attributes,Hardware,Both AI & ML
2025,Berlin,Berlin,design,Decision Making and Analytical,DecisionMaking,Both AI & ML
2025,Berlin,Berlin,collaboration,Decision Making and Analytical,Interpersonal,Both AI & ML
2025,Bonn,Nordrhein-Westfalen,verantwortlich,Communication,Generic,Both AI & ML
2025,Bonn,Nordrhein-Westfalen,architektur,Occupational Attributes,Hardware,Both AI & ML
2025,Bonn,Nordrhein-Westfalen,analytisch,Decision Making and Analytical,Analytical,Both AI & ML
2025,Bonn,Nordrhein-Westfalen,python,Occupational Attributes,Programming,Both AI & ML
2025,Bonn,Nordrhein-Westfalen,java,Occupational Attributes,Programming,Both AI & ML
2025,Bonn,Nordrhein-Westfalen,bash,Occupational Attributes,Programming,Both AI & ML
2025,Bonn,Nordrhein-Westfalen,mathematik,General,Numeracy,Both AI & ML
2025,Bonn,Nordrhein-Westfalen,statistik,Statistics and Data,Statistics,Both AI & ML
2025,Bonn,Nordrhein-Westfalen,machine learning,Statistics and Data,DataMining,Both AI & ML
2025,Bonn,Nordrhein-Westfalen,mlops,MLOps,Core,Both AI & ML
2025,Berlin,Berlin,machine learning,Statistics and Data,DataMining,Both AI & ML
2025,Berlin,Berlin,implementierung,Decision Making and Analytical,DecisionMaking,Both AI & ML
2025,Berlin,Berlin,analyse,Decision Making and Analytical,DecisionMaking,Both AI & ML
2025,Berlin,Berlin,machine learning,Statistics and Data,DataMining,Both AI & ML
2025,Berlin,Berlin,programmierung,Occupational Attributes,Programming,Both AI & ML
2025,Berlin,Berlin,machine learning,Statistics and Data,DataMining,Both AI & ML
2025,Berlin,Berlin,statistik,Statistics and Data,Statistics,Both AI & ML
2025,Berlin,Berlin,modellierung,Decision Making and Analytical,DecisionMaking,Both AI & ML
2025,Berlin,Berlin,programmierung,Occupational Attributes,Programming,Both AI & ML
2025,Berlin,Berlin,c + +,Occupational Attributes,Programming,Both AI & ML
2025,Berlin,Berlin,python,Occupational Attributes,Programming,Both AI & ML
2025,Berlin,Berlin,zusammenarbeit,Decision Making and Analytical,Interpersonal,Both AI & ML
2025,Berlin,Berlin,englisch,General,ForeignLanguage,Both AI & ML
2025,München,Bayern,machine learning,Statistics and Data,DataMining,Both AI & ML
2025,München,Bayern,machine learning,Statistics and Data,DataMining,Both AI & ML
2025,München,Bayern,machine learning,Statistics and Data,DataMining,Both AI & ML
2025,München,Bayern,integration,Occupational Attributes,EnterpriseSystem,Both AI & ML
2025,München,Bayern,verantwortlich,Communication,Generic,Both AI & ML
2025,München,Bayern,machine learning,Statistics and Data,DataMining,Both AI & ML
2025,München,Bayern,machine learning,Statistics and Data,DataMining,Both AI & ML
2025,München,Bayern,python,Occupational Attributes,Programming,Both AI & ML
2025,München,Bayern,kubernetes,MLOps,Tools,Both AI & ML
2025,München,Bayern,docker,MLOps,Tools,Both AI & ML
2025,Mainz,Rheinland-Pfalz,dokumentation,Decision Making and Analytical,MSOffice,Both AI & ML
2025,Mainz,Rheinland-Pfalz,dokumentation,Decision Making and Analytical,MSOffice,Both AI & ML
2025,Mainz,Rheinland-Pfalz,datenanalyse,General,Research,Both AI & ML
2025,Mainz,Rheinland-Pfalz,recherche,General,Research,Both AI & ML
2025,Mainz,Rheinland-Pfalz,analyse,Decision Making and Analytical,DecisionMaking,Both AI & ML
2025,Mainz,Rheinland-Pfalz,statistik,Statistics and Data,Statistics,Both AI & ML
2025,Mainz,Rheinland-Pfalz,mathematik,General,Numeracy,Both AI & ML
2025,Mainz,Rheinland-Pfalz,machine learning,Statistics and Data,DataMining,Both AI & ML
2025,Mülheim an der Ruhr,Nordrhein-Westfalen,sql,Statistics and Data,StructuredData,Both AI & ML
2025,Mülheim an der Ruhr,Nordrhein-Westfalen,analysis,Decision Making and Analytical,DecisionMaking,Both AI & ML
2025,Mülheim an der Ruhr,Nordrhein-Westfalen,python,Occupational Attributes,Programming,Both AI & ML
2025,Mülheim an der Ruhr,Nordrhein-Westfalen,scala,Occupational Attributes,Programming,Both AI & ML
2025,Mülheim an der Ruhr,Nordrhein-Westfalen,databricks,MLOps,Platforms,Both AI & ML
2025,Mülheim an der Ruhr,Nordrhein-Westfalen,spark,Statistics and Data,BigData,Both AI & ML
2025,Mülheim an der Ruhr,Nordrhein-Westfalen,sql,Statistics and Data,StructuredData,Both AI & ML
2025,Mülheim an der Ruhr,Nordrhein-Westfalen,server,Occupational Attributes,Hardware,Both AI & ML
2025,Mülheim an der Ruhr,Nordrhein-Westfalen,reporting,Decision Making and Analytical,DecisionMaking,Both AI & ML
2025,Mülheim an der Ruhr,Nordrhein-Westfalen,communication,Decision Making and Analytical,MSOffice,Both AI & ML
2025,Mülheim an der Ruhr,Nordrhein-Westfalen,english,General,ForeignLanguage,Both AI & ML
2025,Mülheim an der Ruhr,Nordrhein-Westfalen,confident,Employee Attributes,Confidence,Both AI & ML
2025,Mülheim an der Ruhr,Nordrhein-Westfalen,machine learning,Statistics and Data,DataMining,Both AI & ML
2025,Mülheim an der Ruhr,Nordrhein-Westfalen,statistics,Statistics and Data,Statistics,Both AI & ML
2025,Aachen,Nordrhein-Westfalen,design,Decision Making and Analytical,DecisionMaking,Both AI & ML
2025,Aachen,Nordrhein-Westfalen,design,Decision Making and Analytical,DecisionMaking,Both AI & ML
2025,Aachen,Nordrhein-Westfalen,integration,Occupational Attributes,EnterpriseSystem,Both AI & ML
2025,Aachen,Nordrhein-Westfalen,integration,Occupational Attributes,EnterpriseSystem,Both AI & ML
2025,Aachen,Nordrhein-Westfalen,integration,Occupational Attributes,EnterpriseSystem,Both AI & ML
2025,Aachen,Nordrhein-Westfalen,integration,Occupational Attributes,EnterpriseSystem,Both AI & ML
2025,Aachen,Nordrhein-Westfalen,design,Decision Making and Analytical,DecisionMaking,Both AI & ML
2025,Aachen,Nordrhein-Westfalen,design,Decision Making and Analytical,DecisionMaking,Both AI & ML
2025,Aachen,Nordrhein-Westfalen,analysis,Decision Making and Analytical,DecisionMaking,Both AI & ML
2025,Aachen,Nordrhein-Westfalen,machine learning,Statistics and Data,DataMining,Both AI & ML
2025,Berlin,Berlin,orc,Data Engineering,IngestionStreaming,Both AI & ML
2025,Berlin,Berlin,aws,Cloud Platforms,AWS,Both AI & ML
2025,Berlin,Berlin,emr,Cloud Platforms,AWS,Both AI & ML
2025,Berlin,Berlin,postgresql,Statistics and Data,StructuredData,Both AI & ML
2025,Berlin,Berlin,python,Occupational Attributes,Programming,Both AI & ML
2025,Berlin,Berlin,javascript,Occupational Attributes,Programming,Both AI & ML
2025,Berlin,Berlin,statistics,Statistics and Data,Statistics,Both AI & ML
2025,Berlin,Berlin,design,Decision Making and Analytical,DecisionMaking,Both AI & ML
2025,Berlin,Berlin,aws,Cloud Platforms,AWS,Both AI & ML
2025,Berlin,Berlin,orc,Data Engineering,IngestionStreaming,Both AI & ML
2025,Berlin,Berlin,postgresql,Statistics and Data,StructuredData,Both AI & ML
2025,Berlin,Berlin,design,Decision Making and Analytical,DecisionMaking,Both AI & ML
2025,Mönsheim,Baden-Württemberg,zusammenarbeit,Decision Making and Analytical,Interpersonal,Both AI & ML
2025,Mönsheim,Baden-Württemberg,dokumentation,Decision Making and Analytical,MSOffice,Both AI & ML
2025,Mönsheim,Baden-Württemberg,c + +,Occupational Attributes,Programming,Both AI & ML
2025,Mönsheim,Baden-Württemberg,python,Occupational Attributes,Programming,Both AI & ML
2025,Mönsheim,Baden-Württemberg,javascript,Occupational Attributes,Programming,Both AI & ML
2025,Mönsheim,Baden-Württemberg,machine learning,Statistics and Data,DataMining,Both AI & ML
2025,Erlangen,Bayern,communication,Decision Making and Analytical,MSOffice,Both AI & ML
2025,Erlangen,Bayern,ray,Generative AI,Serving,Both AI & ML
2025,Erlangen,Bayern,devices,Occupational Attributes,Hardware,Both AI & ML
2025,Erlangen,Bayern,distillation,Generative AI,Techniques,Both AI & ML
2025,Erlangen,Bayern,creative,Decision Making and Analytical,Creativity,Both AI & ML
2025,Erlangen,Bayern,collaboration,Decision Making and Analytical,Interpersonal,Both AI & ML
2025,Stuttgart,Baden-Württemberg,design,Decision Making and Analytical,DecisionMaking,Both AI & ML
2025,Stuttgart,Baden-Württemberg,implementation,Decision Making and Analytical,DecisionMaking,Both AI & ML
2025,Stuttgart,Baden-Württemberg,design,Decision Making and Analytical,DecisionMaking,Both AI & ML
2025,Stuttgart,Baden-Württemberg,architecture,Occupational Attributes,Hardware,Both AI & ML
2025,Stuttgart,Baden-Württemberg,python,Occupational Attributes,Programming,Both AI & ML
2025,Stuttgart,Baden-Württemberg,machine learning,Statistics and Data,DataMining,Both AI & ML
2025,Stuttgart,Baden-Württemberg,analytical,Decision Making and Analytical,DecisionMaking,Both AI & ML
2025,Stuttgart,Baden-Württemberg,independent,Employee Attributes,Independence,Both AI & ML
2025,Stuttgart,Baden-Württemberg,english,General,ForeignLanguage,Both AI & ML
2025,Stuttgart,Baden-Württemberg,german,General,ForeignLanguage,Both AI & ML
2025,Kiel,Schleswig-Holstein,ray,Generative AI,Serving,Both AI & ML
2025,Kiel,Schleswig-Holstein,storage,Occupational Attributes,Hardware,Both AI & ML
2025,Kiel,Schleswig-Holstein,storage,Occupational Attributes,Hardware,Both AI & ML
2025,Kiel,Schleswig-Holstein,ray,Generative AI,Serving,Both AI & ML
2025,Kiel,Schleswig-Holstein,machine learning,Statistics and Data,DataMining,Both AI & ML
2025,Kiel,Schleswig-Holstein,ray,Generative AI,Serving,Both AI & ML
2025,Kiel,Schleswig-Holstein,design,Decision Making and Analytical,DecisionMaking,Both AI & ML
2025,Kiel,Schleswig-Holstein,testing,Decision Making and Analytical,DecisionMaking,Both AI & ML
2025,Kiel,Schleswig-Holstein,beam,Data Engineering,IngestionStreaming,Both AI & ML
2025,Kiel,Schleswig-Holstein,collaboration,Decision Making and Analytical,Interpersonal,Both AI & ML
2025,Kiel,Schleswig-Holstein,ray,Generative AI,Serving,Both AI & ML
2025,Walldorf,Baden-Württemberg,sap,Occupational Attributes,EnterpriseSystem,Both AI & ML
2025,Walldorf,Baden-Württemberg,sap,Occupational Attributes,EnterpriseSystem,Both AI & ML
2025,Walldorf,Baden-Württemberg,collaboration,Decision Making and Analytical,Interpersonal,Both AI & ML
2025,Walldorf,Baden-Württemberg,sap,Occupational Attributes,EnterpriseSystem,Both AI & ML
2025,Walldorf,Baden-Württemberg,python,Occupational Attributes,Programming,Both AI & ML
2025,Walldorf,Baden-Württemberg,machine learning,Statistics and Data,DataMining,Both AI & ML
2025,Walldorf,Baden-Württemberg,python,Occupational Attributes,Programming,Both AI & ML
2025,Walldorf,Baden-Württemberg,english,General,ForeignLanguage,Both AI & ML
2025,Walldorf,Baden-Württemberg,machine learning,Statistics and Data,DataMining,Both AI & ML
2025,Walldorf,Baden-Württemberg,sap,Occupational Attributes,EnterpriseSystem,Both AI & ML
2025,Walldorf,Baden-Württemberg,sap,Occupational Attributes,EnterpriseSystem,Both AI & ML
2025,Walldorf,Baden-Württemberg,sap,Occupational Attributes,EnterpriseSystem,Both AI & ML
2025,München,Bayern,analyse,Decision Making and Analytical,DecisionMaking,Both AI & ML
2025,München,Bayern,mathematik,General,Numeracy,Both AI & ML
2025,München,Bayern,machine learning,Statistics and Data,DataMining,Both AI & ML
2025,München,Bayern,deutsch,General,ForeignLanguage,Both AI & ML
2025,Stuttgart,Baden-Württemberg,design,Decision Making and Analytical,DecisionMaking,Both AI & ML
2025,Stuttgart,Baden-Württemberg,eigenverantwortlich,Employee Attributes,Attitude,Both AI & ML
2025,Stuttgart,Baden-Württemberg,implementierung,Decision Making and Analytical,DecisionMaking,Both AI & ML
2025,Stuttgart,Baden-Württemberg,motiviert,Employee Attributes,Motivation,Both AI & ML
2025,Stuttgart,Baden-Württemberg,machine learning,Statistics and Data,DataMining,Both AI & ML
2025,Stuttgart,Baden-Württemberg,implementierung,Decision Making and Analytical,DecisionMaking,Both AI & ML
2025,Stuttgart,Baden-Württemberg,java,Occupational Attributes,Programming,Both AI & ML
2025,Stuttgart,Baden-Württemberg,java,Occupational Attributes,Programming,Both AI & ML
2025,Stuttgart,Baden-Württemberg,c #,Occupational Attributes,Programming,Both AI & ML
2025,Stuttgart,Baden-Württemberg,python,Occupational Attributes,Programming,Both AI & ML
2025,Stuttgart,Baden-Württemberg,azure,Cloud Platforms,Azure,Both AI & ML
2025,Stuttgart,Baden-Württemberg,analyse,Decision Making and Analytical,DecisionMaking,Both AI & ML
2025,München,Bayern,machine learning,Statistics and Data,DataMining,Both AI & ML
2025,München,Bayern,statistik,Statistics and Data,Statistics,Both AI & ML
2025,München,Bayern,statistik,Statistics and Data,Statistics,Both AI & ML
2025,München,Bayern,programmierung,Occupational Attributes,Programming,Both AI & ML
2025,München,Bayern,python,Occupational Attributes,Programming,Both AI & ML
2025,München,Bayern,lernbereitschaft,Employee Attributes,Motivation,Both AI & ML
2025,München,Bayern,deutsch,General,ForeignLanguage,Both AI & ML
2025,Osnabrück,Niedersachsen,gcp,Cloud Platforms,GCP,Both AI & ML
2025,Osnabrück,Niedersachsen,mlops,MLOps,Core,Both AI & ML
2025,Osnabrück,Niedersachsen,python,Occupational Attributes,Programming,Both AI & ML
2025,Osnabrück,Niedersachsen,langchain,Generative AI,Tools,Both AI & ML
2025,Osnabrück,Niedersachsen,analytisch,Decision Making and Analytical,Analytical,Both AI & ML
2025,Osnabrück,Niedersachsen,deutsch,General,ForeignLanguage,Both AI & ML
2025,Leipzig,Sachsen,german,General,ForeignLanguage,Both AI & ML
2025,Leipzig,Sachsen,german,General,ForeignLanguage,Both AI & ML
2025,Leipzig,Sachsen,machine learning,Statistics and Data,DataMining,Both AI & ML
2025,Leipzig,Sachsen,independent,Employee Attributes,Independence,Both AI & ML
2025,Leipzig,Sachsen,presentation,Communication,Presentation,Both AI & ML
2025,Biberach an der Riß,Baden-Württemberg,statistik,Statistics and Data,Statistics,Both AI & ML
2025,Biberach an der Riß,Baden-Württemberg,machine learning,Statistics and Data,DataMining,Both AI & ML
2025,Biberach an der Riß,Baden-Württemberg,planung,Data Engineering,Orchestration,Both AI & ML
2025,Biberach an der Riß,Baden-Württemberg,machine learning,Statistics and Data,DataMining,Both AI & ML
2025,Biberach an der Riß,Baden-Württemberg,statistik,Statistics and Data,Statistics,Both AI & ML
2025,Biberach an der Riß,Baden-Württemberg,mathematik,General,Numeracy,Both AI & ML
2025,Biberach an der Riß,Baden-Württemberg,python,Occupational Attributes,Programming,Both AI & ML
2025,Biberach an der Riß,Baden-Württemberg,analyse,Decision Making and Analytical,DecisionMaking,Both AI & ML
2025,Bochum,Nordrhein-Westfalen,analysis,Decision Making and Analytical,DecisionMaking,Both AI & ML
2025,Bochum,Nordrhein-Westfalen,machine learning,Statistics and Data,DataMining,Both AI & ML
2025,Bochum,Nordrhein-Westfalen,analysis,Decision Making and Analytical,DecisionMaking,Both AI & ML
2025,Bochum,Nordrhein-Westfalen,analysis,Decision Making and Analytical,DecisionMaking,Both AI & ML
2025,Bochum,Nordrhein-Westfalen,analysis,Decision Making and Analytical,DecisionMaking,Both AI & ML
2025,Bochum,Nordrhein-Westfalen,implementation,Decision Making and Analytical,DecisionMaking,Both AI & ML
2025,Bochum,Nordrhein-Westfalen,machine learning,Statistics and Data,DataMining,Both AI & ML
2025,Bochum,Nordrhein-Westfalen,analysis,Decision Making and Analytical,DecisionMaking,Both AI & ML
2025,Karlsruhe,Baden-Württemberg,computer vision,Specialized ML,ComputerVision,Both AI & ML
2025,Karlsruhe,Baden-Württemberg,mathematik,General,Numeracy,Both AI & ML
2025,Karlsruhe,Baden-Württemberg,statistik,Statistics and Data,Statistics,Both AI & ML
2025,Berlin,Berlin,sap,Occupational Attributes,EnterpriseSystem,Both AI & ML
2025,Berlin,Berlin,sap,Occupational Attributes,EnterpriseSystem,Both AI & ML
2025,Berlin,Berlin,collaboration,Decision Making and Analytical,Interpersonal,Both AI & ML
2025,Berlin,Berlin,sap,Occupational Attributes,EnterpriseSystem,Both AI & ML
2025,Berlin,Berlin,sap,Occupational Attributes,EnterpriseSystem,Both AI & ML
2025,Berlin,Berlin,machine learning,Statistics and Data,DataMining,Both AI & ML
2025,Berlin,Berlin,llm,Generative AI,LLM,Both AI & ML
2025,Berlin,Berlin,documentation,Decision Making and Analytical,MSOffice,Both AI & ML
2025,Berlin,Berlin,sap,Occupational Attributes,EnterpriseSystem,Both AI & ML
2025,Berlin,Berlin,sap,Occupational Attributes,EnterpriseSystem,Both AI & ML
2025,Berlin,Berlin,llm,Generative AI,LLM,Both AI & ML
2025,Berlin,Berlin,responsible,Communication,Generic,Both AI & ML
2025,Berlin,Berlin,sap,Occupational Attributes,EnterpriseSystem,Both AI & ML
2025,Berlin,Berlin,design,Decision Making and Analytical,DecisionMaking,Both AI & ML
2025,Berlin,Berlin,sap,Occupational Attributes,EnterpriseSystem,Both AI & ML
2025,Berlin,Berlin,collaboration,Decision Making and Analytical,Interpersonal,Both AI & ML
2025,Ulm,Baden-Württemberg,big data,Statistics and Data,BigData,Both AI & ML
2025,Ulm,Baden-Württemberg,machine learning,Statistics and Data,DataMining,Both AI & ML
2025,Ulm,Baden-Württemberg,mathematik,General,Numeracy,Both AI & ML
2025,Ulm,Baden-Württemberg,deutsch,General,ForeignLanguage,Both AI & ML
2025,Ulm,Baden-Württemberg,englisch,General,ForeignLanguage,Both AI & ML
2025,Göttingen,Niedersachsen,implementation,Decision Making and Analytical,DecisionMaking,Both AI & ML
2025,Göttingen,Niedersachsen,crm,Occupational Attributes,EnterpriseSystem,Both AI & ML
2025,Göttingen,Niedersachsen,design,Decision Making and Analytical,DecisionMaking,Both AI & ML
2025,Göttingen,Niedersachsen,implementation,Decision Making and Analytical,DecisionMaking,Both AI & ML
2025,Göttingen,Niedersachsen,design,Decision Making and Analytical,DecisionMaking,Both AI & ML
2025,Göttingen,Niedersachsen,collaboration,Decision Making and Analytical,Interpersonal,Both AI & ML
2025,Göttingen,Niedersachsen,integration,Occupational Attributes,EnterpriseSystem,Both AI & ML
2025,Göttingen,Niedersachsen,machine learning,Statistics and Data,DataMining,Both AI & ML
2025,Göttingen,Niedersachsen,accuracy,Employee Attributes,DetailOriented,Both AI & ML
2025,Göttingen,Niedersachsen,documentation,Decision Making and Analytical,MSOffice,Both AI & ML
2025,Göttingen,Niedersachsen,reporting,Decision Making and Analytical,DecisionMaking,Both AI & ML
2025,Göttingen,Niedersachsen,analytical,Decision Making and Analytical,DecisionMaking,Both AI & ML
2025,Göttingen,Niedersachsen,communication,Decision Making and Analytical,MSOffice,Both AI & ML
2025,Göttingen,Niedersachsen,english,General,ForeignLanguage,Both AI & ML
2025,Köln,Nordrhein-Westfalen,machine learning,Statistics and Data,DataMining,Both AI & ML
2025,Köln,Nordrhein-Westfalen,analyse,Decision Making and Analytical,DecisionMaking,Both AI & ML
2025,Köln,Nordrhein-Westfalen,integration,Occupational Attributes,EnterpriseSystem,Both AI & ML
2025,Konstanz,Baden-Württemberg,machine learning,Statistics and Data,DataMining,Both AI & ML
2025,Konstanz,Baden-Württemberg,computer vision,Specialized ML,ComputerVision,Both AI & ML
2025,Konstanz,Baden-Württemberg,machine learning,Statistics and Data,DataMining,Both AI & ML
2025,Konstanz,Baden-Württemberg,python,Occupational Attributes,Programming,Both AI & ML
2025,Konstanz,Baden-Württemberg,pandas,Statistics and Data,Statistics,Both AI & ML
2025,Konstanz,Baden-Württemberg,azure,Cloud Platforms,Azure,Both AI & ML
2025,Konstanz,Baden-Württemberg,deutsch,General,ForeignLanguage,Both AI & ML
2025,Konstanz,Baden-Württemberg,englisch,General,ForeignLanguage,Both AI & ML
2025,Mannheim,Baden-Württemberg,internet,Occupational Attributes,Networks,Both AI & ML
2025,Mannheim,Baden-Württemberg,docker,MLOps,Tools,Both AI & ML
2025,Mannheim,Baden-Württemberg,kubernetes,MLOps,Tools,Both AI & ML
2025,Mannheim,Baden-Württemberg,networking,Decision Making and Analytical,Interpersonal,Both AI & ML
2025,Mannheim,Baden-Württemberg,machine learning,Statistics and Data,DataMining,Both AI & ML
2025,Mannheim,Baden-Württemberg,architecture,Occupational Attributes,Hardware,Both AI & ML
2025,Mannheim,Baden-Württemberg,independent,Employee Attributes,Independence,Both AI & ML
2025,Mannheim,Baden-Württemberg,java,Occupational Attributes,Programming,Both AI & ML
2025,Mannheim,Baden-Württemberg,c #,Occupational Attributes,Programming,Both AI & ML
2025,Mannheim,Baden-Württemberg,c + +,Occupational Attributes,Programming,Both AI & ML
2025,Mannheim,Baden-Württemberg,python,Occupational Attributes,Programming,Both AI & ML
2025,Mannheim,Baden-Württemberg,machine learning,Statistics and Data,DataMining,Both AI & ML
2025,Mannheim,Baden-Württemberg,communication,Decision Making and Analytical,MSOffice,Both AI & ML
2025,Halle (Saale),Sachsen-Anhalt,analyse,Decision Making and Analytical,DecisionMaking,Both AI & ML
2025,Halle (Saale),Sachsen-Anhalt,nlp,Specialized ML,NLP,Both AI & ML
2025,Halle (Saale),Sachsen-Anhalt,machine learning,Statistics and Data,DataMining,Both AI & ML
2025,Dresden,Sachsen,c #,Occupational Attributes,Programming,Both AI & ML
2025,Dresden,Sachsen,implementierung,Decision Making and Analytical,DecisionMaking,Both AI & ML
2025,Dresden,Sachsen,vorhersage,Statistics and Data,DataMining,Both AI & ML
2025,Dresden,Sachsen,zusammenarbeit,Decision Making and Analytical,Interpersonal,Both AI & ML
2025,Dresden,Sachsen,analyse,Decision Making and Analytical,DecisionMaking,Both AI & ML
2025,Dresden,Sachsen,c #,Occupational Attributes,Programming,Both AI & ML
2025,Dresden,Sachsen,python,Occupational Attributes,Programming,Both AI & ML
2025,Dresden,Sachsen,postgresql,Statistics and Data,StructuredData,Both AI & ML
2025,Dresden,Sachsen,docker,MLOps,Tools,Both AI & ML
2025,Dresden,Sachsen,kubernetes,MLOps,Tools,Both AI & ML
2025,Dresden,Sachsen,mathematik,General,Numeracy,Both AI & ML
2025,Dresden,Sachsen,c #,Occupational Attributes,Programming,Both AI & ML
2025,Dresden,Sachsen,python,Occupational Attributes,Programming,Both AI & ML
2025,Dresden,Sachsen,pandas,Statistics and Data,Statistics,Both AI & ML
2025,Dresden,Sachsen,sql,Statistics and Data,StructuredData,Both AI & ML
2025,Dresden,Sachsen,nosql,Statistics and Data,BigData,Both AI & ML
2025,Düsseldorf,Nordrhein-Westfalen,python,Occupational Attributes,Programming,Both AI & ML
2025,Düsseldorf,Nordrhein-Westfalen,design,Decision Making and Analytical,DecisionMaking,Both AI & ML
2025,Düsseldorf,Nordrhein-Westfalen,machine learning,Statistics and Data,DataMining,Both AI & ML
2025,Düsseldorf,Nordrhein-Westfalen,machine learning,Statistics and Data,DataMining,Both AI & ML
2025,Düsseldorf,Nordrhein-Westfalen,python,Occupational Attributes,Programming,Both AI & ML
2025,Düsseldorf,Nordrhein-Westfalen,storage,Occupational Attributes,Hardware,Both AI & ML
2025,Düsseldorf,Nordrhein-Westfalen,docker,MLOps,Tools,Both AI & ML
2025,Düsseldorf,Nordrhein-Westfalen,testing,Decision Making and Analytical,DecisionMaking,Both AI & ML
2025,Düsseldorf,Nordrhein-Westfalen,english,General,ForeignLanguage,Both AI & ML
2025,Düsseldorf,Nordrhein-Westfalen,collaboration,Decision Making and Analytical,Interpersonal,Both AI & ML
2025,Düsseldorf,Nordrhein-Westfalen,flexible,Employee Attributes,Adaptability,Both AI & ML
2025,Berlin,Berlin,python,Occupational Attributes,Programming,Both AI & ML
2025,Berlin,Berlin,sql,Statistics and Data,StructuredData,Both AI & ML
2025,Berlin,Berlin,modeling,Decision Making and Analytical,DecisionMaking,Both AI & ML
2025,Berlin,Berlin,gcp,Cloud Platforms,GCP,Both AI & ML
2025,Berlin,Berlin,integration,Occupational Attributes,EnterpriseSystem,Both AI & ML
2025,Berlin,Berlin,machine learning,Statistics and Data,DataMining,Both AI & ML
2025,Berlin,Berlin,python,Occupational Attributes,Programming,Both AI & ML
2025,Berlin,Berlin,sql,Statistics and Data,StructuredData,Both AI & ML
2025,Berlin,Berlin,design,Decision Making and Analytical,DecisionMaking,Both AI & ML
2025,Berlin,Berlin,integration,Occupational Attributes,EnterpriseSystem,Both AI & ML
2025,Berlin,Berlin,modeling,Decision Making and Analytical,DecisionMaking,Both AI & ML
2025,Berlin,Berlin,modeling,Decision Making and Analytical,DecisionMaking,Both AI & ML
2025,Berlin,Berlin,dagster,Data Engineering,Orchestration,Both AI & ML
2025,Neckarsulm (Kernstadt),Baden-Württemberg,regression,Statistics and Data,Statistics,Both AI & ML
2025,Neckarsulm (Kernstadt),Baden-Württemberg,llm,Generative AI,LLM,Both AI & ML
2025,,,server,Occupational Attributes,Hardware,Both AI & ML
2025,,,server,Occupational Attributes,Hardware,Both AI & ML
2025,,,server,Occupational Attributes,Hardware,Both AI & ML
2025,,,flexible,Employee Attributes,Adaptability,Both AI & ML
2025,,,implementierung,Decision Making and Analytical,DecisionMaking,Both AI & ML
2025,,,machine learning,Statistics and Data,DataMining,Both AI & ML
2025,,,nlp,Specialized ML,NLP,Both AI & ML
2025,,,implementierung,Decision Making and Analytical,DecisionMaking,Both AI & ML
2025,,,java,Occupational Attributes,Programming,Both AI & ML
2025,München,Bayern,standardization,MLOps,FeatureEngineering,Both AI & ML
2025,München,Bayern,python,Occupational Attributes,Programming,Both AI & ML
2025,München,Bayern,tableau,Occupational Attributes,Visualization,Both AI & ML
2025,München,Bayern,present,Communication,Presentation,Both AI & ML
2025,München,Bayern,presentation,Communication,Presentation,Both AI & ML
2025,München,Bayern,analytical,Decision Making and Analytical,DecisionMaking,Both AI & ML
2025,München,Bayern,analytical,Decision Making and Analytical,DecisionMaking,Both AI & ML
2025,München,Bayern,machine learning,Statistics and Data,DataMining,Both AI & ML
2025,München,Bayern,german,General,ForeignLanguage,Both AI & ML
2025,München,Bayern,english,General,ForeignLanguage,Both AI & ML
2025,München,Bayern,statistics,Statistics and Data,Statistics,Both AI & ML
2025,München,Bayern,analysis,Decision Making and Analytical,DecisionMaking,Both AI & ML
2025,München,Bayern,sql,Statistics and Data,StructuredData,Both AI & ML
2025,München,Bayern,python,Occupational Attributes,Programming,Both AI & ML
2025,München,Bayern,mongodb,Statistics and Data,StructuredData,Both AI & ML
2025,München,Bayern,visualization,Occupational Attributes,Visualization,Both AI & ML
2025,München,Bayern,tableau,Occupational Attributes,Visualization,Both AI & ML
2025,München,Bayern,analytical,Decision Making and Analytical,DecisionMaking,Both AI & ML
2025,München,Bayern,communication,Decision Making and Analytical,MSOffice,Both AI & ML
2025,München,Bayern,presentation,Communication,Presentation,Both AI & ML
2025,Köln,Nordrhein-Westfalen,mlops,MLOps,Core,ML
2025,Köln,Nordrhein-Westfalen,zusammenarbeit,Decision Making and Analytical,Interpersonal,ML
2025,Köln,Nordrhein-Westfalen,implementierung,Decision Making and Analytical,DecisionMaking,ML
2025,Köln,Nordrhein-Westfalen,azure,Cloud Platforms,Azure,ML
2025,Köln,Nordrhein-Westfalen,machine learning,Statistics and Data,DataMining,ML
2025,Köln,Nordrhein-Westfalen,integration,Occupational Attributes,EnterpriseSystem,ML
2025,Darmstadt,Hessen,collaboration,Decision Making and Analytical,Interpersonal,Both AI & ML
2025,Darmstadt,Hessen,responsible,Communication,Generic,Both AI & ML
2025,Darmstadt,Hessen,responsible,Communication,Generic,Both AI & ML
2025,Darmstadt,Hessen,machine learning,Statistics and Data,DataMining,Both AI & ML
2025,Darmstadt,Hessen,communication,Decision Making and Analytical,MSOffice,Both AI & ML
2025,Sindelfingen,Baden-Württemberg,verantwortlich,Communication,Generic,Both AI & ML
2025,Sindelfingen,Baden-Württemberg,zusammenarbeit,Decision Making and Analytical,Interpersonal,Both AI & ML
2025,Sindelfingen,Baden-Württemberg,verantwortlich,Communication,Generic,Both AI & ML
2025,Sindelfingen,Baden-Württemberg,prozessdesign,Decision Making and Analytical,ProcessDesign,Both AI & ML
2025,Sindelfingen,Baden-Württemberg,c + +,Occupational Attributes,Programming,Both AI & ML
2025,Sindelfingen,Baden-Württemberg,implementierung,Decision Making and Analytical,DecisionMaking,Both AI & ML
2025,Bielefeld,Nordrhein-Westfalen,analyse,Decision Making and Analytical,DecisionMaking,Both AI & ML
2025,Bielefeld,Nordrhein-Westfalen,planung,Data Engineering,Orchestration,Both AI & ML
2025,Bielefeld,Nordrhein-Westfalen,machine learning,Statistics and Data,DataMining,Both AI & ML
2025,Hannover,Niedersachsen,planung,Data Engineering,Orchestration,Both AI & ML
2025,Hannover,Niedersachsen,planung,Data Engineering,Orchestration,Both AI & ML
2025,Frankfurt am Main,Hessen,integration,Occupational Attributes,EnterpriseSystem,Both AI & ML
2025,Frankfurt am Main,Hessen,zusammenarbeit,Decision Making and Analytical,Interpersonal,Both AI & ML
2025,Frankfurt am Main,Hessen,modellierung,Decision Making and Analytical,DecisionMaking,Both AI & ML
2025,Frankfurt am Main,Hessen,modellierung,Decision Making and Analytical,DecisionMaking,Both AI & ML
2025,Berlin,Berlin,big data,Statistics and Data,BigData,Both AI & ML
2025,Berlin,Berlin,big data,Statistics and Data,BigData,Both AI & ML
2025,Berlin,Berlin,machine learning,Statistics and Data,DataMining,Both AI & ML
2025,Berlin,Berlin,machine learning,Statistics and Data,DataMining,Both AI & ML
2025,Berlin,Berlin,python,Occupational Attributes,Programming,Both AI & ML
2025,Berlin,Berlin,java,Occupational Attributes,Programming,Both AI & ML
2025,Düsseldorf,Nordrhein-Westfalen,machine learning,Statistics and Data,DataMining,Both AI & ML
2025,Düsseldorf,Nordrhein-Westfalen,documentation,Decision Making and Analytical,MSOffice,Both AI & ML
2025,Düsseldorf,Nordrhein-Westfalen,kubernetes,MLOps,Tools,Both AI & ML
2025,Düsseldorf,Nordrhein-Westfalen,analysis,Decision Making and Analytical,DecisionMaking,Both AI & ML
2025,Düsseldorf,Nordrhein-Westfalen,documentation,Decision Making and Analytical,MSOffice,Both AI & ML
2025,Erlangen,Bayern,eigenverantwortlich,Employee Attributes,Attitude,Both AI & ML
2025,Erlangen,Bayern,python,Occupational Attributes,Programming,Both AI & ML
2025,Erlangen,Bayern,python,Occupational Attributes,Programming,Both AI & ML
2025,Erlangen,Bayern,sql,Statistics and Data,StructuredData,Both AI & ML
2025,Erlangen,Bayern,analyse,Decision Making and Analytical,DecisionMaking,Both AI & ML
2025,Erlangen,Bayern,modellierung,Decision Making and Analytical,DecisionMaking,Both AI & ML
2025,Erlangen,Bayern,machine learning,Statistics and Data,DataMining,Both AI & ML
2025,Erlangen,Bayern,datenanalyse,General,Research,Both AI & ML
2025,Berlin,Berlin,modeling,Decision Making and Analytical,DecisionMaking,Both AI & ML
2025,Berlin,Berlin,machine learning,Statistics and Data,DataMining,Both AI & ML
2025,Berlin,Berlin,statistics,Statistics and Data,Statistics,Both AI & ML
2025,Berlin,Berlin,machine learning,Statistics and Data,DataMining,Both AI & ML
2025,Berlin,Berlin,machine learning,Statistics and Data,DataMining,Both AI & ML
2025,Berlin,Berlin,flexible,Employee Attributes,Adaptability,Both AI & ML
2025,Berlin,Berlin,machine learning,Statistics and Data,DataMining,Both AI & ML
2025,Berlin,Berlin,analysis,Decision Making and Analytical,DecisionMaking,Both AI & ML
2025,Berlin,Berlin,machine learning,Statistics and Data,DataMining,Both AI & ML
2025,Berlin,Berlin,python,Occupational Attributes,Programming,Both AI & ML
2025,Berlin,Berlin,sql,Statistics and Data,StructuredData,Both AI & ML
2025,Berlin,Berlin,design,Decision Making and Analytical,DecisionMaking,Both AI & ML
2025,München,Bayern,datenanalyse,General,Research,ML
2025,München,Bayern,python,Occupational Attributes,Programming,ML
2025,München,Bayern,c + +,Occupational Attributes,Programming,ML
2025,München,Bayern,aws,Cloud Platforms,AWS,ML
2025,München,Bayern,gcp,Cloud Platforms,GCP,ML
2025,München,Bayern,azure,Cloud Platforms,Azure,ML
2025,München,Bayern,spark,Statistics and Data,BigData,ML
2025,München,Bayern,hadoop,Statistics and Data,BigData,ML
2025,München,Bayern,pandas,Statistics and Data,Statistics,ML
2025,München,Bayern,analyse,Decision Making and Analytical,DecisionMaking,ML
2025,München,Bayern,python,Occupational Attributes,Programming,ML
2025,München,Bayern,c + +,Occupational Attributes,Programming,ML
2025,München,Bayern,aws,Cloud Platforms,AWS,ML
2025,München,Bayern,gcp,Cloud Platforms,GCP,ML
2025,München,Bayern,azure,Cloud Platforms,Azure,ML
2025,München,Bayern,kubernetes,MLOps,Tools,ML
2025,München,Bayern,datenanalyse,General,Research,ML
2025,München,Bayern,spark,Statistics and Data,BigData,ML
2025,München,Bayern,pandas,Statistics and Data,Statistics,ML
2025,München,Bayern,hadoop,Statistics and Data,BigData,ML
2025,München,Bayern,machine learning,Statistics and Data,DataMining,ML
2025,München,Bayern,deutsch,General,ForeignLanguage,ML
2025,Eching,Bayern,testing,Decision Making and Analytical,DecisionMaking,Both AI & ML
2025,Eching,Bayern,testing,Decision Making and Analytical,DecisionMaking,Both AI & ML
2025,Eching,Bayern,testing,Decision Making and Analytical,DecisionMaking,Both AI & ML
2025,Eching,Bayern,integration,Occupational Attributes,EnterpriseSystem,Both AI & ML
2025,Eching,Bayern,python,Occupational Attributes,Programming,Both AI & ML
2025,Eching,Bayern,machine learning,Statistics and Data,DataMining,Both AI & ML
2025,Eching,Bayern,autonomous,Employee Attributes,Independence,Both AI & ML
2025,Eching,Bayern,english,General,ForeignLanguage,Both AI & ML
2025,Eching,Bayern,german,General,ForeignLanguage,Both AI & ML
2025,Eching,Bayern,independent,Employee Attributes,Independence,Both AI & ML
2025,München,Bayern,scaling,Generative AI,Serving,Both AI & ML
2025,München,Bayern,scaling,Generative AI,Serving,Both AI & ML
2025,München,Bayern,autonomous,Employee Attributes,Independence,Both AI & ML
2025,München,Bayern,machine learning,Statistics and Data,DataMining,Both AI & ML
2025,München,Bayern,llm,Generative AI,LLM,Both AI & ML
2025,München,Bayern,architecture,Occupational Attributes,Hardware,Both AI & ML
2025,Berlin,Berlin,design,Decision Making and Analytical,DecisionMaking,Both AI & ML
2025,Berlin,Berlin,llm,Generative AI,LLM,Both AI & ML
2025,Berlin,Berlin,recherche,General,Research,Both AI & ML
2025,Berlin,Berlin,zusammenfassung,Specialized ML,NLP,Both AI & ML
2025,Berlin,Berlin,machine learning,Statistics and Data,DataMining,Both AI & ML
2025,Einbeck,Niedersachsen,analysis,Decision Making and Analytical,DecisionMaking,Both AI & ML
2025,Einbeck,Niedersachsen,analysis,Decision Making and Analytical,DecisionMaking,Both AI & ML
2025,Einbeck,Niedersachsen,analysis,Decision Making and Analytical,DecisionMaking,Both AI & ML
2025,Einbeck,Niedersachsen,responsible,Communication,Generic,Both AI & ML
2025,Einbeck,Niedersachsen,analysis,Decision Making and Analytical,DecisionMaking,Both AI & ML
2025,Einbeck,Niedersachsen,analysis,Decision Making and Analytical,DecisionMaking,Both AI & ML
2025,Einbeck,Niedersachsen,calibration,MLOps,Evaluation,Both AI & ML
2025,Einbeck,Niedersachsen,devices,Occupational Attributes,Hardware,Both AI & ML
2025,Einbeck,Niedersachsen,collaboration,Decision Making and Analytical,Interpersonal,Both AI & ML
2025,Einbeck,Niedersachsen,analysis,Decision Making and Analytical,DecisionMaking,Both AI & ML
2025,Einbeck,Niedersachsen,presentation,Communication,Presentation,Both AI & ML
2025,Einbeck,Niedersachsen,analytical,Decision Making and Analytical,DecisionMaking,Both AI & ML
2025,Einbeck,Niedersachsen,calibration,MLOps,Evaluation,Both AI & ML
2025,Einbeck,Niedersachsen,analytical,Decision Making and Analytical,DecisionMaking,Both AI & ML
2025,Einbeck,Niedersachsen,collaboration,Decision Making and Analytical,Interpersonal,Both AI & ML
2025,Einbeck,Niedersachsen,analytical,Decision Making and Analytical,DecisionMaking,Both AI & ML
2025,Einbeck,Niedersachsen,analytical,Decision Making and Analytical,DecisionMaking,Both AI & ML
2025,Einbeck,Niedersachsen,analytical,Decision Making and Analytical,DecisionMaking,Both AI & ML
2025,Einbeck,Niedersachsen,calibration,MLOps,Evaluation,Both AI & ML
2025,Einbeck,Niedersachsen,machine learning,Statistics and Data,DataMining,Both AI & ML
2025,Einbeck,Niedersachsen,matlab,Statistics and Data,Statistics,Both AI & ML
2025,Einbeck,Niedersachsen,english,General,ForeignLanguage,Both AI & ML
2025,Einbeck,Niedersachsen,german,General,ForeignLanguage,Both AI & ML
2025,Einbeck,Niedersachsen,communication,Decision Making and Analytical,MSOffice,Both AI & ML
2025,Einbeck,Niedersachsen,flexible,Employee Attributes,Adaptability,Both AI & ML
2025,München,Bayern,azure,Cloud Platforms,Azure,Both AI & ML
2025,München,Bayern,azure,Cloud Platforms,Azure,Both AI & ML
2025,München,Bayern,azure,Cloud Platforms,Azure,Both AI & ML
2025,München,Bayern,creative,Decision Making and Analytical,Creativity,Both AI & ML
2025,München,Bayern,flexible,Employee Attributes,Adaptability,Both AI & ML
2025,München,Bayern,creative,Decision Making and Analytical,Creativity,Both AI & ML
2025,München,Bayern,integration,Occupational Attributes,EnterpriseSystem,Both AI & ML
2025,München,Bayern,architecture,Occupational Attributes,Hardware,Both AI & ML
2025,München,Bayern,architecture,Occupational Attributes,Hardware,Both AI & ML
2025,München,Bayern,azure,Cloud Platforms,Azure,Both AI & ML
2025,München,Bayern,design,Decision Making and Analytical,DecisionMaking,Both AI & ML
2025,München,Bayern,modeling,Decision Making and Analytical,DecisionMaking,Both AI & ML
2025,München,Bayern,devices,Occupational Attributes,Hardware,Both AI & ML
2025,München,Bayern,analysis,Decision Making and Analytical,DecisionMaking,Both AI & ML
2025,München,Bayern,testing,Decision Making and Analytical,DecisionMaking,Both AI & ML
2025,München,Bayern,analyse,Decision Making and Analytical,DecisionMaking,Both AI & ML
2025,München,Bayern,design,Decision Making and Analytical,DecisionMaking,Both AI & ML
2025,München,Bayern,hardware,Occupational Attributes,Hardware,Both AI & ML
2025,München,Bayern,analysis,Decision Making and Analytical,DecisionMaking,Both AI & ML
2025,München,Bayern,documentation,Decision Making and Analytical,MSOffice,Both AI & ML
2025,Berlin,Berlin,machine learning,Statistics and Data,DataMining,Both AI & ML
2025,Berlin,Berlin,analysis,Decision Making and Analytical,DecisionMaking,Both AI & ML
2025,Berlin,Berlin,machine learning,Statistics and Data,DataMining,Both AI & ML
2025,Berlin,Berlin,python,Occupational Attributes,Programming,Both AI & ML
2025,Berlin,Berlin,sql,Statistics and Data,StructuredData,Both AI & ML
2025,Berlin,Berlin,design,Decision Making and Analytical,DecisionMaking,Both AI & ML
2025,Walldorf,Baden-Württemberg,erp,Occupational Attributes,EnterpriseSystem,Both AI & ML
2025,Walldorf,Baden-Württemberg,zusammenarbeit,Decision Making and Analytical,Interpersonal,Both AI & ML
2025,Walldorf,Baden-Württemberg,erp,Occupational Attributes,EnterpriseSystem,Both AI & ML
2025,Walldorf,Baden-Württemberg,analyse,Decision Making and Analytical,DecisionMaking,Both AI & ML
2025,Walldorf,Baden-Württemberg,design,Decision Making and Analytical,DecisionMaking,Both AI & ML
2025,Walldorf,Baden-Württemberg,sap,Occupational Attributes,EnterpriseSystem,Both AI & ML
2025,Walldorf,Baden-Württemberg,planung,Data Engineering,Orchestration,Both AI & ML
2025,Walldorf,Baden-Württemberg,analyse,Decision Making and Analytical,DecisionMaking,Both AI & ML
2025,Walldorf,Baden-Württemberg,machine learning,Statistics and Data,DataMining,Both AI & ML
2025,Essen,Nordrhein-Westfalen,planung,Data Engineering,Orchestration,Both AI & ML
2025,Essen,Nordrhein-Westfalen,implementierung,Decision Making and Analytical,DecisionMaking,Both AI & ML
2025,Essen,Nordrhein-Westfalen,analyse,Decision Making and Analytical,DecisionMaking,Both AI & ML
2025,Essen,Nordrhein-Westfalen,integration,Occupational Attributes,EnterpriseSystem,Both AI & ML
2025,Essen,Nordrhein-Westfalen,implementierung,Decision Making and Analytical,DecisionMaking,Both AI & ML
2025,Essen,Nordrhein-Westfalen,mathematik,General,Numeracy,Both AI & ML
2025,Essen,Nordrhein-Westfalen,python,Occupational Attributes,Programming,Both AI & ML
2025,Essen,Nordrhein-Westfalen,pandas,Statistics and Data,Statistics,Both AI & ML
2025,Berlin,Berlin,sap,Occupational Attributes,EnterpriseSystem,Both AI & ML
2025,Berlin,Berlin,sap,Occupational Attributes,EnterpriseSystem,Both AI & ML
2025,Berlin,Berlin,collaboration,Decision Making and Analytical,Interpersonal,Both AI & ML
2025,Berlin,Berlin,sap,Occupational Attributes,EnterpriseSystem,Both AI & ML
2025,Berlin,Berlin,sap,Occupational Attributes,EnterpriseSystem,Both AI & ML
2025,Berlin,Berlin,machine learning,Statistics and Data,DataMining,Both AI & ML
2025,Berlin,Berlin,llm,Generative AI,LLM,Both AI & ML
2025,Berlin,Berlin,documentation,Decision Making and Analytical,MSOffice,Both AI & ML
2025,Berlin,Berlin,sap,Occupational Attributes,EnterpriseSystem,Both AI & ML
2025,Berlin,Berlin,sap,Occupational Attributes,EnterpriseSystem,Both AI & ML
2025,Berlin,Berlin,llm,Generative AI,LLM,Both AI & ML
2025,Berlin,Berlin,responsible,Communication,Generic,Both AI & ML
2025,Berlin,Berlin,sap,Occupational Attributes,EnterpriseSystem,Both AI & ML
2025,Berlin,Berlin,design,Decision Making and Analytical,DecisionMaking,Both AI & ML
2025,Berlin,Berlin,sap,Occupational Attributes,EnterpriseSystem,Both AI & ML
2025,Berlin,Berlin,collaboration,Decision Making and Analytical,Interpersonal,Both AI & ML
2025,Köln,Nordrhein-Westfalen,sap,Occupational Attributes,EnterpriseSystem,Both AI & ML
2025,Köln,Nordrhein-Westfalen,integration,Occupational Attributes,EnterpriseSystem,Both AI & ML
2025,Köln,Nordrhein-Westfalen,sap,Occupational Attributes,EnterpriseSystem,Both AI & ML
2025,Köln,Nordrhein-Westfalen,sap,Occupational Attributes,EnterpriseSystem,Both AI & ML
2025,Köln,Nordrhein-Westfalen,integration,Occupational Attributes,EnterpriseSystem,Both AI & ML
2025,Köln,Nordrhein-Westfalen,sap,Occupational Attributes,EnterpriseSystem,Both AI & ML
2025,Köln,Nordrhein-Westfalen,verantwortlich,Communication,Generic,Both AI & ML
2025,Köln,Nordrhein-Westfalen,implementierung,Decision Making and Analytical,DecisionMaking,Both AI & ML
2025,Köln,Nordrhein-Westfalen,sap,Occupational Attributes,EnterpriseSystem,Both AI & ML
2025,Köln,Nordrhein-Westfalen,integration,Occupational Attributes,EnterpriseSystem,Both AI & ML
2025,Köln,Nordrhein-Westfalen,sap,Occupational Attributes,EnterpriseSystem,Both AI & ML
2025,Köln,Nordrhein-Westfalen,design,Decision Making and Analytical,DecisionMaking,Both AI & ML
2025,Köln,Nordrhein-Westfalen,sap,Occupational Attributes,EnterpriseSystem,Both AI & ML
2025,Köln,Nordrhein-Westfalen,sap,Occupational Attributes,EnterpriseSystem,Both AI & ML
2025,Köln,Nordrhein-Westfalen,sap,Occupational Attributes,EnterpriseSystem,Both AI & ML
2025,Köln,Nordrhein-Westfalen,machine learning,Statistics and Data,DataMining,Both AI & ML
2025,Köln,Nordrhein-Westfalen,java,Occupational Attributes,Programming,Both AI & ML
2025,Köln,Nordrhein-Westfalen,javascript,Occupational Attributes,Programming,Both AI & ML
2025,Köln,Nordrhein-Westfalen,sap,Occupational Attributes,EnterpriseSystem,Both AI & ML
2025,Köln,Nordrhein-Westfalen,integration,Occupational Attributes,EnterpriseSystem,Both AI & ML
2025,Köln,Nordrhein-Westfalen,sap,Occupational Attributes,EnterpriseSystem,Both AI & ML
2025,Köln,Nordrhein-Westfalen,sap,Occupational Attributes,EnterpriseSystem,Both AI & ML
2025,Köln,Nordrhein-Westfalen,sap,Occupational Attributes,EnterpriseSystem,Both AI & ML
2025,Köln,Nordrhein-Westfalen,integration,Occupational Attributes,EnterpriseSystem,Both AI & ML
2025,Köln,Nordrhein-Westfalen,deutsch,General,ForeignLanguage,Both AI & ML
2025,Köln,Nordrhein-Westfalen,englisch,General,ForeignLanguage,Both AI & ML
2025,Köln,Nordrhein-Westfalen,sap,Occupational Attributes,EnterpriseSystem,Both AI & ML
2025,Mannheim,Baden-Württemberg,modeling,Decision Making and Analytical,DecisionMaking,Both AI & ML
2025,Mannheim,Baden-Württemberg,machine learning,Statistics and Data,DataMining,Both AI & ML
2025,Mannheim,Baden-Württemberg,c + +,Occupational Attributes,Programming,Both AI & ML
2025,Mannheim,Baden-Württemberg,c #,Occupational Attributes,Programming,Both AI & ML
2025,Mannheim,Baden-Württemberg,implementation,Decision Making and Analytical,DecisionMaking,Both AI & ML
2025,Mannheim,Baden-Württemberg,collaboration,Decision Making and Analytical,Interpersonal,Both AI & ML
2025,Mannheim,Baden-Württemberg,design,Decision Making and Analytical,DecisionMaking,Both AI & ML
2025,Mannheim,Baden-Württemberg,python,Occupational Attributes,Programming,Both AI & ML
2025,Mannheim,Baden-Württemberg,python,Occupational Attributes,Programming,Both AI & ML
2025,Mannheim,Baden-Württemberg,machine learning,Statistics and Data,DataMining,Both AI & ML
2025,Mannheim,Baden-Württemberg,pandas,Statistics and Data,Statistics,Both AI & ML
2025,Mannheim,Baden-Württemberg,matlab,Statistics and Data,Statistics,Both AI & ML
2025,Mannheim,Baden-Württemberg,c + +,Occupational Attributes,Programming,Both AI & ML
2025,Mannheim,Baden-Württemberg,c #,Occupational Attributes,Programming,Both AI & ML
2025,Mannheim,Baden-Württemberg,java,Occupational Attributes,Programming,Both AI & ML
2025,Mannheim,Baden-Württemberg,javascript,Occupational Attributes,Programming,Both AI & ML
2025,Mannheim,Baden-Württemberg,azure,Cloud Platforms,Azure,Both AI & ML
2025,Mannheim,Baden-Württemberg,english,General,ForeignLanguage,Both AI & ML
2025,Mannheim,Baden-Württemberg,german,General,ForeignLanguage,Both AI & ML
2025,Mannheim,Baden-Württemberg,motivated,Employee Attributes,Motivation,Both AI & ML
2025,München,Bayern,azure,Cloud Platforms,Azure,Both AI & ML
2025,München,Bayern,azure,Cloud Platforms,Azure,Both AI & ML
2025,München,Bayern,azure,Cloud Platforms,Azure,Both AI & ML
2025,München,Bayern,creative,Decision Making and Analytical,Creativity,Both AI & ML
2025,München,Bayern,flexible,Employee Attributes,Adaptability,Both AI & ML
2025,München,Bayern,creative,Decision Making and Analytical,Creativity,Both AI & ML
2025,München,Bayern,integration,Occupational Attributes,EnterpriseSystem,Both AI & ML
2025,München,Bayern,design,Decision Making and Analytical,DecisionMaking,Both AI & ML
2025,München,Bayern,azure,Cloud Platforms,Azure,Both AI & ML
2025,München,Bayern,machine learning,Statistics and Data,DataMining,Both AI & ML
2025,München,Bayern,classification,Statistics and Data,DataMining,Both AI & ML
2025,München,Bayern,python,Occupational Attributes,Programming,Both AI & ML
2025,München,Bayern,azure,Cloud Platforms,Azure,Both AI & ML
2025,München,Bayern,machine learning,Statistics and Data,DataMining,Both AI & ML
2025,München,Bayern,azure,Cloud Platforms,Azure,Both AI & ML
2025,München,Bayern,databricks,MLOps,Platforms,Both AI & ML
2025,München,Bayern,azure,Cloud Platforms,Azure,Both AI & ML
2025,München,Bayern,azure,Cloud Platforms,Azure,Both AI & ML
2025,Freiburg im Breisgau,Baden-Württemberg,design,Decision Making and Analytical,DecisionMaking,Both AI & ML
2025,Freiburg im Breisgau,Baden-Württemberg,precision,MLOps,Evaluation,Both AI & ML
2025,Freiburg im Breisgau,Baden-Württemberg,machine learning,Statistics and Data,DataMining,Both AI & ML
2025,Freiburg im Breisgau,Baden-Württemberg,design,Decision Making and Analytical,DecisionMaking,Both AI & ML
2025,Freiburg im Breisgau,Baden-Württemberg,python,Occupational Attributes,Programming,Both AI & ML
2025,Freiburg im Breisgau,Baden-Württemberg,c + +,Occupational Attributes,Programming,Both AI & ML
2025,Freiburg im Breisgau,Baden-Württemberg,integration,Occupational Attributes,EnterpriseSystem,Both AI & ML
2025,Freiburg im Breisgau,Baden-Württemberg,testing,Decision Making and Analytical,DecisionMaking,Both AI & ML
2025,Freiburg im Breisgau,Baden-Württemberg,machine learning,Statistics and Data,DataMining,Both AI & ML
2025,Freiburg im Breisgau,Baden-Württemberg,python,Occupational Attributes,Programming,Both AI & ML
2025,Freiburg im Breisgau,Baden-Württemberg,c + +,Occupational Attributes,Programming,Both AI & ML
2025,Freiburg im Breisgau,Baden-Württemberg,opencv,Specialized ML,ComputerVision,Both AI & ML
2025,Freiburg im Breisgau,Baden-Württemberg,communication,Decision Making and Analytical,MSOffice,Both AI & ML
2025,Freiburg im Breisgau,Baden-Württemberg,english,General,ForeignLanguage,Both AI & ML
2025,Freiburg im Breisgau,Baden-Württemberg,flexible,Employee Attributes,Adaptability,Both AI & ML
2025,Köln,Nordrhein-Westfalen,netzwerk,Occupational Attributes,Networks,Both AI & ML
2025,Walldorf,Baden-Württemberg,erp,Occupational Attributes,EnterpriseSystem,Both AI & ML
2025,Walldorf,Baden-Württemberg,zusammenarbeit,Decision Making and Analytical,Interpersonal,Both AI & ML
2025,Walldorf,Baden-Württemberg,erp,Occupational Attributes,EnterpriseSystem,Both AI & ML
2025,Walldorf,Baden-Württemberg,analyse,Decision Making and Analytical,DecisionMaking,Both AI & ML
2025,Walldorf,Baden-Württemberg,design,Decision Making and Analytical,DecisionMaking,Both AI & ML
2025,Walldorf,Baden-Württemberg,sap,Occupational Attributes,EnterpriseSystem,Both AI & ML
2025,Walldorf,Baden-Württemberg,planung,Data Engineering,Orchestration,Both AI & ML
2025,Walldorf,Baden-Württemberg,analyse,Decision Making and Analytical,DecisionMaking,Both AI & ML
2025,Walldorf,Baden-Württemberg,machine learning,Statistics and Data,DataMining,Both AI & ML
2025,Köln,Nordrhein-Westfalen,modellierung,Decision Making and Analytical,DecisionMaking,Both AI & ML
2025,Köln,Nordrhein-Westfalen,mathematik,General,Numeracy,Both AI & ML
2025,Köln,Nordrhein-Westfalen,mathematik,General,Numeracy,Both AI & ML
2025,Köln,Nordrhein-Westfalen,modellierung,Decision Making and Analytical,DecisionMaking,Both AI & ML
2025,Köln,Nordrhein-Westfalen,machine learning,Statistics and Data,DataMining,Both AI & ML
2025,Köln,Nordrhein-Westfalen,deutsch,General,ForeignLanguage,Both AI & ML
2025,Köln,Nordrhein-Westfalen,analytisch,Decision Making and Analytical,Analytical,Both AI & ML
2025,Nürnberg,Bayern,modellierung,Decision Making and Analytical,DecisionMaking,Both AI & ML
2025,Nürnberg,Bayern,implementierung,Decision Making and Analytical,DecisionMaking,Both AI & ML
2025,Nürnberg,Bayern,recherche,General,Research,Both AI & ML
2025,Nürnberg,Bayern,dokumentation,Decision Making and Analytical,MSOffice,Both AI & ML
2025,Berlin,Berlin,mlops,MLOps,Core,Both AI & ML
2025,Berlin,Berlin,mlops,MLOps,Core,Both AI & ML
2025,Berlin,Berlin,mlops,MLOps,Core,Both AI & ML
2025,Berlin,Berlin,machine learning,Statistics and Data,DataMining,Both AI & ML
2025,Berlin,Berlin,datadrift,MLOps,Evaluation,Both AI & ML
2025,Berlin,Berlin,zusammenarbeit,Decision Making and Analytical,Interpersonal,Both AI & ML
2025,Berlin,Berlin,mlops,MLOps,Core,Both AI & ML
2025,Berlin,Berlin,docker,MLOps,Tools,Both AI & ML
2025,Berlin,Berlin,kubernetes,MLOps,Tools,Both AI & ML
2025,Berlin,Berlin,mlops,MLOps,Core,Both AI & ML
2025,Berlin,Berlin,fastapi,Generative AI,Serving,Both AI & ML
2025,Bad Waldsee,Baden-Württemberg,kommunikation,Decision Making and Analytical,MSOffice,Both AI & ML
2025,Bad Waldsee,Baden-Württemberg,analyse,Decision Making and Analytical,DecisionMaking,Both AI & ML
2025,Bad Waldsee,Baden-Württemberg,machine learning,Statistics and Data,DataMining,Both AI & ML
2025,Bad Waldsee,Baden-Württemberg,datawarehouse,Statistics and Data,StructuredData,Both AI & ML
2025,Bad Waldsee,Baden-Württemberg,mathematik,General,Numeracy,Both AI & ML
2025,Bad Waldsee,Baden-Württemberg,programmierung,Occupational Attributes,Programming,Both AI & ML
2025,Düsseldorf,Nordrhein-Westfalen,communication,Decision Making and Analytical,MSOffice,Both AI & ML
2025,Düsseldorf,Nordrhein-Westfalen,german,General,ForeignLanguage,Both AI & ML
2025,Düsseldorf,Nordrhein-Westfalen,english,General,ForeignLanguage,Both AI & ML
2025,Düsseldorf,Nordrhein-Westfalen,analytical,Decision Making and Analytical,DecisionMaking,Both AI & ML
2025,Düsseldorf,Nordrhein-Westfalen,tableau,Occupational Attributes,Visualization,Both AI & ML
2025,Düsseldorf,Nordrhein-Westfalen,powerbi,Occupational Attributes,Visualization,Both AI & ML
2025,Düsseldorf,Nordrhein-Westfalen,sql,Statistics and Data,StructuredData,Both AI & ML
2025,Düsseldorf,Nordrhein-Westfalen,mysql,Statistics and Data,StructuredData,Both AI & ML
2025,Düsseldorf,Nordrhein-Westfalen,redshift,Cloud Platforms,AWS,Both AI & ML
2025,Düsseldorf,Nordrhein-Westfalen,python,Occupational Attributes,Programming,Both AI & ML
2025,Düsseldorf,Nordrhein-Westfalen,sql,Statistics and Data,StructuredData,Both AI & ML
2025,Düsseldorf,Nordrhein-Westfalen,presentation,Communication,Presentation,Both AI & ML
2025,Unterschleißheim,Bayern,analyse,Decision Making and Analytical,DecisionMaking,Both AI & ML
2025,Unterschleißheim,Bayern,machine learning,Statistics and Data,DataMining,Both AI & ML
2025,Unterschleißheim,Bayern,zusammenarbeit,Decision Making and Analytical,Interpersonal,Both AI & ML
2025,Unterschleißheim,Bayern,deutsch,General,ForeignLanguage,Both AI & ML
2025,Unterschleißheim,Bayern,python,Occupational Attributes,Programming,Both AI & ML
2025,Unterschleißheim,Bayern,machine learning,Statistics and Data,DataMining,Both AI & ML
2025,Erlangen,Bayern,datenplattform,Statistics and Data,BigData,Both AI & ML
2025,Erlangen,Bayern,analyse,Decision Making and Analytical,DecisionMaking,Both AI & ML
2025,Erlangen,Bayern,statistik,Statistics and Data,Statistics,Both AI & ML
2025,Erlangen,Bayern,mathematik,General,Numeracy,Both AI & ML
2025,Erlangen,Bayern,statistik,Statistics and Data,Statistics,Both AI & ML
2025,Erlangen,Bayern,python,Occupational Attributes,Programming,Both AI & ML
2025,Erlangen,Bayern,pandas,Statistics and Data,Statistics,Both AI & ML
2025,Erlangen,Bayern,analyse,Decision Making and Analytical,DecisionMaking,Both AI & ML
2025,Erlangen,Bayern,sql,Statistics and Data,StructuredData,Both AI & ML
2025,Erlangen,Bayern,deutsch,General,ForeignLanguage,Both AI & ML
2025,Aachen,Nordrhein-Westfalen,programmieren,Occupational Attributes,Programming,Both AI & ML
2025,Aachen,Nordrhein-Westfalen,zusammenarbeit,Decision Making and Analytical,Interpersonal,Both AI & ML
2025,Aachen,Nordrhein-Westfalen,modellierung,Decision Making and Analytical,DecisionMaking,Both AI & ML
2025,Aachen,Nordrhein-Westfalen,implementierung,Decision Making and Analytical,DecisionMaking,Both AI & ML
2025,Erlangen,Bayern,azure,Cloud Platforms,Azure,Both AI & ML
2025,Erlangen,Bayern,azure,Cloud Platforms,Azure,Both AI & ML
2025,Erlangen,Bayern,architecture,Occupational Attributes,Hardware,Both AI & ML
2025,Erlangen,Bayern,azure,Cloud Platforms,Azure,Both AI & ML
2025,Erlangen,Bayern,reliable,Employee Attributes,Other,Both AI & ML
2025,Erlangen,Bayern,azure,Cloud Platforms,Azure,Both AI & ML
2025,Erlangen,Bayern,azure,Cloud Platforms,Azure,Both AI & ML
2025,Erlangen,Bayern,azure,Cloud Platforms,Azure,Both AI & ML
2025,Erlangen,Bayern,machine learning,Statistics and Data,DataMining,Both AI & ML
2025,Erlangen,Bayern,azure,Cloud Platforms,Azure,Both AI & ML
2025,Erlangen,Bayern,openai,Generative AI,Tools,Both AI & ML
2025,Erlangen,Bayern,azure,Cloud Platforms,Azure,Both AI & ML
2025,Erlangen,Bayern,azure,Cloud Platforms,Azure,Both AI & ML
2025,Erlangen,Bayern,scaling,Generative AI,Serving,Both AI & ML
2025,Erlangen,Bayern,azure,Cloud Platforms,Azure,Both AI & ML
2025,Erlangen,Bayern,architecture,Occupational Attributes,Hardware,Both AI & ML
2025,,Nordrhein-Westfalen,programmieren,Occupational Attributes,Programming,Both AI & ML
2025,,Nordrhein-Westfalen,javascript,Occupational Attributes,Programming,Both AI & ML
2025,,Nordrhein-Westfalen,sql,Statistics and Data,StructuredData,Both AI & ML
2025,,Nordrhein-Westfalen,mysql,Statistics and Data,StructuredData,Both AI & ML
2025,,Nordrhein-Westfalen,rag,Generative AI,Techniques,Both AI & ML
2025,,Nordrhein-Westfalen,pgvector,Generative AI,VectorRetrieval,Both AI & ML
2025,,Nordrhein-Westfalen,pinecone,Generative AI,VectorRetrieval,Both AI & ML
2025,,Nordrhein-Westfalen,llm,Generative AI,LLM,Both AI & ML
2025,,Nordrhein-Westfalen,design,Decision Making and Analytical,DecisionMaking,Both AI & ML
2025,,Nordrhein-Westfalen,guardrails,Generative AI,EvaluationMonitoring,Both AI & ML
2025,Niedernhall,Baden-Württemberg,implementierung,Decision Making and Analytical,DecisionMaking,Both AI & ML
2025,Niedernhall,Baden-Württemberg,machine learning,Statistics and Data,DataMining,Both AI & ML
2025,Niedernhall,Baden-Württemberg,nlp,Specialized ML,NLP,Both AI & ML
2025,Niedernhall,Baden-Württemberg,machine learning,Statistics and Data,DataMining,Both AI & ML
2025,Niedernhall,Baden-Württemberg,nlp,Specialized ML,NLP,Both AI & ML
2025,Niedernhall,Baden-Württemberg,deutsch,General,ForeignLanguage,Both AI & ML
2025,Niedernhall,Baden-Württemberg,englisch,General,ForeignLanguage,Both AI & ML
2025,Berlin,Berlin,zusammenarbeit,Decision Making and Analytical,Interpersonal,Both AI & ML
2025,Berlin,Berlin,ray,Generative AI,Serving,Both AI & ML
2025,Berlin,Berlin,zusammenarbeit,Decision Making and Analytical,Interpersonal,Both AI & ML
2025,Berlin,Berlin,dokumentation,Decision Making and Analytical,MSOffice,Both AI & ML
2025,Berlin,Berlin,präsentation,Communication,Presentation,Both AI & ML
2025,Berlin,Berlin,systemarchitektur,Occupational Attributes,Hardware,Both AI & ML
2025,Berlin,Berlin,python,Occupational Attributes,Programming,Both AI & ML
2025,Berlin,Berlin,sql,Statistics and Data,StructuredData,Both AI & ML
2025,Berlin,Berlin,postgresql,Statistics and Data,StructuredData,Both AI & ML
2025,Berlin,Berlin,airflow,MLOps,Tools,Both AI & ML
2025,Hamburg,Hamburg,testing,Decision Making and Analytical,DecisionMaking,Both AI & ML
2025,Hamburg,Hamburg,implementation,Decision Making and Analytical,DecisionMaking,Both AI & ML
2025,Hamburg,Hamburg,analysis,Decision Making and Analytical,DecisionMaking,Both AI & ML
2025,Hamburg,Hamburg,machine learning,Statistics and Data,DataMining,Both AI & ML
2025,Hamburg,Hamburg,implementation,Decision Making and Analytical,DecisionMaking,Both AI & ML
2025,Hamburg,Hamburg,proactive,Employee Attributes,Other,Both AI & ML
2025,Hamburg,Hamburg,cooperation,Decision Making and Analytical,Interpersonal,Both AI & ML
2025,Hamburg,Hamburg,implementation,Decision Making and Analytical,DecisionMaking,Both AI & ML
2025,Hamburg,Hamburg,machine learning,Statistics and Data,DataMining,Both AI & ML
2025,Hamburg,Hamburg,implementation,Decision Making and Analytical,DecisionMaking,Both AI & ML
2025,Hamburg,Hamburg,scaling,Generative AI,Serving,Both AI & ML
2025,Hamburg,Hamburg,python,Occupational Attributes,Programming,Both AI & ML
2025,Hamburg,Hamburg,machine learning,Statistics and Data,DataMining,Both AI & ML
2025,Hamburg,Hamburg,analytical,Decision Making and Analytical,DecisionMaking,Both AI & ML
2025,Hamburg,Hamburg,communication,Decision Making and Analytical,MSOffice,Both AI & ML
2025,,Rheinland-Pfalz,analysis,Decision Making and Analytical,DecisionMaking,Both AI & ML
2025,,Rheinland-Pfalz,crm,Occupational Attributes,EnterpriseSystem,Both AI & ML
2025,Forchheim,Bayern,c #,Occupational Attributes,Programming,Both AI & ML
2025,Forchheim,Bayern,zusammenarbeit,Decision Making and Analytical,Interpersonal,Both AI & ML
2025,Forchheim,Bayern,machine learning,Statistics and Data,DataMining,Both AI & ML
2025,Forchheim,Bayern,verantwortlich,Communication,Generic,Both AI & ML
2025,Forchheim,Bayern,c #,Occupational Attributes,Programming,Both AI & ML
2025,Forchheim,Bayern,c #,Occupational Attributes,Programming,Both AI & ML
2025,Forchheim,Bayern,azure,Cloud Platforms,Azure,Both AI & ML
2025,Forchheim,Bayern,deutsch,General,ForeignLanguage,Both AI & ML
2025,München,Bayern,implementierung,Decision Making and Analytical,DecisionMaking,Both AI & ML
2025,München,Bayern,programmierung,Occupational Attributes,Programming,Both AI & ML
2025,München,Bayern,python,Occupational Attributes,Programming,Both AI & ML
2025,München,Bayern,machine learning,Statistics and Data,DataMining,Both AI & ML
2025,München,Bayern,deutsch,General,ForeignLanguage,Both AI & ML
2025,Köln,Nordrhein-Westfalen,python,Occupational Attributes,Programming,Both AI & ML
2025,Köln,Nordrhein-Westfalen,machine learning,Statistics and Data,DataMining,Both AI & ML
2025,Köln,Nordrhein-Westfalen,documentation,Decision Making and Analytical,MSOffice,Both AI & ML
2025,Köln,Nordrhein-Westfalen,scheduling,Data Engineering,Orchestration,Both AI & ML
2025,Köln,Nordrhein-Westfalen,documentation,Decision Making and Analytical,MSOffice,Both AI & ML
2025,Köln,Nordrhein-Westfalen,python,Occupational Attributes,Programming,Both AI & ML
2025,Köln,Nordrhein-Westfalen,gcp,Cloud Platforms,GCP,Both AI & ML
2025,Köln,Nordrhein-Westfalen,aws,Cloud Platforms,AWS,Both AI & ML
2025,Köln,Nordrhein-Westfalen,azure,Cloud Platforms,Azure,Both AI & ML
2025,Köln,Nordrhein-Westfalen,design,Decision Making and Analytical,DecisionMaking,Both AI & ML
2025,Köln,Nordrhein-Westfalen,testing,Decision Making and Analytical,DecisionMaking,Both AI & ML
2025,Köln,Nordrhein-Westfalen,motivated,Employee Attributes,Motivation,Both AI & ML
2025,Köln,Nordrhein-Westfalen,python,Occupational Attributes,Programming,Both AI & ML
2025,Köln,Nordrhein-Westfalen,machine learning,Statistics and Data,DataMining,Both AI & ML
2025,Köln,Nordrhein-Westfalen,gcp,Cloud Platforms,GCP,Both AI & ML
2025,Köln,Nordrhein-Westfalen,aws,Cloud Platforms,AWS,Both AI & ML
2025,Köln,Nordrhein-Westfalen,azure,Cloud Platforms,Azure,Both AI & ML
2025,Köln,Nordrhein-Westfalen,motivated,Employee Attributes,Motivation,Both AI & ML
2025,Nürnberg,Bayern,mathematik,General,Numeracy,Both AI & ML
2025,Nürnberg,Bayern,eigenverantwortlich,Employee Attributes,Attitude,Both AI & ML
2025,Nürnberg,Bayern,netzwerk,Occupational Attributes,Networks,Both AI & ML
2025,Düsseldorf,Nordrhein-Westfalen,machine learning,Statistics and Data,DataMining,Both AI & ML
2025,Düsseldorf,Nordrhein-Westfalen,machine learning,Statistics and Data,DataMining,Both AI & ML
2025,Düsseldorf,Nordrhein-Westfalen,modeling,Decision Making and Analytical,DecisionMaking,Both AI & ML
2025,Düsseldorf,Nordrhein-Westfalen,machine learning,Statistics and Data,DataMining,Both AI & ML
2025,Düsseldorf,Nordrhein-Westfalen,machine learning,Statistics and Data,DataMining,Both AI & ML
2025,Düsseldorf,Nordrhein-Westfalen,machine learning,Statistics and Data,DataMining,Both AI & ML
2025,Düsseldorf,Nordrhein-Westfalen,python,Occupational Attributes,Programming,Both AI & ML
2025,Düsseldorf,Nordrhein-Westfalen,docker,MLOps,Tools,Both AI & ML
2025,Düsseldorf,Nordrhein-Westfalen,docker,MLOps,Tools,Both AI & ML
2025,Düsseldorf,Nordrhein-Westfalen,english,General,ForeignLanguage,Both AI & ML
2025,Düsseldorf,Nordrhein-Westfalen,german,General,ForeignLanguage,Both AI & ML
2025,Düsseldorf,Nordrhein-Westfalen,collaboration,Decision Making and Analytical,Interpersonal,Both AI & ML
2025,Düsseldorf,Nordrhein-Westfalen,design,Decision Making and Analytical,DecisionMaking,Both AI & ML
2025,Düsseldorf,Nordrhein-Westfalen,flexible,Employee Attributes,Adaptability,Both AI & ML
2025,Ismaning,Bayern,verantwortlich,Communication,Generic,Both AI & ML
2025,Ismaning,Bayern,prediction,Statistics and Data,DataMining,Both AI & ML
2025,Ismaning,Bayern,planung,Data Engineering,Orchestration,Both AI & ML
2025,Ismaning,Bayern,zusammenarbeit,Decision Making and Analytical,Interpersonal,Both AI & ML
2025,Ismaning,Bayern,implementierung,Decision Making and Analytical,DecisionMaking,Both AI & ML
2025,Ismaning,Bayern,netzwerke,Occupational Attributes,Networks,Both AI & ML
2025,Ismaning,Bayern,deutsch,General,ForeignLanguage,Both AI & ML
2025,Hamburg,Hamburg,analysis,Decision Making and Analytical,DecisionMaking,Both AI & ML
2025,Hamburg,Hamburg,analysis,Decision Making and Analytical,DecisionMaking,Both AI & ML
2025,Hamburg,Hamburg,machine learning,Statistics and Data,DataMining,Both AI & ML
2025,Hamburg,Hamburg,design,Decision Making and Analytical,DecisionMaking,Both AI & ML
2025,Hamburg,Hamburg,machine learning,Statistics and Data,DataMining,Both AI & ML
2025,Hamburg,Hamburg,testing,Decision Making and Analytical,DecisionMaking,Both AI & ML
2025,Hamburg,Hamburg,design,Decision Making and Analytical,DecisionMaking,Both AI & ML
2025,Hamburg,Hamburg,integration,Occupational Attributes,EnterpriseSystem,Both AI & ML
2025,Hamburg,Hamburg,collaboration,Decision Making and Analytical,Interpersonal,Both AI & ML
2025,Hamburg,Hamburg,machine learning,Statistics and Data,DataMining,Both AI & ML
2025,Hamburg,Hamburg,spark,Statistics and Data,BigData,Both AI & ML
2025,Hamburg,Hamburg,databricks,MLOps,Platforms,Both AI & ML
2025,Hamburg,Hamburg,sql,Statistics and Data,StructuredData,Both AI & ML
2025,Hamburg,Hamburg,testing,Decision Making and Analytical,DecisionMaking,Both AI & ML
2025,Hamburg,Hamburg,modeling,Decision Making and Analytical,DecisionMaking,Both AI & ML
2025,Hamburg,Hamburg,forecasting,Statistics and Data,DataMining,Both AI & ML
2025,Berlin,Berlin,machine learning,Statistics and Data,DataMining,Both AI & ML
2025,Berlin,Berlin,llm,Generative AI,LLM,Both AI & ML
2025,Berlin,Berlin,integration,Occupational Attributes,EnterpriseSystem,Both AI & ML
2025,Berlin,Berlin,llm,Generative AI,LLM,Both AI & ML
2025,Berlin,Berlin,mlops,MLOps,Core,Both AI & ML
2025,Berlin,Berlin,aws,Cloud Platforms,AWS,Both AI & ML
2025,Berlin,Berlin,collaboration,Decision Making and Analytical,Interpersonal,Both AI & ML
2025,Berlin,Berlin,proactive,Employee Attributes,Other,Both AI & ML
2025,Berlin,Berlin,communication,Decision Making and Analytical,MSOffice,Both AI & ML
2025,Berlin,Berlin,competitive,Communication,Generic,Both AI & ML
2025,Berlin,Berlin,flexible,Employee Attributes,Adaptability,Both AI & ML
2025,Berlin,Berlin,planung,Data Engineering,Orchestration,Both AI & ML
2025,Berlin,Berlin,kommunikation,Decision Making and Analytical,MSOffice,Both AI & ML
2025,Köln,Nordrhein-Westfalen,python,Occupational Attributes,Programming,Both AI & ML
2025,Köln,Nordrhein-Westfalen,machine learning,Statistics and Data,DataMining,Both AI & ML
2025,Köln,Nordrhein-Westfalen,documentation,Decision Making and Analytical,MSOffice,Both AI & ML
2025,Köln,Nordrhein-Westfalen,scheduling,Data Engineering,Orchestration,Both AI & ML
2025,Köln,Nordrhein-Westfalen,documentation,Decision Making and Analytical,MSOffice,Both AI & ML
2025,Köln,Nordrhein-Westfalen,python,Occupational Attributes,Programming,Both AI & ML
2025,Köln,Nordrhein-Westfalen,gcp,Cloud Platforms,GCP,Both AI & ML
2025,Köln,Nordrhein-Westfalen,aws,Cloud Platforms,AWS,Both AI & ML
2025,Köln,Nordrhein-Westfalen,azure,Cloud Platforms,Azure,Both AI & ML
2025,Köln,Nordrhein-Westfalen,design,Decision Making and Analytical,DecisionMaking,Both AI & ML
2025,Köln,Nordrhein-Westfalen,testing,Decision Making and Analytical,DecisionMaking,Both AI & ML
2025,Köln,Nordrhein-Westfalen,motivated,Employee Attributes,Motivation,Both AI & ML
2025,Köln,Nordrhein-Westfalen,python,Occupational Attributes,Programming,Both AI & ML
2025,Köln,Nordrhein-Westfalen,machine learning,Statistics and Data,DataMining,Both AI & ML
2025,Köln,Nordrhein-Westfalen,gcp,Cloud Platforms,GCP,Both AI & ML
2025,Köln,Nordrhein-Westfalen,aws,Cloud Platforms,AWS,Both AI & ML
2025,Köln,Nordrhein-Westfalen,azure,Cloud Platforms,Azure,Both AI & ML
2025,Köln,Nordrhein-Westfalen,motivated,Employee Attributes,Motivation,Both AI & ML
2025,Köln,Nordrhein-Westfalen,analysis,Decision Making and Analytical,DecisionMaking,Both AI & ML
2025,Köln,Nordrhein-Westfalen,design,Decision Making and Analytical,DecisionMaking,Both AI & ML
2025,Köln,Nordrhein-Westfalen,design,Decision Making and Analytical,DecisionMaking,Both AI & ML
2025,Köln,Nordrhein-Westfalen,design,Decision Making and Analytical,DecisionMaking,Both AI & ML
2025,Köln,Nordrhein-Westfalen,design,Decision Making and Analytical,DecisionMaking,Both AI & ML
2025,Köln,Nordrhein-Westfalen,llm,Generative AI,LLM,Both AI & ML
2025,Köln,Nordrhein-Westfalen,statistics,Statistics and Data,Statistics,Both AI & ML
2025,Köln,Nordrhein-Westfalen,analytical,Decision Making and Analytical,DecisionMaking,Both AI & ML
2025,Köln,Nordrhein-Westfalen,motivated,Employee Attributes,Motivation,Both AI & ML
2025,Karlsruhe,Baden-Württemberg,machine learning,Statistics and Data,DataMining,Both AI & ML
2025,Karlsruhe,Baden-Württemberg,c + +,Occupational Attributes,Programming,Both AI & ML
2025,Karlsruhe,Baden-Württemberg,integration,Occupational Attributes,EnterpriseSystem,Both AI & ML
2025,Karlsruhe,Baden-Württemberg,machine learning,Statistics and Data,DataMining,Both AI & ML
2025,Karlsruhe,Baden-Württemberg,deutsch,General,ForeignLanguage,Both AI & ML
2025,München,Bayern,nlp,Specialized ML,NLP,Both AI & ML
2025,München,Bayern,analysis,Decision Making and Analytical,DecisionMaking,Both AI & ML
2025,München,Bayern,design,Decision Making and Analytical,DecisionMaking,Both AI & ML
2025,München,Bayern,proactive,Employee Attributes,Other,Both AI & ML
2025,München,Bayern,communication,Decision Making and Analytical,MSOffice,Both AI & ML
2025,München,Bayern,sql,Statistics and Data,StructuredData,Both AI & ML
2025,München,Bayern,python,Occupational Attributes,Programming,Both AI & ML
2025,München,Bayern,testing,Decision Making and Analytical,DecisionMaking,Both AI & ML
2025,München,Bayern,analysis,Decision Making and Analytical,DecisionMaking,Both AI & ML
2025,München,Bayern,machine learning,Statistics and Data,DataMining,Both AI & ML
2025,Frankfurt am Main,Hessen,planung,Data Engineering,Orchestration,Both AI & ML
2025,Frankfurt am Main,Hessen,implementierung,Decision Making and Analytical,DecisionMaking,Both AI & ML
2025,Frankfurt am Main,Hessen,integration,Occupational Attributes,EnterpriseSystem,Both AI & ML
2025,Frankfurt am Main,Hessen,verantwortlich,Communication,Generic,Both AI & ML
2025,Frankfurt am Main,Hessen,machine learning,Statistics and Data,DataMining,Both AI & ML
2025,Frankfurt am Main,Hessen,aws,Cloud Platforms,AWS,Both AI & ML
2025,Frankfurt am Main,Hessen,azure,Cloud Platforms,Azure,Both AI & ML
2025,Frankfurt am Main,Hessen,projektmanagement,Occupational Attributes,ProjectManagement,Both AI & ML
2025,Frankfurt am Main,Hessen,deutsch,General,ForeignLanguage,Both AI & ML
2025,Freiburg im Breisgau,Baden-Württemberg,verantwortlich,Communication,Generic,Both AI & ML
2025,Freiburg im Breisgau,Baden-Württemberg,architektur,Occupational Attributes,Hardware,Both AI & ML
2025,Freiburg im Breisgau,Baden-Württemberg,integration,Occupational Attributes,EnterpriseSystem,Both AI & ML
2025,Freiburg im Breisgau,Baden-Württemberg,architektur,Occupational Attributes,Hardware,Both AI & ML
2025,Freiburg im Breisgau,Baden-Württemberg,architektur,Occupational Attributes,Hardware,Both AI & ML
2025,Freiburg im Breisgau,Baden-Württemberg,aws,Cloud Platforms,AWS,Both AI & ML
2025,Freiburg im Breisgau,Baden-Württemberg,azure,Cloud Platforms,Azure,Both AI & ML
2025,Freiburg im Breisgau,Baden-Württemberg,deutsch,General,ForeignLanguage,Both AI & ML
2025,Hamburg,Hamburg,machine learning,Statistics and Data,DataMining,Both AI & ML
2025,Hamburg,Hamburg,motivated,Employee Attributes,Motivation,Both AI & ML
2025,Hamburg,Hamburg,present,Communication,Presentation,Both AI & ML
2025,Hamburg,Hamburg,competitive,Communication,Generic,Both AI & ML
2025,Hamburg,Hamburg,scaling,Generative AI,Serving,Both AI & ML
2025,Hamburg,Hamburg,machine learning,Statistics and Data,DataMining,Both AI & ML
2025,Hamburg,Hamburg,machine learning,Statistics and Data,DataMining,Both AI & ML
2025,Hamburg,Hamburg,analysis,Decision Making and Analytical,DecisionMaking,Both AI & ML
2025,Hamburg,Hamburg,design,Decision Making and Analytical,DecisionMaking,Both AI & ML
2025,Hamburg,Hamburg,machine learning,Statistics and Data,DataMining,Both AI & ML
2025,Hamburg,Hamburg,integration,Occupational Attributes,EnterpriseSystem,Both AI & ML
2025,Hamburg,Hamburg,testing,Decision Making and Analytical,DecisionMaking,Both AI & ML
2025,Frankfurt am Main,Hessen,nlp,Specialized ML,NLP,Both AI & ML
2025,Frankfurt am Main,Hessen,python,Occupational Attributes,Programming,Both AI & ML
2025,Frankfurt am Main,Hessen,nlp,Specialized ML,NLP,Both AI & ML
2025,Hamburg,Hamburg,analysis,Decision Making and Analytical,DecisionMaking,Both AI & ML
2025,Hamburg,Hamburg,analysis,Decision Making and Analytical,DecisionMaking,Both AI & ML
2025,Hamburg,Hamburg,machine learning,Statistics and Data,DataMining,Both AI & ML
2025,Hamburg,Hamburg,design,Decision Making and Analytical,DecisionMaking,Both AI & ML
2025,Hamburg,Hamburg,machine learning,Statistics and Data,DataMining,Both AI & ML
2025,Hamburg,Hamburg,design,Decision Making and Analytical,DecisionMaking,Both AI & ML
2025,Hamburg,Hamburg,integration,Occupational Attributes,EnterpriseSystem,Both AI & ML
2025,Hamburg,Hamburg,collaboration,Decision Making and Analytical,Interpersonal,Both AI & ML
2025,Hamburg,Hamburg,machine learning,Statistics and Data,DataMining,Both AI & ML
2025,Hamburg,Hamburg,spark,Statistics and Data,BigData,Both AI & ML
2025,Hamburg,Hamburg,databricks,MLOps,Platforms,Both AI & ML
2025,Hamburg,Hamburg,sql,Statistics and Data,StructuredData,Both AI & ML
2025,Hamburg,Hamburg,testing,Decision Making and Analytical,DecisionMaking,Both AI & ML
2025,Hamburg,Hamburg,modeling,Decision Making and Analytical,DecisionMaking,Both AI & ML
2025,Hamburg,Hamburg,forecasting,Statistics and Data,DataMining,Both AI & ML
2025,Berlin,Berlin,machine learning,Statistics and Data,DataMining,Both AI & ML
2025,Berlin,Berlin,machine learning,Statistics and Data,DataMining,Both AI & ML
2025,Berlin,Berlin,machine learning,Statistics and Data,DataMining,Both AI & ML
2025,Berlin,Berlin,machine learning,Statistics and Data,DataMining,Both AI & ML
2025,Berlin,Berlin,machine learning,Statistics and Data,DataMining,Both AI & ML
2025,Berlin,Berlin,probability,Statistics and Data,Statistics,Both AI & ML
2025,Berlin,Berlin,regression,Statistics and Data,Statistics,Both AI & ML
2025,Berlin,Berlin,python,Occupational Attributes,Programming,Both AI & ML
2025,Berlin,Berlin,sql,Statistics and Data,StructuredData,Both AI & ML
2025,Berlin,Berlin,communication,Decision Making and Analytical,MSOffice,Both AI & ML
2025,Berlin,Berlin,present,Communication,Presentation,Both AI & ML
2025,Berlin,Berlin,design,Decision Making and Analytical,DecisionMaking,Both AI & ML
2025,Berlin,Berlin,scaling,Generative AI,Serving,Both AI & ML
2025,München,Bayern,design,Decision Making and Analytical,DecisionMaking,Both AI & ML
2025,München,Bayern,design,Decision Making and Analytical,DecisionMaking,Both AI & ML
2025,München,Bayern,transformers,Generative AI,Tools,Both AI & ML
2025,München,Bayern,hardware,Occupational Attributes,Hardware,Both AI & ML
2025,München,Bayern,python,Occupational Attributes,Programming,Both AI & ML
2025,Ulm,Baden-Württemberg,machine learning,Statistics and Data,DataMining,Both AI & ML
2025,Ulm,Baden-Württemberg,bildverarbeitung,Specialized ML,ComputerVision,Both AI & ML
2025,Ulm,Baden-Württemberg,bildverarbeitung,Specialized ML,ComputerVision,Both AI & ML
2025,Ulm,Baden-Württemberg,segmentierung,Specialized ML,ComputerVision,Both AI & ML
2025,Ulm,Baden-Württemberg,regression,Statistics and Data,Statistics,Both AI & ML
2025,Ulm,Baden-Württemberg,kommunikation,Decision Making and Analytical,MSOffice,Both AI & ML
2025,Ulm,Baden-Württemberg,bildverarbeitung,Specialized ML,ComputerVision,Both AI & ML
2025,Ulm,Baden-Württemberg,implementierung,Decision Making and Analytical,DecisionMaking,Both AI & ML
2025,Ulm,Baden-Württemberg,python,Occupational Attributes,Programming,Both AI & ML
2025,Ulm,Baden-Württemberg,opencv,Specialized ML,ComputerVision,Both AI & ML
2025,Köln,Nordrhein-Westfalen,java,Occupational Attributes,Programming,Both AI & ML
2025,Köln,Nordrhein-Westfalen,java,Occupational Attributes,Programming,Both AI & ML
2025,Köln,Nordrhein-Westfalen,integration,Occupational Attributes,EnterpriseSystem,Both AI & ML
2025,Köln,Nordrhein-Westfalen,python,Occupational Attributes,Programming,Both AI & ML
2025,Köln,Nordrhein-Westfalen,zusammenarbeit,Decision Making and Analytical,Interpersonal,Both AI & ML
2025,Köln,Nordrhein-Westfalen,machine learning,Statistics and Data,DataMining,Both AI & ML
2025,Köln,Nordrhein-Westfalen,nlp,Specialized ML,NLP,Both AI & ML
2025,Köln,Nordrhein-Westfalen,computer vision,Specialized ML,ComputerVision,Both AI & ML
2025,Köln,Nordrhein-Westfalen,java,Occupational Attributes,Programming,Both AI & ML
2025,Köln,Nordrhein-Westfalen,openai,Generative AI,Tools,Both AI & ML
2025,Köln,Nordrhein-Westfalen,aws,Cloud Platforms,AWS,Both AI & ML
2025,Köln,Nordrhein-Westfalen,azure,Cloud Platforms,Azure,Both AI & ML
2025,Köln,Nordrhein-Westfalen,gcp,Cloud Platforms,GCP,Both AI & ML
2025,Köln,Nordrhein-Westfalen,docker,MLOps,Tools,Both AI & ML
2025,Köln,Nordrhein-Westfalen,kubernetes,MLOps,Tools,Both AI & ML
2025,Göttingen,Niedersachsen,collaboration,Decision Making and Analytical,Interpersonal,Both AI & ML
2025,Göttingen,Niedersachsen,collaboration,Decision Making and Analytical,Interpersonal,Both AI & ML
2025,Göttingen,Niedersachsen,prediction,Statistics and Data,DataMining,Both AI & ML
2025,Göttingen,Niedersachsen,autonomous,Employee Attributes,Independence,Both AI & ML
2025,Göttingen,Niedersachsen,motivated,Employee Attributes,Motivation,Both AI & ML
2025,Göttingen,Niedersachsen,machine learning,Statistics and Data,DataMining,Both AI & ML
2025,Göttingen,Niedersachsen,design,Decision Making and Analytical,DecisionMaking,Both AI & ML
2025,Göttingen,Niedersachsen,hardware,Occupational Attributes,Hardware,Both AI & ML
2025,Göttingen,Niedersachsen,analysis,Decision Making and Analytical,DecisionMaking,Both AI & ML
2025,Göttingen,Niedersachsen,machine learning,Statistics and Data,DataMining,Both AI & ML
2025,Göttingen,Niedersachsen,motivated,Employee Attributes,Motivation,Both AI & ML
2025,Göttingen,Niedersachsen,python,Occupational Attributes,Programming,Both AI & ML
2025,Göttingen,Niedersachsen,c + +,Occupational Attributes,Programming,Both AI & ML
2025,Göttingen,Niedersachsen,english,General,ForeignLanguage,Both AI & ML
2025,Göttingen,Niedersachsen,german,General,ForeignLanguage,Both AI & ML
2025,Köln,Nordrhein-Westfalen,machine learning,Statistics and Data,DataMining,Both AI & ML
2025,Köln,Nordrhein-Westfalen,machine learning,Statistics and Data,DataMining,Both AI & ML
2025,Köln,Nordrhein-Westfalen,machine learning,Statistics and Data,DataMining,Both AI & ML
2025,Köln,Nordrhein-Westfalen,creative,Decision Making and Analytical,Creativity,Both AI & ML
2025,Köln,Nordrhein-Westfalen,design,Decision Making and Analytical,DecisionMaking,Both AI & ML
2025,Köln,Nordrhein-Westfalen,sagemaker,MLOps,Platforms,Both AI & ML
2025,Köln,Nordrhein-Westfalen,python,Occupational Attributes,Programming,Both AI & ML
2025,Köln,Nordrhein-Westfalen,java,Occupational Attributes,Programming,Both AI & ML
2025,Köln,Nordrhein-Westfalen,architecture,Occupational Attributes,Hardware,Both AI & ML
2025,Köln,Nordrhein-Westfalen,implementation,Decision Making and Analytical,DecisionMaking,Both AI & ML
2025,Köln,Nordrhein-Westfalen,machine learning,Statistics and Data,DataMining,Both AI & ML
2025,Köln,Nordrhein-Westfalen,machine learning,Statistics and Data,DataMining,Both AI & ML
2025,Köln,Nordrhein-Westfalen,python,Occupational Attributes,Programming,Both AI & ML
2025,Köln,Nordrhein-Westfalen,java,Occupational Attributes,Programming,Both AI & ML
2025,Köln,Nordrhein-Westfalen,machine learning,Statistics and Data,DataMining,Both AI & ML
2025,Köln,Nordrhein-Westfalen,analysis,Decision Making and Analytical,DecisionMaking,Both AI & ML
2025,Köln,Nordrhein-Westfalen,statistics,Statistics and Data,Statistics,Both AI & ML
2025,Köln,Nordrhein-Westfalen,pandas,Statistics and Data,Statistics,Both AI & ML
2025,Köln,Nordrhein-Westfalen,machine learning,Statistics and Data,DataMining,Both AI & ML
2025,Köln,Nordrhein-Westfalen,english,General,ForeignLanguage,Both AI & ML
2025,Köln,Nordrhein-Westfalen,verbal,Communication,Verbal,Both AI & ML
2025,Köln,Nordrhein-Westfalen,design,Decision Making and Analytical,DecisionMaking,Both AI & ML
2025,Frankfurt am Main,Hessen,design,Decision Making and Analytical,DecisionMaking,Both AI & ML
2025,Frankfurt am Main,Hessen,design,Decision Making and Analytical,DecisionMaking,Both AI & ML
2025,Frankfurt am Main,Hessen,machine learning,Statistics and Data,DataMining,Both AI & ML
2025,Frankfurt am Main,Hessen,responsible,Communication,Generic,Both AI & ML
2025,Frankfurt am Main,Hessen,modeling,Decision Making and Analytical,DecisionMaking,Both AI & ML
2025,Frankfurt am Main,Hessen,design,Decision Making and Analytical,DecisionMaking,Both AI & ML
2025,Frankfurt am Main,Hessen,calibration,MLOps,Evaluation,Both AI & ML
2025,Frankfurt am Main,Hessen,documentation,Decision Making and Analytical,MSOffice,Both AI & ML
2025,Frankfurt am Main,Hessen,implementation,Decision Making and Analytical,DecisionMaking,Both AI & ML
2025,Frankfurt am Main,Hessen,reporting,Decision Making and Analytical,DecisionMaking,Both AI & ML
2025,Frankfurt am Main,Hessen,analytical,Decision Making and Analytical,DecisionMaking,Both AI & ML
2025,Frankfurt am Main,Hessen,documentation,Decision Making and Analytical,MSOffice,Both AI & ML
2025,Düsseldorf,Nordrhein-Westfalen,datenanalyse,General,Research,ML
2025,Düsseldorf,Nordrhein-Westfalen,transparenz,Ethical and Responsible AI,EthicalAI,ML
2025,Düsseldorf,Nordrhein-Westfalen,datenanalyse,General,Research,ML
2025,Düsseldorf,Nordrhein-Westfalen,statistik,Statistics and Data,Statistics,ML
2025,Düsseldorf,Nordrhein-Westfalen,datenanalyse,General,Research,ML
2025,München,Bayern,machine learning,Statistics and Data,DataMining,Both AI & ML
2025,München,Bayern,machine learning,Statistics and Data,DataMining,Both AI & ML
2025,München,Bayern,design,Decision Making and Analytical,DecisionMaking,Both AI & ML
2025,München,Bayern,reliable,Employee Attributes,Other,Both AI & ML
2025,München,Bayern,architecture,Occupational Attributes,Hardware,Both AI & ML
2025,München,Bayern,design,Decision Making and Analytical,DecisionMaking,Both AI & ML
2025,München,Bayern,implementation,Decision Making and Analytical,DecisionMaking,Both AI & ML
2025,Heidelberg,Baden-Württemberg,sap,Occupational Attributes,EnterpriseSystem,ML
2025,Heidelberg,Baden-Württemberg,sap,Occupational Attributes,EnterpriseSystem,ML
2025,Heidelberg,Baden-Württemberg,sap,Occupational Attributes,EnterpriseSystem,ML
2025,Heidelberg,Baden-Württemberg,sap,Occupational Attributes,EnterpriseSystem,ML
2025,Heidelberg,Baden-Württemberg,sap,Occupational Attributes,EnterpriseSystem,ML
2025,Heidelberg,Baden-Württemberg,sap,Occupational Attributes,EnterpriseSystem,ML
2025,Heidelberg,Baden-Württemberg,machine learning,Statistics and Data,DataMining,ML
2025,Heidelberg,Baden-Württemberg,sap,Occupational Attributes,EnterpriseSystem,ML
2025,Heidelberg,Baden-Württemberg,sap,Occupational Attributes,EnterpriseSystem,ML
2025,Heidelberg,Baden-Württemberg,sap,Occupational Attributes,EnterpriseSystem,ML
2025,Heidelberg,Baden-Württemberg,integration,Occupational Attributes,EnterpriseSystem,ML
2025,Heidelberg,Baden-Württemberg,flexible,Employee Attributes,Adaptability,ML
2025,Heidelberg,Baden-Württemberg,sap,Occupational Attributes,EnterpriseSystem,ML
2025,Heidelberg,Baden-Württemberg,sap,Occupational Attributes,EnterpriseSystem,ML
2025,Heidelberg,Baden-Württemberg,sap,Occupational Attributes,EnterpriseSystem,ML
2025,Heidelberg,Baden-Württemberg,sap,Occupational Attributes,EnterpriseSystem,ML
2025,Berlin,Berlin,machine learning,Statistics and Data,DataMining,Both AI & ML
2025,Berlin,Berlin,machine learning,Statistics and Data,DataMining,Both AI & ML
2025,Berlin,Berlin,design,Decision Making and Analytical,DecisionMaking,Both AI & ML
2025,Berlin,Berlin,llm,Generative AI,LLM,Both AI & ML
2025,Berlin,Berlin,testing,Decision Making and Analytical,DecisionMaking,Both AI & ML
2025,Berlin,Berlin,llm,Generative AI,LLM,Both AI & ML
2025,Berlin,Berlin,python,Occupational Attributes,Programming,Both AI & ML
2025,Mannheim,Baden-Württemberg,datenanalyse,General,Research,Both AI & ML
2025,Mannheim,Baden-Württemberg,machine learning,Statistics and Data,DataMining,Both AI & ML
2025,Mannheim,Baden-Württemberg,hardware,Occupational Attributes,Hardware,Both AI & ML
2025,Mannheim,Baden-Württemberg,dokumentation,Decision Making and Analytical,MSOffice,Both AI & ML
2025,Pforzheim,Baden-Württemberg,machine learning,Statistics and Data,DataMining,Both AI & ML
2025,Pforzheim,Baden-Württemberg,zusammenarbeit,Decision Making and Analytical,Interpersonal,Both AI & ML
2025,Pforzheim,Baden-Württemberg,reporting,Decision Making and Analytical,DecisionMaking,Both AI & ML
2025,Pforzheim,Baden-Württemberg,analyse,Decision Making and Analytical,DecisionMaking,Both AI & ML
2025,Pforzheim,Baden-Württemberg,recherche,General,Research,Both AI & ML
2025,Berlin,Berlin,machine learning,Statistics and Data,DataMining,Both AI & ML
2025,Berlin,Berlin,machine learning,Statistics and Data,DataMining,Both AI & ML
2025,Berlin,Berlin,machine learning,Statistics and Data,DataMining,Both AI & ML
2025,Berlin,Berlin,translation,Specialized ML,NLP,Both AI & ML
2025,Berlin,Berlin,design,Decision Making and Analytical,DecisionMaking,Both AI & ML
2025,Berlin,Berlin,motivated,Employee Attributes,Motivation,Both AI & ML
2025,Berlin,Berlin,flexible,Employee Attributes,Adaptability,Both AI & ML
2025,Berlin,Berlin,collaboration,Decision Making and Analytical,Interpersonal,Both AI & ML
2025,Berlin,Berlin,flexible,Employee Attributes,Adaptability,Both AI & ML
2025,Berlin,Berlin,reporting,Decision Making and Analytical,DecisionMaking,Both AI & ML
2025,Berlin,Berlin,machine learning,Statistics and Data,DataMining,Both AI & ML
2025,Berlin,Berlin,design,Decision Making and Analytical,DecisionMaking,Both AI & ML
2025,Berlin,Berlin,machine learning,Statistics and Data,DataMining,Both AI & ML
2025,Berlin,Berlin,machine learning,Statistics and Data,DataMining,Both AI & ML
2025,Berlin,Berlin,architecture,Occupational Attributes,Hardware,Both AI & ML
2025,Berlin,Berlin,aws,Cloud Platforms,AWS,Both AI & ML
2025,Berlin,Berlin,azure,Cloud Platforms,Azure,Both AI & ML
2025,Berlin,Berlin,communication,Decision Making and Analytical,MSOffice,Both AI & ML
2025,Berlin,Berlin,collaboration,Decision Making and Analytical,Interpersonal,Both AI & ML
2025,Berlin,Berlin,analysis,Decision Making and Analytical,DecisionMaking,Both AI & ML
2025,Berlin,Berlin,visualization,Occupational Attributes,Visualization,Both AI & ML
2025,Köln,Nordrhein-Westfalen,transparenz,Ethical and Responsible AI,EthicalAI,Both AI & ML
2025,Köln,Nordrhein-Westfalen,machine learning,Statistics and Data,DataMining,Both AI & ML
2025,Köln,Nordrhein-Westfalen,prediction,Statistics and Data,DataMining,Both AI & ML
2025,Köln,Nordrhein-Westfalen,rag,Generative AI,Techniques,Both AI & ML
2025,Stuttgart,Baden-Württemberg,objekterkennung,Specialized ML,ComputerVision,Both AI & ML
2025,Stuttgart,Baden-Württemberg,hardware,Occupational Attributes,Hardware,Both AI & ML
2025,Stuttgart,Baden-Württemberg,machine learning,Statistics and Data,DataMining,Both AI & ML
2025,Stuttgart,Baden-Württemberg,implementierung,Decision Making and Analytical,DecisionMaking,Both AI & ML
2025,Stuttgart,Baden-Württemberg,zusammenarbeit,Decision Making and Analytical,Interpersonal,Both AI & ML
2025,Stuttgart,Baden-Württemberg,integration,Occupational Attributes,EnterpriseSystem,Both AI & ML
2025,Stuttgart,Baden-Württemberg,hardware,Occupational Attributes,Hardware,Both AI & ML
2025,Stuttgart,Baden-Württemberg,python,Occupational Attributes,Programming,Both AI & ML
2025,Stuttgart,Baden-Württemberg,c + +,Occupational Attributes,Programming,Both AI & ML
2025,Stuttgart,Baden-Württemberg,bildsegmentierung,Generative AI,Multimodal,Both AI & ML
2025,Stuttgart,Baden-Württemberg,hardware,Occupational Attributes,Hardware,Both AI & ML
2025,Hannover,Niedersachsen,machine learning,Statistics and Data,DataMining,Both AI & ML
2025,Hannover,Niedersachsen,python,Occupational Attributes,Programming,Both AI & ML
2025,Hannover,Niedersachsen,azure,Cloud Platforms,Azure,Both AI & ML
2025,Hannover,Niedersachsen,azure,Cloud Platforms,Azure,Both AI & ML
2025,Hannover,Niedersachsen,machine learning,Statistics and Data,DataMining,Both AI & ML
2025,Hannover,Niedersachsen,mathematik,General,Numeracy,Both AI & ML
2025,Hannover,Niedersachsen,statistik,Statistics and Data,Statistics,Both AI & ML
2025,Hannover,Niedersachsen,python,Occupational Attributes,Programming,Both AI & ML
2025,Hannover,Niedersachsen,statistik,Statistics and Data,Statistics,Both AI & ML
2025,Hannover,Niedersachsen,kommunikation,Decision Making and Analytical,MSOffice,Both AI & ML
2025,Hannover,Niedersachsen,englisch,General,ForeignLanguage,Both AI & ML
2025,Dortmund,Nordrhein-Westfalen,machine learning,Statistics and Data,DataMining,Both AI & ML
2025,Dortmund,Nordrhein-Westfalen,mlops,MLOps,Core,Both AI & ML
2025,Dortmund,Nordrhein-Westfalen,integration,Occupational Attributes,EnterpriseSystem,Both AI & ML
2025,Dortmund,Nordrhein-Westfalen,dokumentation,Decision Making and Analytical,MSOffice,Both AI & ML
2025,Dortmund,Nordrhein-Westfalen,python,Occupational Attributes,Programming,Both AI & ML
2025,Dortmund,Nordrhein-Westfalen,docker,MLOps,Tools,Both AI & ML
2025,Dortmund,Nordrhein-Westfalen,deutsch,General,ForeignLanguage,Both AI & ML
2025,Dortmund,Nordrhein-Westfalen,englisch,General,ForeignLanguage,Both AI & ML
2025,Frankfurt am Main,Hessen,nlp,Specialized ML,NLP,Both AI & ML
2025,Frankfurt am Main,Hessen,python,Occupational Attributes,Programming,Both AI & ML
2025,Frankfurt am Main,Hessen,mathematik,General,Numeracy,Both AI & ML
2025,Frankfurt am Main,Hessen,python,Occupational Attributes,Programming,Both AI & ML
2025,Frankfurt am Main,Hessen,nlp,Specialized ML,NLP,Both AI & ML
2025,Frankfurt am Main,Hessen,deutsch,General,ForeignLanguage,Both AI & ML
2025,Coburg,Bayern,machine learning,Statistics and Data,DataMining,Both AI & ML
2025,Coburg,Bayern,kommunikation,Decision Making and Analytical,MSOffice,Both AI & ML
2025,Coburg,Bayern,kommunikation,Decision Making and Analytical,MSOffice,Both AI & ML
2025,Coburg,Bayern,implementierung,Decision Making and Analytical,DecisionMaking,Both AI & ML
2025,Coburg,Bayern,machine learning,Statistics and Data,DataMining,Both AI & ML
2025,Coburg,Bayern,mathematik,General,Numeracy,Both AI & ML
2025,München,Bayern,integration,Occupational Attributes,EnterpriseSystem,Both AI & ML
2025,München,Bayern,llm,Generative AI,LLM,Both AI & ML
2025,München,Bayern,llm,Generative AI,LLM,Both AI & ML
2025,München,Bayern,integration,Occupational Attributes,EnterpriseSystem,Both AI & ML
2025,München,Bayern,mathematik,General,Numeracy,Both AI & ML
2025,München,Bayern,eigenverantwortlich,Employee Attributes,Attitude,Both AI & ML
2025,München,Bayern,kommunikation,Decision Making and Analytical,MSOffice,Both AI & ML
2025,München,Bayern,machine learning,Statistics and Data,DataMining,Both AI & ML
2025,Stuttgart,Baden-Württemberg,objekterkennung,Specialized ML,ComputerVision,Both AI & ML
2025,Stuttgart,Baden-Württemberg,hardware,Occupational Attributes,Hardware,Both AI & ML
2025,Stuttgart,Baden-Württemberg,machine learning,Statistics and Data,DataMining,Both AI & ML
2025,Stuttgart,Baden-Württemberg,implementierung,Decision Making and Analytical,DecisionMaking,Both AI & ML
2025,Stuttgart,Baden-Württemberg,objekterkennung,Specialized ML,ComputerVision,Both AI & ML
2025,Stuttgart,Baden-Württemberg,python,Occupational Attributes,Programming,Both AI & ML
2025,Stuttgart,Baden-Württemberg,c + +,Occupational Attributes,Programming,Both AI & ML
2025,Stuttgart,Baden-Württemberg,openai,Generative AI,Tools,Both AI & ML
2025,Berlin,Berlin,machine learning,Statistics and Data,DataMining,Both AI & ML
2025,Berlin,Berlin,java,Occupational Attributes,Programming,Both AI & ML
2025,Berlin,Berlin,python,Occupational Attributes,Programming,Both AI & ML
2025,Berlin,Berlin,machine learning,Statistics and Data,DataMining,Both AI & ML
2025,Berlin,Berlin,aws,Cloud Platforms,AWS,Both AI & ML
2025,Berlin,Berlin,machine learning,Statistics and Data,DataMining,Both AI & ML
2025,Berlin,Berlin,aws,Cloud Platforms,AWS,Both AI & ML
2025,Berlin,Berlin,machine learning,Statistics and Data,DataMining,Both AI & ML
2025,Berlin,Berlin,aws,Cloud Platforms,AWS,Both AI & ML
2025,Berlin,Berlin,machine learning,Statistics and Data,DataMining,Both AI & ML
2025,Berlin,Berlin,modeling,Decision Making and Analytical,DecisionMaking,Both AI & ML
2025,Berlin,Berlin,modeling,Decision Making and Analytical,DecisionMaking,Both AI & ML
2025,Berlin,Berlin,design,Decision Making and Analytical,DecisionMaking,Both AI & ML
2025,Berlin,Berlin,aws,Cloud Platforms,AWS,Both AI & ML
2025,Berlin,Berlin,aws,Cloud Platforms,AWS,Both AI & ML
2025,Berlin,Berlin,aws,Cloud Platforms,AWS,Both AI & ML
2025,Berlin,Berlin,aws,Cloud Platforms,AWS,Both AI & ML
2025,Berlin,Berlin,aws,Cloud Platforms,AWS,Both AI & ML
2025,Stuttgart,Baden-Württemberg,objekterkennung,Specialized ML,ComputerVision,Both AI & ML
2025,Stuttgart,Baden-Württemberg,hardware,Occupational Attributes,Hardware,Both AI & ML
2025,Stuttgart,Baden-Württemberg,machine learning,Statistics and Data,DataMining,Both AI & ML
2025,Stuttgart,Baden-Württemberg,implementierung,Decision Making and Analytical,DecisionMaking,Both AI & ML
2025,München,Bayern,transformer,Generative AI,LLM,Both AI & ML
2025,München,Bayern,machine learning,Statistics and Data,DataMining,Both AI & ML
2025,München,Bayern,machine learning,Statistics and Data,DataMining,Both AI & ML
2025,München,Bayern,analytical,Decision Making and Analytical,DecisionMaking,Both AI & ML
2025,München,Bayern,machine learning,Statistics and Data,DataMining,Both AI & ML
2025,München,Bayern,machine learning,Statistics and Data,DataMining,Both AI & ML
2025,München,Bayern,huggingface,Generative AI,Tools,Both AI & ML
2025,München,Bayern,transformer,Generative AI,LLM,Both AI & ML
2025,München,Bayern,python,Occupational Attributes,Programming,Both AI & ML
2025,München,Bayern,transformer,Generative AI,LLM,Both AI & ML
2025,München,Bayern,english,General,ForeignLanguage,Both AI & ML
2025,München,Bayern,german,General,ForeignLanguage,Both AI & ML
2025,Köln,Nordrhein-Westfalen,implementierung,Decision Making and Analytical,DecisionMaking,Both AI & ML
2025,Köln,Nordrhein-Westfalen,implementierung,Decision Making and Analytical,DecisionMaking,Both AI & ML
2025,Köln,Nordrhein-Westfalen,analyse,Decision Making and Analytical,DecisionMaking,Both AI & ML
2025,Köln,Nordrhein-Westfalen,planung,Data Engineering,Orchestration,Both AI & ML
2025,Berlin,Berlin,machine learning,Statistics and Data,DataMining,Both AI & ML
2025,Berlin,Berlin,design,Decision Making and Analytical,DecisionMaking,Both AI & ML
2025,Berlin,Berlin,java,Occupational Attributes,Programming,Both AI & ML
2025,Berlin,Berlin,postgresql,Statistics and Data,StructuredData,Both AI & ML
2025,Berlin,Berlin,kafka,Data Engineering,IngestionStreaming,Both AI & ML
2025,Berlin,Berlin,kubernetes,MLOps,Tools,Both AI & ML
2025,Berlin,Berlin,java,Occupational Attributes,Programming,Both AI & ML
2025,Berlin,Berlin,integration,Occupational Attributes,EnterpriseSystem,Both AI & ML
2025,Berlin,Berlin,architecture,Occupational Attributes,Hardware,Both AI & ML
2025,Berlin,Berlin,design,Decision Making and Analytical,DecisionMaking,Both AI & ML
2025,Berlin,Berlin,testing,Decision Making and Analytical,DecisionMaking,Both AI & ML
2025,Berlin,Berlin,design,Decision Making and Analytical,DecisionMaking,Both AI & ML
2025,Dresden,Sachsen,statistics,Statistics and Data,Statistics,Both AI & ML
2025,Dresden,Sachsen,accuracy,Employee Attributes,DetailOriented,Both AI & ML
2025,Dresden,Sachsen,flexible,Employee Attributes,Adaptability,Both AI & ML
2025,Dresden,Sachsen,storage,Occupational Attributes,Hardware,Both AI & ML
2025,Dresden,Sachsen,python,Occupational Attributes,Programming,Both AI & ML
2025,Dresden,Sachsen,english,General,ForeignLanguage,Both AI & ML
2025,Frankfurt am Main,Hessen,design,Decision Making and Analytical,DecisionMaking,Both AI & ML
2025,Frankfurt am Main,Hessen,design,Decision Making and Analytical,DecisionMaking,Both AI & ML
2025,Frankfurt am Main,Hessen,design,Decision Making and Analytical,DecisionMaking,Both AI & ML
2025,Frankfurt am Main,Hessen,integration,Occupational Attributes,EnterpriseSystem,Both AI & ML
2025,Frankfurt am Main,Hessen,machine learning,Statistics and Data,DataMining,Both AI & ML
2025,Frankfurt am Main,Hessen,design,Decision Making and Analytical,DecisionMaking,Both AI & ML
2025,Frankfurt am Main,Hessen,design,Decision Making and Analytical,DecisionMaking,Both AI & ML
2025,Frankfurt am Main,Hessen,design,Decision Making and Analytical,DecisionMaking,Both AI & ML
2025,Frankfurt am Main,Hessen,design,Decision Making and Analytical,DecisionMaking,Both AI & ML
2025,Frankfurt am Main,Hessen,design,Decision Making and Analytical,DecisionMaking,Both AI & ML
2025,Frankfurt am Main,Hessen,design,Decision Making and Analytical,DecisionMaking,Both AI & ML
2025,Frankfurt am Main,Hessen,implementation,Decision Making and Analytical,DecisionMaking,Both AI & ML
2025,Frankfurt am Main,Hessen,design,Decision Making and Analytical,DecisionMaking,Both AI & ML
2025,Frankfurt am Main,Hessen,design,Decision Making and Analytical,DecisionMaking,Both AI & ML
2025,Frankfurt am Main,Hessen,design,Decision Making and Analytical,DecisionMaking,Both AI & ML
2025,Hamburg,Hamburg,independent,Employee Attributes,Independence,Both AI & ML
2025,Hamburg,Hamburg,machine learning,Statistics and Data,DataMining,Both AI & ML
2025,Hamburg,Hamburg,responsible,Communication,Generic,Both AI & ML
2025,Hamburg,Hamburg,collaboration,Decision Making and Analytical,Interpersonal,Both AI & ML
2025,Bremen,Bremen,analysis,Decision Making and Analytical,DecisionMaking,Both AI & ML
2025,Bremen,Bremen,precision,MLOps,Evaluation,Both AI & ML
2025,Bremen,Bremen,independent,Employee Attributes,Independence,Both AI & ML
2025,Bremen,Bremen,presentation,Communication,Presentation,Both AI & ML
2025,Bremen,Bremen,python,Occupational Attributes,Programming,Both AI & ML
2025,Bremen,Bremen,machine learning,Statistics and Data,DataMining,Both AI & ML
2025,Bremen,Bremen,cooperation,Decision Making and Analytical,Interpersonal,Both AI & ML
2025,Bremen,Bremen,flexible,Employee Attributes,Adaptability,Both AI & ML
2025,Berlin,Berlin,machine learning,Statistics and Data,DataMining,Both AI & ML
2025,Berlin,Berlin,python,Occupational Attributes,Programming,Both AI & ML
2025,Berlin,Berlin,sql,Statistics and Data,StructuredData,Both AI & ML
2025,Berlin,Berlin,mlops,MLOps,Core,Both AI & ML
2025,Berlin,Berlin,integration,Occupational Attributes,EnterpriseSystem,Both AI & ML
2025,Berlin,Berlin,documentation,Decision Making and Analytical,MSOffice,Both AI & ML
2025,Berlin,Berlin,communication,Decision Making and Analytical,MSOffice,Both AI & ML
2025,Berlin,Berlin,analytical,Decision Making and Analytical,DecisionMaking,Both AI & ML
2025,Berlin,Berlin,machine learning,Statistics and Data,DataMining,Both AI & ML
2025,Wiesbaden,Hessen,zusammenarbeit,Decision Making and Analytical,Interpersonal,Both AI & ML
2025,Wiesbaden,Hessen,präsentation,Communication,Presentation,Both AI & ML
2025,Wiesbaden,Hessen,machine learning,Statistics and Data,DataMining,Both AI & ML
2025,Wiesbaden,Hessen,analyse,Decision Making and Analytical,DecisionMaking,Both AI & ML
2025,Wiesbaden,Hessen,datenanalyse,General,Research,Both AI & ML
2025,Wiesbaden,Hessen,mathematik,General,Numeracy,Both AI & ML
2025,Wiesbaden,Hessen,statistik,Statistics and Data,Statistics,Both AI & ML
2025,Berlin,Berlin,design,Decision Making and Analytical,DecisionMaking,Both AI & ML
2025,Berlin,Berlin,machine learning,Statistics and Data,DataMining,Both AI & ML
2025,Berlin,Berlin,docker,MLOps,Tools,Both AI & ML
2025,Berlin,Berlin,kubernetes,MLOps,Tools,Both AI & ML
2025,Berlin,Berlin,integration,Occupational Attributes,EnterpriseSystem,Both AI & ML
2025,Berlin,Berlin,nlp,Specialized ML,NLP,Both AI & ML
2025,Berlin,Berlin,dokumentation,Decision Making and Analytical,MSOffice,Both AI & ML
2025,Berlin,Berlin,zusammenarbeit,Decision Making and Analytical,Interpersonal,Both AI & ML
2025,Berlin,Berlin,mathematik,General,Numeracy,Both AI & ML
2025,Berlin,Berlin,machine learning,Statistics and Data,DataMining,Both AI & ML
2025,Berlin,Berlin,python,Occupational Attributes,Programming,Both AI & ML
2025,Lüdenscheid,Nordrhein-Westfalen,erp,Occupational Attributes,EnterpriseSystem,Both AI & ML
2025,Lüdenscheid,Nordrhein-Westfalen,verantwortlich,Communication,Generic,Both AI & ML
2025,Lüdenscheid,Nordrhein-Westfalen,erp,Occupational Attributes,EnterpriseSystem,Both AI & ML
2025,Lüdenscheid,Nordrhein-Westfalen,implementierung,Decision Making and Analytical,DecisionMaking,Both AI & ML
2025,Lüdenscheid,Nordrhein-Westfalen,mathematik,General,Numeracy,Both AI & ML
2025,Lüdenscheid,Nordrhein-Westfalen,statistik,Statistics and Data,Statistics,Both AI & ML
2025,Lüdenscheid,Nordrhein-Westfalen,machine learning,Statistics and Data,DataMining,Both AI & ML
2025,Lüdenscheid,Nordrhein-Westfalen,erp,Occupational Attributes,EnterpriseSystem,Both AI & ML
2025,Lüdenscheid,Nordrhein-Westfalen,deutsch,General,ForeignLanguage,Both AI & ML
2025,Lüdenscheid,Nordrhein-Westfalen,englisch,General,ForeignLanguage,Both AI & ML
2025,Sindelfingen,Baden-Württemberg,design,Decision Making and Analytical,DecisionMaking,Both AI & ML
2025,Sindelfingen,Baden-Württemberg,python,Occupational Attributes,Programming,Both AI & ML
2025,Sindelfingen,Baden-Württemberg,machine learning,Statistics and Data,DataMining,Both AI & ML
2025,Sindelfingen,Baden-Württemberg,lora,Generative AI,Serving,Both AI & ML
2025,Sindelfingen,Baden-Württemberg,deutsch,General,ForeignLanguage,Both AI & ML
2025,Aachen,Nordrhein-Westfalen,integration,Occupational Attributes,EnterpriseSystem,Both AI & ML
2025,Aachen,Nordrhein-Westfalen,machine learning,Statistics and Data,DataMining,Both AI & ML
2025,Aachen,Nordrhein-Westfalen,analyse,Decision Making and Analytical,DecisionMaking,Both AI & ML
2025,Aachen,Nordrhein-Westfalen,normalisierung,MLOps,FeatureEngineering,Both AI & ML
2025,Aachen,Nordrhein-Westfalen,zusammenarbeit,Decision Making and Analytical,Interpersonal,Both AI & ML
2025,Aachen,Nordrhein-Westfalen,kommunikation,Decision Making and Analytical,MSOffice,Both AI & ML
2025,Aachen,Nordrhein-Westfalen,analyse,Decision Making and Analytical,DecisionMaking,Both AI & ML
2025,Aachen,Nordrhein-Westfalen,design,Decision Making and Analytical,DecisionMaking,Both AI & ML
2025,Aachen,Nordrhein-Westfalen,sql,Statistics and Data,StructuredData,Both AI & ML
2025,Berlin,Berlin,machine learning,Statistics and Data,DataMining,Both AI & ML
2025,Berlin,Berlin,analytical,Decision Making and Analytical,DecisionMaking,Both AI & ML
2025,Berlin,Berlin,nlp,Specialized ML,NLP,Both AI & ML
2025,Berlin,Berlin,transformer,Generative AI,LLM,Both AI & ML
2025,Berlin,Berlin,collaboration,Decision Making and Analytical,Interpersonal,Both AI & ML
2025,Berlin,Berlin,machine learning,Statistics and Data,DataMining,Both AI & ML
2025,Berlin,Berlin,machine learning,Statistics and Data,DataMining,Both AI & ML
2025,Berlin,Berlin,design,Decision Making and Analytical,DecisionMaking,Both AI & ML
2025,Berlin,Berlin,collaboration,Decision Making and Analytical,Interpersonal,Both AI & ML
2025,Berlin,Berlin,machine learning,Statistics and Data,DataMining,Both AI & ML
2025,Berlin,Berlin,testing,Decision Making and Analytical,DecisionMaking,Both AI & ML
2025,Berlin,Berlin,testing,Decision Making and Analytical,DecisionMaking,Both AI & ML
2025,Berlin,Berlin,machine learning,Statistics and Data,DataMining,Both AI & ML
2025,Berlin,Berlin,python,Occupational Attributes,Programming,Both AI & ML
2025,Berlin,Berlin,sql,Statistics and Data,StructuredData,Both AI & ML
2025,Berlin,Berlin,design,Decision Making and Analytical,DecisionMaking,Both AI & ML
2025,Nürnberg,Bayern,integration,Occupational Attributes,EnterpriseSystem,Both AI & ML
2025,Nürnberg,Bayern,analysis,Decision Making and Analytical,DecisionMaking,Both AI & ML
2025,Nürnberg,Bayern,communication,Decision Making and Analytical,MSOffice,Both AI & ML
2025,Nürnberg,Bayern,creative,Decision Making and Analytical,Creativity,Both AI & ML
2025,Nürnberg,Bayern,motivated,Employee Attributes,Motivation,Both AI & ML
2025,Sindelfingen,Baden-Württemberg,verantwortlich,Communication,Generic,Both AI & ML
2025,Sindelfingen,Baden-Württemberg,machine learning,Statistics and Data,DataMining,Both AI & ML
2025,Sindelfingen,Baden-Württemberg,python,Occupational Attributes,Programming,Both AI & ML
2025,Sindelfingen,Baden-Württemberg,databricks,MLOps,Platforms,Both AI & ML
2025,Sindelfingen,Baden-Württemberg,mlops,MLOps,Core,Both AI & ML
2025,Sindelfingen,Baden-Württemberg,integration,Occupational Attributes,EnterpriseSystem,Both AI & ML
2025,Sindelfingen,Baden-Württemberg,analyse,Decision Making and Analytical,DecisionMaking,Both AI & ML
2025,Sindelfingen,Baden-Württemberg,python,Occupational Attributes,Programming,Both AI & ML
2025,Sindelfingen,Baden-Württemberg,sql,Statistics and Data,StructuredData,Both AI & ML
2025,Sindelfingen,Baden-Württemberg,databricks,MLOps,Platforms,Both AI & ML
2025,Sindelfingen,Baden-Württemberg,deutsch,General,ForeignLanguage,Both AI & ML
2025,Berlin,Berlin,rag,Generative AI,Techniques,Both AI & ML
2025,Berlin,Berlin,rag,Generative AI,Techniques,Both AI & ML
2025,Berlin,Berlin,mlops,MLOps,Core,Both AI & ML
2025,Berlin,Berlin,zusammenarbeit,Decision Making and Analytical,Interpersonal,Both AI & ML
2025,Berlin,Berlin,zusammenarbeit,Decision Making and Analytical,Interpersonal,Both AI & ML
2025,Berlin,Berlin,mathematik,General,Numeracy,Both AI & ML
2025,Berlin,Berlin,machine learning,Statistics and Data,DataMining,Both AI & ML
2025,Berlin,Berlin,modellierung,Decision Making and Analytical,DecisionMaking,Both AI & ML
2025,Hannover,Niedersachsen,translation,Specialized ML,NLP,Both AI & ML
2025,Hannover,Niedersachsen,kooperation,Decision Making and Analytical,Interpersonal,Both AI & ML
2025,Hannover,Niedersachsen,selbstständig,Employee Attributes,Independence,Both AI & ML
2025,Hannover,Niedersachsen,segmentierung,Specialized ML,ComputerVision,Both AI & ML
2025,Hannover,Niedersachsen,analyse,Decision Making and Analytical,DecisionMaking,Both AI & ML
2025,Hannover,Niedersachsen,machine learning,Statistics and Data,DataMining,Both AI & ML
2025,Hannover,Niedersachsen,präsentation,Communication,Presentation,Both AI & ML
2025,Heidelberg,Baden-Württemberg,independent,Employee Attributes,Independence,Both AI & ML
2025,Heidelberg,Baden-Württemberg,creative,Decision Making and Analytical,Creativity,Both AI & ML
2025,Heidelberg,Baden-Württemberg,translation,Specialized ML,NLP,Both AI & ML
2025,Heidelberg,Baden-Württemberg,accuracy,Employee Attributes,DetailOriented,Both AI & ML
2025,Berlin,Berlin,cooperation,Decision Making and Analytical,Interpersonal,Both AI & ML
2025,Berlin,Berlin,analysis,Decision Making and Analytical,DecisionMaking,Both AI & ML
2025,Berlin,Berlin,machine learning,Statistics and Data,DataMining,Both AI & ML
2025,Berlin,Berlin,precision,MLOps,Evaluation,Both AI & ML
2025,Berlin,Berlin,design,Decision Making and Analytical,DecisionMaking,Both AI & ML
2025,Berlin,Berlin,accuracy,Employee Attributes,DetailOriented,Both AI & ML
2025,Berlin,Berlin,python,Occupational Attributes,Programming,Both AI & ML
2025,Berlin,Berlin,translation,Specialized ML,NLP,Both AI & ML
2025,Berlin,Berlin,c + +,Occupational Attributes,Programming,Both AI & ML
2025,Berlin,Berlin,machine learning,Statistics and Data,DataMining,Both AI & ML
2025,Berlin,Berlin,machine learning,Statistics and Data,DataMining,Both AI & ML
2025,Berlin,Berlin,analysis,Decision Making and Analytical,DecisionMaking,Both AI & ML
2025,Berlin,Berlin,analytical,Decision Making and Analytical,DecisionMaking,Both AI & ML
2025,Berlin,Berlin,python,Occupational Attributes,Programming,Both AI & ML
2025,München,Bayern,programmierung,Occupational Attributes,Programming,Both AI & ML
2025,München,Bayern,python,Occupational Attributes,Programming,Both AI & ML
2025,München,Bayern,machine learning,Statistics and Data,DataMining,Both AI & ML
2025,Eschborn,Hessen,implementation,Decision Making and Analytical,DecisionMaking,Both AI & ML
2025,Eschborn,Hessen,machine learning,Statistics and Data,DataMining,Both AI & ML
2025,Eschborn,Hessen,machine learning,Statistics and Data,DataMining,Both AI & ML
2025,Eschborn,Hessen,modeling,Decision Making and Analytical,DecisionMaking,Both AI & ML
2025,Eschborn,Hessen,machine learning,Statistics and Data,DataMining,Both AI & ML
2025,Eschborn,Hessen,collaboration,Decision Making and Analytical,Interpersonal,Both AI & ML
2025,Eschborn,Hessen,machine learning,Statistics and Data,DataMining,Both AI & ML
2025,Eschborn,Hessen,machine learning,Statistics and Data,DataMining,Both AI & ML
2025,Eschborn,Hessen,statistics,Statistics and Data,Statistics,Both AI & ML
2025,Eschborn,Hessen,python,Occupational Attributes,Programming,Both AI & ML
2025,Eschborn,Hessen,mlops,MLOps,Core,Both AI & ML
2025,Eschborn,Hessen,confident,Employee Attributes,Confidence,Both AI & ML
2025,Eschborn,Hessen,communication,Decision Making and Analytical,MSOffice,Both AI & ML
2025,Berlin,Berlin,scaling,Generative AI,Serving,Both AI & ML
2025,Berlin,Berlin,scaling,Generative AI,Serving,Both AI & ML
2025,Berlin,Berlin,collaboration,Decision Making and Analytical,Interpersonal,Both AI & ML
2025,Berlin,Berlin,implementation,Decision Making and Analytical,DecisionMaking,Both AI & ML
2025,Berlin,Berlin,documentation,Decision Making and Analytical,MSOffice,Both AI & ML
2025,Berlin,Berlin,responsible,Communication,Generic,Both AI & ML
2025,Berlin,Berlin,scaling,Generative AI,Serving,Both AI & ML
2025,Berlin,Berlin,machine learning,Statistics and Data,DataMining,Both AI & ML
2025,Berlin,Berlin,communication,Decision Making and Analytical,MSOffice,Both AI & ML
2025,Berlin,Berlin,machine learning,Statistics and Data,DataMining,Both AI & ML
2025,Berlin,Berlin,nlp,Specialized ML,NLP,Both AI & ML
2025,Berlin,Berlin,kommunikation,Decision Making and Analytical,MSOffice,Both AI & ML
2025,Berlin,Berlin,mathematik,General,Numeracy,Both AI & ML
2025,Berlin,Berlin,machine learning,Statistics and Data,DataMining,Both AI & ML
2025,Berlin,Berlin,modellierung,Decision Making and Analytical,DecisionMaking,Both AI & ML
2025,Berlin,Berlin,aws,Cloud Platforms,AWS,Both AI & ML
2025,Berlin,Berlin,azure,Cloud Platforms,Azure,Both AI & ML
2025,Berlin,Berlin,machine learning,Statistics and Data,DataMining,Both AI & ML
2025,Berlin,Berlin,mathematik,General,Numeracy,Both AI & ML
2025,Berlin,Berlin,aws,Cloud Platforms,AWS,Both AI & ML
2025,Berlin,Berlin,azure,Cloud Platforms,Azure,Both AI & ML
2025,Berlin,Berlin,redshift,Cloud Platforms,AWS,Both AI & ML
2025,Berlin,Berlin,python,Occupational Attributes,Programming,Both AI & ML
2025,Berlin,Berlin,sql,Statistics and Data,StructuredData,Both AI & ML
2025,Köln,Nordrhein-Westfalen,oracle,Statistics and Data,StructuredData,Both AI & ML
2025,Köln,Nordrhein-Westfalen,erp,Occupational Attributes,EnterpriseSystem,Both AI & ML
2025,Köln,Nordrhein-Westfalen,erp,Occupational Attributes,EnterpriseSystem,Both AI & ML
2025,Köln,Nordrhein-Westfalen,machine learning,Statistics and Data,DataMining,Both AI & ML
2025,München,Bayern,flexible,Employee Attributes,Adaptability,Both AI & ML
2025,München,Bayern,reliable,Employee Attributes,Other,Both AI & ML
2025,München,Bayern,creative,Decision Making and Analytical,Creativity,Both AI & ML
2025,München,Bayern,sap,Occupational Attributes,EnterpriseSystem,Both AI & ML
2025,München,Bayern,sap,Occupational Attributes,EnterpriseSystem,Both AI & ML
2025,München,Bayern,sap,Occupational Attributes,EnterpriseSystem,Both AI & ML
2025,München,Bayern,sap,Occupational Attributes,EnterpriseSystem,Both AI & ML
2025,München,Bayern,sap,Occupational Attributes,EnterpriseSystem,Both AI & ML
2025,München,Bayern,flexible,Employee Attributes,Adaptability,Both AI & ML
2025,München,Bayern,sap,Occupational Attributes,EnterpriseSystem,Both AI & ML
2025,Frankfurt am Main,Hessen,communication,Decision Making and Analytical,MSOffice,Both AI & ML
2025,Frankfurt am Main,Hessen,design,Decision Making and Analytical,DecisionMaking,Both AI & ML
2025,Frankfurt am Main,Hessen,python,Occupational Attributes,Programming,Both AI & ML
2025,Frankfurt am Main,Hessen,testing,Decision Making and Analytical,DecisionMaking,Both AI & ML
2025,Frankfurt am Main,Hessen,documentation,Decision Making and Analytical,MSOffice,Both AI & ML
2025,Frankfurt am Main,Hessen,azure,Cloud Platforms,Azure,Both AI & ML
2025,Frankfurt am Main,Hessen,python,Occupational Attributes,Programming,Both AI & ML
2025,Frankfurt am Main,Hessen,python,Occupational Attributes,Programming,Both AI & ML
2025,Frankfurt am Main,Hessen,pandas,Statistics and Data,Statistics,Both AI & ML
2025,Frankfurt am Main,Hessen,azure,Cloud Platforms,Azure,Both AI & ML
2025,Frankfurt am Main,Hessen,azure,Cloud Platforms,Azure,Both AI & ML
2025,Frankfurt am Main,Hessen,azure,Cloud Platforms,Azure,Both AI & ML
2025,Frankfurt am Main,Hessen,azure,Cloud Platforms,Azure,Both AI & ML
2025,Frankfurt am Main,Hessen,sql,Statistics and Data,StructuredData,Both AI & ML
2025,Frankfurt am Main,Hessen,azure,Cloud Platforms,Azure,Both AI & ML
2025,Frankfurt am Main,Hessen,storage,Occupational Attributes,Hardware,Both AI & ML
2025,Frankfurt am Main,Hessen,docker,MLOps,Tools,Both AI & ML
2025,Stuttgart,Baden-Württemberg,integration,Occupational Attributes,EnterpriseSystem,Both AI & ML
2025,Stuttgart,Baden-Württemberg,zusammenarbeit,Decision Making and Analytical,Interpersonal,Both AI & ML
2025,Stuttgart,Baden-Württemberg,mathematik,General,Numeracy,Both AI & ML
2025,Stuttgart,Baden-Württemberg,deutsch,General,ForeignLanguage,Both AI & ML
2025,Stuttgart,Baden-Württemberg,kommunikation,Decision Making and Analytical,MSOffice,Both AI & ML
2025,,,competitive,Communication,Generic,Both AI & ML
2025,Köln,Nordrhein-Westfalen,machine learning,Statistics and Data,DataMining,Both AI & ML
2025,Köln,Nordrhein-Westfalen,zusammenarbeit,Decision Making and Analytical,Interpersonal,Both AI & ML
2025,Köln,Nordrhein-Westfalen,implementierung,Decision Making and Analytical,DecisionMaking,Both AI & ML
2025,Köln,Nordrhein-Westfalen,analyse,Decision Making and Analytical,DecisionMaking,Both AI & ML
2025,Köln,Nordrhein-Westfalen,analyse,Decision Making and Analytical,DecisionMaking,Both AI & ML
2025,Köln,Nordrhein-Westfalen,deutsch,General,ForeignLanguage,Both AI & ML
2025,Köln,Nordrhein-Westfalen,englisch,General,ForeignLanguage,Both AI & ML
2025,,Schleswig-Holstein,collaboration,Decision Making and Analytical,Interpersonal,Both AI & ML
2025,,Schleswig-Holstein,analysis,Decision Making and Analytical,DecisionMaking,Both AI & ML
2025,,Schleswig-Holstein,design,Decision Making and Analytical,DecisionMaking,Both AI & ML
2025,,Schleswig-Holstein,machine learning,Statistics and Data,DataMining,Both AI & ML
2025,Berlin,Berlin,machine learning,Statistics and Data,DataMining,Both AI & ML
2025,Berlin,Berlin,responsible,Communication,Generic,Both AI & ML
2025,Berlin,Berlin,machine learning,Statistics and Data,DataMining,Both AI & ML
2025,Berlin,Berlin,architecture,Occupational Attributes,Hardware,Both AI & ML
2025,Wiesbaden,Hessen,analysis,Decision Making and Analytical,DecisionMaking,Both AI & ML
2025,Wiesbaden,Hessen,analysis,Decision Making and Analytical,DecisionMaking,Both AI & ML
2025,Wiesbaden,Hessen,statistics,Statistics and Data,Statistics,Both AI & ML
2025,Wiesbaden,Hessen,responsible,Communication,Generic,Both AI & ML
2025,Wiesbaden,Hessen,modeling,Decision Making and Analytical,DecisionMaking,Both AI & ML
2025,Wiesbaden,Hessen,reporting,Decision Making and Analytical,DecisionMaking,Both AI & ML
2025,Wiesbaden,Hessen,visualization,Occupational Attributes,Visualization,Both AI & ML
2025,Wiesbaden,Hessen,statistics,Statistics and Data,Statistics,Both AI & ML
2025,Wiesbaden,Hessen,machine learning,Statistics and Data,DataMining,Both AI & ML
2025,Wiesbaden,Hessen,analytical,Decision Making and Analytical,DecisionMaking,Both AI & ML
2025,Wiesbaden,Hessen,design,Decision Making and Analytical,DecisionMaking,Both AI & ML
2025,Wiesbaden,Hessen,analysis,Decision Making and Analytical,DecisionMaking,Both AI & ML
2025,Wiesbaden,Hessen,analysis,Decision Making and Analytical,DecisionMaking,Both AI & ML
2025,Wiesbaden,Hessen,analysis,Decision Making and Analytical,DecisionMaking,Both AI & ML
2025,Wiesbaden,Hessen,analysis,Decision Making and Analytical,DecisionMaking,Both AI & ML
2025,Wiesbaden,Hessen,aws,Cloud Platforms,AWS,Both AI & ML
2025,Wiesbaden,Hessen,excel,Decision Making and Analytical,MSOffice,Both AI & ML
2025,Wiesbaden,Hessen,aws,Cloud Platforms,AWS,Both AI & ML
2025,Berlin,Berlin,nlp,Specialized ML,NLP,Both AI & ML
2025,Berlin,Berlin,machine learning,Statistics and Data,DataMining,Both AI & ML
2025,Berlin,Berlin,design,Decision Making and Analytical,DecisionMaking,Both AI & ML
2025,Berlin,Berlin,llm,Generative AI,LLM,Both AI & ML
2025,Berlin,Berlin,nlp,Specialized ML,NLP,Both AI & ML
2025,Berlin,Berlin,transformers,Generative AI,Tools,Both AI & ML
2025,Berlin,Berlin,ray,Generative AI,Serving,Both AI & ML
2025,Berlin,Berlin,transformer,Generative AI,LLM,Both AI & ML
2025,Berlin,Berlin,flexible,Employee Attributes,Adaptability,Both AI & ML
2025,Berlin,Berlin,cooperation,Decision Making and Analytical,Interpersonal,Both AI & ML
2025,Berlin,Berlin,analysis,Decision Making and Analytical,DecisionMaking,Both AI & ML
2025,Berlin,Berlin,machine learning,Statistics and Data,DataMining,Both AI & ML
2025,Berlin,Berlin,precision,MLOps,Evaluation,Both AI & ML
2025,Berlin,Berlin,design,Decision Making and Analytical,DecisionMaking,Both AI & ML
2025,Berlin,Berlin,accuracy,Employee Attributes,DetailOriented,Both AI & ML
2025,Berlin,Berlin,python,Occupational Attributes,Programming,Both AI & ML
2025,Berlin,Berlin,translation,Specialized ML,NLP,Both AI & ML
2025,Berlin,Berlin,c + +,Occupational Attributes,Programming,Both AI & ML
2025,Berlin,Berlin,machine learning,Statistics and Data,DataMining,Both AI & ML
2025,Berlin,Berlin,machine learning,Statistics and Data,DataMining,Both AI & ML
2025,Berlin,Berlin,analysis,Decision Making and Analytical,DecisionMaking,Both AI & ML
2025,Berlin,Berlin,analytical,Decision Making and Analytical,DecisionMaking,Both AI & ML
2025,Berlin,Berlin,python,Occupational Attributes,Programming,Both AI & ML
2025,Berlin,Berlin,motivated,Employee Attributes,Motivation,Both AI & ML
2025,Berlin,Berlin,reliable,Employee Attributes,Other,Both AI & ML
2025,Berlin,Berlin,python,Occupational Attributes,Programming,Both AI & ML
2025,Berlin,Berlin,communication,Decision Making and Analytical,MSOffice,Both AI & ML
2025,Berlin,Berlin,german,General,ForeignLanguage,Both AI & ML
2025,Berlin,Berlin,english,General,ForeignLanguage,Both AI & ML
2025,Berlin,Berlin,python,Occupational Attributes,Programming,Both AI & ML
2025,Berlin,Berlin,communication,Decision Making and Analytical,MSOffice,Both AI & ML
2025,Berlin,Berlin,flexible,Employee Attributes,Adaptability,Both AI & ML
2025,Berlin,Berlin,german,General,ForeignLanguage,Both AI & ML
2025,Berlin,Berlin,machine learning,Statistics and Data,DataMining,Both AI & ML
2025,Berlin,Berlin,accuracy,Employee Attributes,DetailOriented,Both AI & ML
2025,München,Bayern,aws,Cloud Platforms,AWS,Both AI & ML
2025,München,Bayern,python,Occupational Attributes,Programming,Both AI & ML
2025,München,Bayern,integration,Occupational Attributes,EnterpriseSystem,Both AI & ML
2025,München,Bayern,integration,Occupational Attributes,EnterpriseSystem,Both AI & ML
2025,München,Bayern,modeling,Decision Making and Analytical,DecisionMaking,Both AI & ML
2025,München,Bayern,sql,Statistics and Data,StructuredData,Both AI & ML
2025,München,Bayern,analysis,Decision Making and Analytical,DecisionMaking,Both AI & ML
2025,München,Bayern,python,Occupational Attributes,Programming,Both AI & ML
2025,München,Bayern,big data,Statistics and Data,BigData,Both AI & ML
2025,München,Bayern,sql,Statistics and Data,StructuredData,Both AI & ML
2025,München,Bayern,analytical,Decision Making and Analytical,DecisionMaking,Both AI & ML
2025,München,Bayern,tableau,Occupational Attributes,Visualization,Both AI & ML
2025,München,Bayern,testing,Decision Making and Analytical,DecisionMaking,Both AI & ML
2025,München,Bayern,aws,Cloud Platforms,AWS,Both AI & ML
2025,München,Bayern,iceberg,Data Engineering,IngestionStreaming,Both AI & ML
2025,München,Bayern,machine learning,Statistics and Data,DataMining,Both AI & ML
2025,München,Bayern,proactive,Employee Attributes,Other,Both AI & ML
2025,München,Bayern,motivated,Employee Attributes,Motivation,Both AI & ML
2025,Mönchengladbach,Nordrhein-Westfalen,implementation,Decision Making and Analytical,DecisionMaking,Both AI & ML
2025,Mönchengladbach,Nordrhein-Westfalen,competitive,Communication,Generic,Both AI & ML
2025,Mönchengladbach,Nordrhein-Westfalen,design,Decision Making and Analytical,DecisionMaking,Both AI & ML
2025,Mönchengladbach,Nordrhein-Westfalen,implementation,Decision Making and Analytical,DecisionMaking,Both AI & ML
2025,Mönchengladbach,Nordrhein-Westfalen,kubernetes,MLOps,Tools,Both AI & ML
2025,Mönchengladbach,Nordrhein-Westfalen,integration,Occupational Attributes,EnterpriseSystem,Both AI & ML
2025,Mönchengladbach,Nordrhein-Westfalen,mongodb,Statistics and Data,StructuredData,Both AI & ML
2025,Mönchengladbach,Nordrhein-Westfalen,storage,Occupational Attributes,Hardware,Both AI & ML
2025,Mönchengladbach,Nordrhein-Westfalen,machine learning,Statistics and Data,DataMining,Both AI & ML
2025,Mönchengladbach,Nordrhein-Westfalen,collaboration,Decision Making and Analytical,Interpersonal,Both AI & ML
2025,Mönchengladbach,Nordrhein-Westfalen,proactive,Employee Attributes,Other,Both AI & ML
2025,Mönchengladbach,Nordrhein-Westfalen,machine learning,Statistics and Data,DataMining,Both AI & ML
2025,Mönchengladbach,Nordrhein-Westfalen,java,Occupational Attributes,Programming,Both AI & ML
2025,Mönchengladbach,Nordrhein-Westfalen,python,Occupational Attributes,Programming,Both AI & ML
2025,Mönchengladbach,Nordrhein-Westfalen,mongodb,Statistics and Data,StructuredData,Both AI & ML
2025,Mönchengladbach,Nordrhein-Westfalen,kubernetes,MLOps,Tools,Both AI & ML
2025,Mönchengladbach,Nordrhein-Westfalen,aws,Cloud Platforms,AWS,Both AI & ML
2025,Mönchengladbach,Nordrhein-Westfalen,proactive,Employee Attributes,Other,Both AI & ML
2025,Mönchengladbach,Nordrhein-Westfalen,english,General,ForeignLanguage,Both AI & ML
2025,Mönchengladbach,Nordrhein-Westfalen,german,General,ForeignLanguage,Both AI & ML
2025,Mönchengladbach,Nordrhein-Westfalen,spanish,General,ForeignLanguage,Both AI & ML
2025,Bremen,Bremen,cooperation,Decision Making and Analytical,Interpersonal,Both AI & ML
2025,Bremen,Bremen,flexible,Employee Attributes,Adaptability,Both AI & ML
2025,Bremen,Bremen,independent,Employee Attributes,Independence,Both AI & ML
2025,Bremen,Bremen,presentation,Communication,Presentation,Both AI & ML
2025,Bremen,Bremen,python,Occupational Attributes,Programming,Both AI & ML
2025,Bremen,Bremen,machine learning,Statistics and Data,DataMining,Both AI & ML
2025,Walldorf,Baden-Württemberg,sap,Occupational Attributes,EnterpriseSystem,Both AI & ML
2025,Walldorf,Baden-Württemberg,collaboration,Decision Making and Analytical,Interpersonal,Both AI & ML
2025,Walldorf,Baden-Württemberg,sap,Occupational Attributes,EnterpriseSystem,Both AI & ML
2025,Walldorf,Baden-Württemberg,present,Communication,Presentation,Both AI & ML
2025,Walldorf,Baden-Württemberg,sap,Occupational Attributes,EnterpriseSystem,Both AI & ML
2025,Walldorf,Baden-Württemberg,sap,Occupational Attributes,EnterpriseSystem,Both AI & ML
2025,Walldorf,Baden-Württemberg,sap,Occupational Attributes,EnterpriseSystem,Both AI & ML
2025,Walldorf,Baden-Württemberg,sap,Occupational Attributes,EnterpriseSystem,Both AI & ML
2025,Walldorf,Baden-Württemberg,architecture,Occupational Attributes,Hardware,Both AI & ML
2025,Walldorf,Baden-Württemberg,java,Occupational Attributes,Programming,Both AI & ML
2025,München,Bayern,machine learning,Statistics and Data,DataMining,Both AI & ML
2025,München,Bayern,machine learning,Statistics and Data,DataMining,Both AI & ML
2025,München,Bayern,llm,Generative AI,LLM,Both AI & ML
2025,München,Bayern,openai,Generative AI,Tools,Both AI & ML
2025,München,Bayern,claude,Generative AI,LLM,Both AI & ML
2025,München,Bayern,gemini,Generative AI,LLM,Both AI & ML
2025,Andernach,Rheinland-Pfalz,big data,Statistics and Data,BigData,Both AI & ML
2025,Andernach,Rheinland-Pfalz,machine learning,Statistics and Data,DataMining,Both AI & ML
2025,Andernach,Rheinland-Pfalz,mathematik,General,Numeracy,Both AI & ML
2025,Lahr,Baden-Württemberg,machine learning,Statistics and Data,DataMining,Both AI & ML
2025,Lahr,Baden-Württemberg,python,Occupational Attributes,Programming,Both AI & ML
2025,Lahr,Baden-Württemberg,implementierung,Decision Making and Analytical,DecisionMaking,Both AI & ML
2025,Lahr,Baden-Württemberg,zusammenarbeit,Decision Making and Analytical,Interpersonal,Both AI & ML
2025,Lahr,Baden-Württemberg,design,Decision Making and Analytical,DecisionMaking,Both AI & ML
2025,Lahr,Baden-Württemberg,analyse,Decision Making and Analytical,DecisionMaking,Both AI & ML
2025,Lahr,Baden-Württemberg,stimmungsanalyse,Specialized ML,NLP,Both AI & ML
2025,Lahr,Baden-Württemberg,zusammenarbeit,Decision Making and Analytical,Interpersonal,Both AI & ML
2025,München,Bayern,zusammenarbeit,Decision Making and Analytical,Interpersonal,Both AI & ML
2025,München,Bayern,implementierung,Decision Making and Analytical,DecisionMaking,Both AI & ML
2025,Gütersloh,Nordrhein-Westfalen,sql,Statistics and Data,StructuredData,Both AI & ML
2025,Gütersloh,Nordrhein-Westfalen,server,Occupational Attributes,Hardware,Both AI & ML
2025,Gütersloh,Nordrhein-Westfalen,eigenverantwortlich,Employee Attributes,Attitude,Both AI & ML
2025,Gütersloh,Nordrhein-Westfalen,analyse,Decision Making and Analytical,DecisionMaking,Both AI & ML
2025,Gütersloh,Nordrhein-Westfalen,sql,Statistics and Data,StructuredData,Both AI & ML
2025,Gütersloh,Nordrhein-Westfalen,server,Occupational Attributes,Hardware,Both AI & ML
2025,Gütersloh,Nordrhein-Westfalen,implementierung,Decision Making and Analytical,DecisionMaking,Both AI & ML
2025,Gütersloh,Nordrhein-Westfalen,machine learning,Statistics and Data,DataMining,Both AI & ML
2025,Gütersloh,Nordrhein-Westfalen,projektmanagement,Occupational Attributes,ProjectManagement,Both AI & ML
2025,Berlin,Berlin,machine learning,Statistics and Data,DataMining,Both AI & ML
2025,Berlin,Berlin,python,Occupational Attributes,Programming,Both AI & ML
2025,Berlin,Berlin,design,Decision Making and Analytical,DecisionMaking,Both AI & ML
2025,Berlin,Berlin,hardware,Occupational Attributes,Hardware,Both AI & ML
2025,Berlin,Berlin,report,Communication,Presentation,Both AI & ML
2025,Berlin,Berlin,present,Communication,Presentation,Both AI & ML
2025,Berlin,Berlin,english,General,ForeignLanguage,Both AI & ML
2025,München,Bayern,saas,Occupational Attributes,EnterpriseSystem,Both AI & ML
2025,München,Bayern,design,Decision Making and Analytical,DecisionMaking,Both AI & ML
2025,München,Bayern,integration,Occupational Attributes,EnterpriseSystem,Both AI & ML
2025,München,Bayern,testing,Decision Making and Analytical,DecisionMaking,Both AI & ML
2025,München,Bayern,integration,Occupational Attributes,EnterpriseSystem,Both AI & ML
2025,München,Bayern,testing,Decision Making and Analytical,DecisionMaking,Both AI & ML
2025,München,Bayern,mongodb,Statistics and Data,StructuredData,Both AI & ML
2025,München,Bayern,docker,MLOps,Tools,Both AI & ML
2025,Frankfurt am Main,Hessen,design,Decision Making and Analytical,DecisionMaking,Both AI & ML
2025,Frankfurt am Main,Hessen,implementation,Decision Making and Analytical,DecisionMaking,Both AI & ML
2025,Frankfurt am Main,Hessen,nlp,Specialized ML,NLP,Both AI & ML
2025,Frankfurt am Main,Hessen,machine learning,Statistics and Data,DataMining,Both AI & ML
2025,Frankfurt am Main,Hessen,nlp,Specialized ML,NLP,Both AI & ML
2025,Frankfurt am Main,Hessen,machine learning,Statistics and Data,DataMining,Both AI & ML
2025,Frankfurt am Main,Hessen,nlp,Specialized ML,NLP,Both AI & ML
2025,Frankfurt am Main,Hessen,analysis,Decision Making and Analytical,DecisionMaking,Both AI & ML
2025,Frankfurt am Main,Hessen,aws,Cloud Platforms,AWS,Both AI & ML
2025,Frankfurt am Main,Hessen,gcp,Cloud Platforms,GCP,Both AI & ML
2025,Frankfurt am Main,Hessen,azure,Cloud Platforms,Azure,Both AI & ML
2025,Frankfurt am Main,Hessen,german,General,ForeignLanguage,Both AI & ML
2025,Frankfurt am Main,Hessen,english,General,ForeignLanguage,Both AI & ML
2025,Frankfurt am Main,Hessen,creative,Decision Making and Analytical,Creativity,Both AI & ML
2025,Ludwigsburg,Baden-Württemberg,crm,Occupational Attributes,EnterpriseSystem,Both AI & ML
2025,Ludwigsburg,Baden-Württemberg,zusammenarbeit,Decision Making and Analytical,Interpersonal,Both AI & ML
2025,Ludwigsburg,Baden-Württemberg,architecture,Occupational Attributes,Hardware,Both AI & ML
2025,Ludwigsburg,Baden-Württemberg,integration,Occupational Attributes,EnterpriseSystem,Both AI & ML
2025,Ludwigsburg,Baden-Württemberg,azure,Cloud Platforms,Azure,Both AI & ML
2025,Ludwigsburg,Baden-Württemberg,aws,Cloud Platforms,AWS,Both AI & ML
2025,Ludwigsburg,Baden-Württemberg,architektur,Occupational Attributes,Hardware,Both AI & ML
2025,Ludwigsburg,Baden-Württemberg,implementierung,Decision Making and Analytical,DecisionMaking,Both AI & ML
2025,Ludwigsburg,Baden-Württemberg,integration,Occupational Attributes,EnterpriseSystem,Both AI & ML
2025,Berlin,Berlin,collaboration,Decision Making and Analytical,Interpersonal,Both AI & ML
2025,Berlin,Berlin,testing,Decision Making and Analytical,DecisionMaking,Both AI & ML
2025,Berlin,Berlin,design,Decision Making and Analytical,DecisionMaking,Both AI & ML
2025,Berlin,Berlin,design,Decision Making and Analytical,DecisionMaking,Both AI & ML
2025,Frankfurt am Main,Hessen,machine learning,Statistics and Data,DataMining,Both AI & ML
2025,Frankfurt am Main,Hessen,kubernetes,MLOps,Tools,Both AI & ML
2025,Frankfurt am Main,Hessen,openai,Generative AI,Tools,Both AI & ML
2025,Frankfurt am Main,Hessen,azure,Cloud Platforms,Azure,Both AI & ML
2025,Frankfurt am Main,Hessen,aws,Cloud Platforms,AWS,Both AI & ML
2025,Frankfurt am Main,Hessen,gcp,Cloud Platforms,GCP,Both AI & ML
2025,Frankfurt am Main,Hessen,machine learning,Statistics and Data,DataMining,Both AI & ML
2025,Frankfurt am Main,Hessen,openai,Generative AI,Tools,Both AI & ML
2025,Frankfurt am Main,Hessen,deutsch,General,ForeignLanguage,Both AI & ML
2025,Frankfurt am Main,Hessen,englisch,General,ForeignLanguage,Both AI & ML
2025,Frankfurt am Main,Hessen,networking,Decision Making and Analytical,Interpersonal,Both AI & ML
2025,Frankfurt am Main,Hessen,responsible,Communication,Generic,Both AI & ML
2025,Frankfurt am Main,Hessen,analyse,Decision Making and Analytical,DecisionMaking,Both AI & ML
2025,München,Bayern,analyse,Decision Making and Analytical,DecisionMaking,Both AI & ML
2025,München,Bayern,integration,Occupational Attributes,EnterpriseSystem,Both AI & ML
2025,München,Bayern,implementierung,Decision Making and Analytical,DecisionMaking,Both AI & ML
2025,München,Bayern,projektmanagement,Occupational Attributes,ProjectManagement,Both AI & ML
2025,Dortmund,Nordrhein-Westfalen,machine learning,Statistics and Data,DataMining,Both AI & ML
2025,Dortmund,Nordrhein-Westfalen,integration,Occupational Attributes,EnterpriseSystem,Both AI & ML
2025,Dortmund,Nordrhein-Westfalen,dokumentation,Decision Making and Analytical,MSOffice,Both AI & ML
2025,Dortmund,Nordrhein-Westfalen,python,Occupational Attributes,Programming,Both AI & ML
2025,Dortmund,Nordrhein-Westfalen,docker,MLOps,Tools,Both AI & ML
2025,Dortmund,Nordrhein-Westfalen,deutsch,General,ForeignLanguage,Both AI & ML
2025,Dortmund,Nordrhein-Westfalen,englisch,General,ForeignLanguage,Both AI & ML
2025,Berlin,Berlin,implementation,Decision Making and Analytical,DecisionMaking,Both AI & ML
2025,Berlin,Berlin,implementation,Decision Making and Analytical,DecisionMaking,Both AI & ML
2025,Berlin,Berlin,planung,Data Engineering,Orchestration,Both AI & ML
2025,Berlin,Berlin,integration,Occupational Attributes,EnterpriseSystem,Both AI & ML
2025,Berlin,Berlin,implementierung,Decision Making and Analytical,DecisionMaking,Both AI & ML
2025,Berlin,Berlin,analyse,Decision Making and Analytical,DecisionMaking,Both AI & ML
2025,Berlin,Berlin,nlp,Specialized ML,NLP,Both AI & ML
2025,Berlin,Berlin,machine learning,Statistics and Data,DataMining,Both AI & ML
2025,Berlin,Berlin,zusammenarbeit,Decision Making and Analytical,Interpersonal,Both AI & ML
2025,Köln,Nordrhein-Westfalen,azure,Cloud Platforms,Azure,Both AI & ML
2025,Köln,Nordrhein-Westfalen,design,Decision Making and Analytical,DecisionMaking,Both AI & ML
2025,Köln,Nordrhein-Westfalen,azure,Cloud Platforms,Azure,Both AI & ML
2025,Köln,Nordrhein-Westfalen,spark,Statistics and Data,BigData,Both AI & ML
2025,Köln,Nordrhein-Westfalen,kafka,Data Engineering,IngestionStreaming,Both AI & ML
2025,Köln,Nordrhein-Westfalen,spark,Statistics and Data,BigData,Both AI & ML
2025,Köln,Nordrhein-Westfalen,sql,Statistics and Data,StructuredData,Both AI & ML
2025,Köln,Nordrhein-Westfalen,integration,Occupational Attributes,EnterpriseSystem,Both AI & ML
2025,Köln,Nordrhein-Westfalen,azure,Cloud Platforms,Azure,Both AI & ML
2025,Köln,Nordrhein-Westfalen,reporting,Decision Making and Analytical,DecisionMaking,Both AI & ML
2025,Köln,Nordrhein-Westfalen,analyse,Decision Making and Analytical,DecisionMaking,Both AI & ML
2025,München,Bayern,english,General,ForeignLanguage,Both AI & ML
2025,München,Bayern,german,General,ForeignLanguage,Both AI & ML
2025,München,Bayern,machine learning,Statistics and Data,DataMining,Both AI & ML
2025,München,Bayern,python,Occupational Attributes,Programming,Both AI & ML
2025,München,Bayern,java,Occupational Attributes,Programming,Both AI & ML
2025,München,Bayern,c + +,Occupational Attributes,Programming,Both AI & ML
2025,München,Bayern,design,Decision Making and Analytical,DecisionMaking,Both AI & ML
2025,München,Bayern,english,General,ForeignLanguage,Both AI & ML
2025,München,Bayern,german,General,ForeignLanguage,Both AI & ML
2025,München,Bayern,german,General,ForeignLanguage,Both AI & ML
2025,München,Bayern,design,Decision Making and Analytical,DecisionMaking,Both AI & ML
2025,München,Bayern,machine learning,Statistics and Data,DataMining,Both AI & ML
2025,München,Bayern,machine learning,Statistics and Data,DataMining,Both AI & ML
2025,München,Bayern,implementation,Decision Making and Analytical,DecisionMaking,Both AI & ML
2025,München,Bayern,architecture,Occupational Attributes,Hardware,Both AI & ML
2025,München,Bayern,implementation,Decision Making and Analytical,DecisionMaking,Both AI & ML
2025,Raubling,Bayern,implementierung,Decision Making and Analytical,DecisionMaking,Both AI & ML
2025,Raubling,Bayern,analyse,Decision Making and Analytical,DecisionMaking,Both AI & ML
2025,Raubling,Bayern,integration,Occupational Attributes,EnterpriseSystem,Both AI & ML
2025,Raubling,Bayern,machine learning,Statistics and Data,DataMining,Both AI & ML
2025,Raubling,Bayern,deutsch,General,ForeignLanguage,Both AI & ML
2025,Raubling,Bayern,englisch,General,ForeignLanguage,Both AI & ML
2025,München,Bayern,sap,Occupational Attributes,EnterpriseSystem,Both AI & ML
2025,München,Bayern,sap,Occupational Attributes,EnterpriseSystem,Both AI & ML
2025,München,Bayern,sap,Occupational Attributes,EnterpriseSystem,Both AI & ML
2025,München,Bayern,sap,Occupational Attributes,EnterpriseSystem,Both AI & ML
2025,München,Bayern,flexible,Employee Attributes,Adaptability,Both AI & ML
2025,München,Bayern,saas,Occupational Attributes,EnterpriseSystem,Both AI & ML
2025,München,Bayern,design,Decision Making and Analytical,DecisionMaking,Both AI & ML
2025,München,Bayern,integration,Occupational Attributes,EnterpriseSystem,Both AI & ML
2025,München,Bayern,testing,Decision Making and Analytical,DecisionMaking,Both AI & ML
2025,München,Bayern,integration,Occupational Attributes,EnterpriseSystem,Both AI & ML
2025,München,Bayern,testing,Decision Making and Analytical,DecisionMaking,Both AI & ML
2025,München,Bayern,docker,MLOps,Tools,Both AI & ML
2025,Berlin,Berlin,german,General,ForeignLanguage,Both AI & ML
2025,Berlin,Berlin,german,General,ForeignLanguage,Both AI & ML
2025,Berlin,Berlin,gcp,Cloud Platforms,GCP,Both AI & ML
2025,Berlin,Berlin,implementation,Decision Making and Analytical,DecisionMaking,Both AI & ML
2025,Berlin,Berlin,gcp,Cloud Platforms,GCP,Both AI & ML
2025,Berlin,Berlin,python,Occupational Attributes,Programming,Both AI & ML
2025,Berlin,Berlin,bash,Occupational Attributes,Programming,Both AI & ML
2025,Berlin,Berlin,splunk,Statistics and Data,Statistics,Both AI & ML
2025,Berlin,Berlin,docker,MLOps,Tools,Both AI & ML
2025,Berlin,Berlin,kubernetes,MLOps,Tools,Both AI & ML
2025,Berlin,Berlin,machine learning,Statistics and Data,DataMining,Both AI & ML
2025,Berlin,Berlin,analysis,Decision Making and Analytical,DecisionMaking,Both AI & ML
2025,Köln,Nordrhein-Westfalen,machine learning,Statistics and Data,DataMining,Both AI & ML
2025,Köln,Nordrhein-Westfalen,modeling,Decision Making and Analytical,DecisionMaking,Both AI & ML
2025,Köln,Nordrhein-Westfalen,machine learning,Statistics and Data,DataMining,Both AI & ML
2025,Köln,Nordrhein-Westfalen,design,Decision Making and Analytical,DecisionMaking,Both AI & ML
2025,Köln,Nordrhein-Westfalen,machine learning,Statistics and Data,DataMining,Both AI & ML
2025,Köln,Nordrhein-Westfalen,python,Occupational Attributes,Programming,Both AI & ML
2025,Berlin,Berlin,design,Decision Making and Analytical,DecisionMaking,Both AI & ML
2025,Berlin,Berlin,reliable,Employee Attributes,Other,Both AI & ML
2025,Berlin,Berlin,kafka,Data Engineering,IngestionStreaming,Both AI & ML
2025,Berlin,Berlin,kafka,Data Engineering,IngestionStreaming,Both AI & ML
2025,Berlin,Berlin,python,Occupational Attributes,Programming,Both AI & ML
2025,Berlin,Berlin,testing,Decision Making and Analytical,DecisionMaking,Both AI & ML
2025,Berlin,Berlin,collaboration,Decision Making and Analytical,Interpersonal,Both AI & ML
2025,Berlin,Berlin,design,Decision Making and Analytical,DecisionMaking,Both AI & ML
2025,Berlin,Berlin,implementation,Decision Making and Analytical,DecisionMaking,Both AI & ML
2025,Berlin,Berlin,kafka,Data Engineering,IngestionStreaming,Both AI & ML
2025,Berlin,Berlin,testing,Decision Making and Analytical,DecisionMaking,Both AI & ML
2025,Berlin,Berlin,python,Occupational Attributes,Programming,Both AI & ML
2025,Berlin,Berlin,java,Occupational Attributes,Programming,Both AI & ML
2025,Berlin,Berlin,scala,Occupational Attributes,Programming,Both AI & ML
2025,Gronau,Nordrhein-Westfalen,flexible,Employee Attributes,Adaptability,Both AI & ML
2025,Gronau,Nordrhein-Westfalen,analyse,Decision Making and Analytical,DecisionMaking,Both AI & ML
2025,Gronau,Nordrhein-Westfalen,modellierung,Decision Making and Analytical,DecisionMaking,Both AI & ML
2025,Gronau,Nordrhein-Westfalen,implementierung,Decision Making and Analytical,DecisionMaking,Both AI & ML
2025,Gronau,Nordrhein-Westfalen,zusammenarbeit,Decision Making and Analytical,Interpersonal,Both AI & ML
2025,Gronau,Nordrhein-Westfalen,mathematik,General,Numeracy,Both AI & ML
2025,Gronau,Nordrhein-Westfalen,statistik,Statistics and Data,Statistics,Both AI & ML
2025,Nürnberg,Bayern,architektur,Occupational Attributes,Hardware,Both AI & ML
2025,Nürnberg,Bayern,java,Occupational Attributes,Programming,Both AI & ML
2025,Nürnberg,Bayern,python,Occupational Attributes,Programming,Both AI & ML
2025,,,design,Decision Making and Analytical,DecisionMaking,Both AI & ML
2025,,,analysis,Decision Making and Analytical,DecisionMaking,Both AI & ML
2025,,,design,Decision Making and Analytical,DecisionMaking,Both AI & ML
2025,,,architecture,Occupational Attributes,Hardware,Both AI & ML
2025,,,c + +,Occupational Attributes,Programming,Both AI & ML
2025,,,verbal,Communication,Verbal,Both AI & ML
2025,,,communication,Decision Making and Analytical,MSOffice,Both AI & ML
2025,,,motivated,Employee Attributes,Motivation,Both AI & ML
2025,München,Bayern,analytical,Decision Making and Analytical,DecisionMaking,Both AI & ML
2025,München,Bayern,analyse,Decision Making and Analytical,DecisionMaking,Both AI & ML
2025,München,Bayern,analysis,Decision Making and Analytical,DecisionMaking,Both AI & ML
2025,München,Bayern,statistics,Statistics and Data,Statistics,Both AI & ML
2025,München,Bayern,modeling,Decision Making and Analytical,DecisionMaking,Both AI & ML
2025,München,Bayern,machine learning,Statistics and Data,DataMining,Both AI & ML
2025,Hamburg,Hamburg,python,Occupational Attributes,Programming,Both AI & ML
2025,Hamburg,Hamburg,precision,MLOps,Evaluation,Both AI & ML
2025,Hamburg,Hamburg,python,Occupational Attributes,Programming,Both AI & ML
2025,Hamburg,Hamburg,server,Occupational Attributes,Hardware,Both AI & ML
2025,Hamburg,Hamburg,machine learning,Statistics and Data,DataMining,Both AI & ML
2025,Hamburg,Hamburg,scaling,Generative AI,Serving,Both AI & ML
2025,Hamburg,Hamburg,report,Communication,Presentation,Both AI & ML
2025,Hamburg,Hamburg,design,Decision Making and Analytical,DecisionMaking,Both AI & ML
2025,Hamburg,Hamburg,machine learning,Statistics and Data,DataMining,Both AI & ML
2025,Hamburg,Hamburg,docker,MLOps,Tools,Both AI & ML
2025,Hamburg,Hamburg,aws,Cloud Platforms,AWS,Both AI & ML
2025,Hamburg,Hamburg,python,Occupational Attributes,Programming,Both AI & ML
2025,Hamburg,Hamburg,hardware,Occupational Attributes,Hardware,Both AI & ML
2025,Hamburg,Hamburg,design,Decision Making and Analytical,DecisionMaking,Both AI & ML
2025,Heidelberg,Baden-Württemberg,python,Occupational Attributes,Programming,Both AI & ML
2025,Heidelberg,Baden-Württemberg,testing,Decision Making and Analytical,DecisionMaking,Both AI & ML
2025,Heidelberg,Baden-Württemberg,scaling,Generative AI,Serving,Both AI & ML
2025,Heidelberg,Baden-Württemberg,precision,MLOps,Evaluation,Both AI & ML
2025,Heidelberg,Baden-Württemberg,design,Decision Making and Analytical,DecisionMaking,Both AI & ML
2025,Heidelberg,Baden-Württemberg,design,Decision Making and Analytical,DecisionMaking,Both AI & ML
2025,Heidelberg,Baden-Württemberg,testing,Decision Making and Analytical,DecisionMaking,Both AI & ML
2025,Heidelberg,Baden-Württemberg,testing,Decision Making and Analytical,DecisionMaking,Both AI & ML
2025,Heidelberg,Baden-Württemberg,python,Occupational Attributes,Programming,Both AI & ML
2025,Heidelberg,Baden-Württemberg,architecture,Occupational Attributes,Hardware,Both AI & ML
2025,Heidelberg,Baden-Württemberg,design,Decision Making and Analytical,DecisionMaking,Both AI & ML
2025,Heidelberg,Baden-Württemberg,machine learning,Statistics and Data,DataMining,Both AI & ML
2025,Heidelberg,Baden-Württemberg,aws,Cloud Platforms,AWS,Both AI & ML
2025,Heidelberg,Baden-Württemberg,docker,MLOps,Tools,Both AI & ML
2025,Heidelberg,Baden-Württemberg,kubernetes,MLOps,Tools,Both AI & ML
2025,Berlin,Berlin,machine learning,Statistics and Data,DataMining,ML
2025,Berlin,Berlin,prognose,Statistics and Data,DataMining,ML
2025,Berlin,Berlin,analyse,Decision Making and Analytical,DecisionMaking,ML
2025,Köln,Nordrhein-Westfalen,planung,Data Engineering,Orchestration,Both AI & ML
2025,Köln,Nordrhein-Westfalen,saas,Occupational Attributes,EnterpriseSystem,Both AI & ML
2025,Köln,Nordrhein-Westfalen,integration,Occupational Attributes,EnterpriseSystem,Both AI & ML
2025,Köln,Nordrhein-Westfalen,nlp,Specialized ML,NLP,Both AI & ML
2025,Köln,Nordrhein-Westfalen,machine learning,Statistics and Data,DataMining,Both AI & ML
2025,Karlsruhe,Baden-Württemberg,integration,Occupational Attributes,EnterpriseSystem,Both AI & ML
2025,Karlsruhe,Baden-Württemberg,skalierung,Generative AI,Serving,Both AI & ML
2025,Karlsruhe,Baden-Württemberg,python,Occupational Attributes,Programming,Both AI & ML
2025,Karlsruhe,Baden-Württemberg,javascript,Occupational Attributes,Programming,Both AI & ML
2025,Karlsruhe,Baden-Württemberg,python,Occupational Attributes,Programming,Both AI & ML
2025,Karlsruhe,Baden-Württemberg,bildverarbeitung,Specialized ML,ComputerVision,Both AI & ML
2025,Karlsruhe,Baden-Württemberg,opencv,Specialized ML,ComputerVision,Both AI & ML
2025,Karlsruhe,Baden-Württemberg,mlops,MLOps,Core,Both AI & ML
2025,Frankfurt am Main,Hessen,creative,Decision Making and Analytical,Creativity,Both AI & ML
2025,Frankfurt am Main,Hessen,analysis,Decision Making and Analytical,DecisionMaking,Both AI & ML
2025,Frankfurt am Main,Hessen,architecture,Occupational Attributes,Hardware,Both AI & ML
2025,Frankfurt am Main,Hessen,design,Decision Making and Analytical,DecisionMaking,Both AI & ML
2025,Frankfurt am Main,Hessen,python,Occupational Attributes,Programming,Both AI & ML
2025,Frankfurt am Main,Hessen,analysis,Decision Making and Analytical,DecisionMaking,Both AI & ML
2025,Frankfurt am Main,Hessen,design,Decision Making and Analytical,DecisionMaking,Both AI & ML
2025,Frankfurt am Main,Hessen,testing,Decision Making and Analytical,DecisionMaking,Both AI & ML
2025,Frankfurt am Main,Hessen,creative,Decision Making and Analytical,Creativity,Both AI & ML
2025,Bremen,Bremen,analysis,Decision Making and Analytical,DecisionMaking,Both AI & ML
2025,Bremen,Bremen,modellierung,Decision Making and Analytical,DecisionMaking,Both AI & ML
2025,Bremen,Bremen,datenanalyse,General,Research,Both AI & ML
2025,Bremen,Bremen,implementierung,Decision Making and Analytical,DecisionMaking,Both AI & ML
2025,Bremen,Bremen,statistik,Statistics and Data,Statistics,Both AI & ML
2025,Bremen,Bremen,machine learning,Statistics and Data,DataMining,Both AI & ML
2025,Bremen,Bremen,sql,Statistics and Data,StructuredData,Both AI & ML
2025,Bremen,Bremen,python,Occupational Attributes,Programming,Both AI & ML
2025,Bremen,Bremen,analyse,Decision Making and Analytical,DecisionMaking,Both AI & ML
2025,Bremen,Bremen,databricks,MLOps,Platforms,Both AI & ML
2025,Bremen,Bremen,pandas,Statistics and Data,Statistics,Both AI & ML
2025,Bremen,Bremen,erp,Occupational Attributes,EnterpriseSystem,Both AI & ML
2025,Bremen,Bremen,crm,Occupational Attributes,EnterpriseSystem,Both AI & ML
2025,Bremen,Bremen,deutsch,General,ForeignLanguage,Both AI & ML
2025,Bremen,Bremen,englisch,General,ForeignLanguage,Both AI & ML
2025,,Hessen,verantwortlich,Communication,Generic,Both AI & ML
2025,,Hessen,implementierung,Decision Making and Analytical,DecisionMaking,Both AI & ML
2025,,Hessen,analyse,Decision Making and Analytical,DecisionMaking,Both AI & ML
2025,,Hessen,planung,Data Engineering,Orchestration,Both AI & ML
2025,,Hessen,integration,Occupational Attributes,EnterpriseSystem,Both AI & ML
2025,,Hessen,machine learning,Statistics and Data,DataMining,Both AI & ML
2025,,Hessen,implementierung,Decision Making and Analytical,DecisionMaking,Both AI & ML
2025,,Hessen,python,Occupational Attributes,Programming,Both AI & ML
2025,,Hessen,integration,Occupational Attributes,EnterpriseSystem,Both AI & ML
2025,,Hessen,projektmanagement,Occupational Attributes,ProjectManagement,Both AI & ML
2025,,Hessen,deutsch,General,ForeignLanguage,Both AI & ML
2025,München,Bayern,machine learning,Statistics and Data,DataMining,Both AI & ML
2025,München,Bayern,analysis,Decision Making and Analytical,DecisionMaking,Both AI & ML
2025,München,Bayern,architecture,Occupational Attributes,Hardware,Both AI & ML
2025,München,Bayern,design,Decision Making and Analytical,DecisionMaking,Both AI & ML
2025,München,Bayern,c + +,Occupational Attributes,Programming,Both AI & ML
2025,München,Bayern,design,Decision Making and Analytical,DecisionMaking,Both AI & ML
2025,München,Bayern,c + +,Occupational Attributes,Programming,Both AI & ML
2025,München,Bayern,communication,Decision Making and Analytical,MSOffice,Both AI & ML
2025,München,Bayern,creative,Decision Making and Analytical,Creativity,Both AI & ML
2025,München,Bayern,autonomous,Employee Attributes,Independence,Both AI & ML
2025,Berlin,Berlin,forecasting,Statistics and Data,DataMining,Both AI & ML
2025,Berlin,Berlin,forecasting,Statistics and Data,DataMining,Both AI & ML
2025,Berlin,Berlin,forecasting,Statistics and Data,DataMining,Both AI & ML
2025,Berlin,Berlin,design,Decision Making and Analytical,DecisionMaking,Both AI & ML
2025,Berlin,Berlin,forecasting,Statistics and Data,DataMining,Both AI & ML
2025,Berlin,Berlin,machine learning,Statistics and Data,DataMining,Both AI & ML
2025,Berlin,Berlin,forecasting,Statistics and Data,DataMining,Both AI & ML
2025,München,Bayern,hardware,Occupational Attributes,Hardware,Both AI & ML
2025,München,Bayern,autonomous,Employee Attributes,Independence,Both AI & ML
2025,München,Bayern,machine learning,Statistics and Data,DataMining,Both AI & ML
2025,München,Bayern,hardware,Occupational Attributes,Hardware,Both AI & ML
2025,München,Bayern,design,Decision Making and Analytical,DecisionMaking,Both AI & ML
2025,München,Bayern,architecture,Occupational Attributes,Hardware,Both AI & ML
2025,München,Bayern,integration,Occupational Attributes,EnterpriseSystem,Both AI & ML
2025,München,Bayern,architecture,Occupational Attributes,Hardware,Both AI & ML
2025,München,Bayern,docker,MLOps,Tools,Both AI & ML
2025,München,Bayern,c + +,Occupational Attributes,Programming,Both AI & ML
2025,München,Bayern,python,Occupational Attributes,Programming,Both AI & ML
2025,München,Bayern,communication,Decision Making and Analytical,MSOffice,Both AI & ML
2025,München,Bayern,architecture,Occupational Attributes,Hardware,Both AI & ML
2025,München,Bayern,machine learning,Statistics and Data,DataMining,Both AI & ML
2025,München,Bayern,german,General,ForeignLanguage,Both AI & ML
2025,München,Bayern,english,General,ForeignLanguage,Both AI & ML
2025,München,Bayern,python,Occupational Attributes,Programming,Both AI & ML
2025,München,Bayern,python,Occupational Attributes,Programming,Both AI & ML
2025,München,Bayern,machine learning,Statistics and Data,DataMining,Both AI & ML
2025,München,Bayern,machine learning,Statistics and Data,DataMining,Both AI & ML
2025,München,Bayern,english,General,ForeignLanguage,Both AI & ML
2025,München,Bayern,german,General,ForeignLanguage,Both AI & ML
2025,Leipzig,Sachsen,german,General,ForeignLanguage,Both AI & ML
2025,Leipzig,Sachsen,german,General,ForeignLanguage,Both AI & ML
2025,Leipzig,Sachsen,machine learning,Statistics and Data,DataMining,Both AI & ML
2025,Leipzig,Sachsen,independent,Employee Attributes,Independence,Both AI & ML
2025,Frankfurt am Main,Hessen,datenanalyse,General,Research,Both AI & ML
2025,Frankfurt am Main,Hessen,planung,Data Engineering,Orchestration,Both AI & ML
2025,Frankfurt am Main,Hessen,design,Decision Making and Analytical,DecisionMaking,Both AI & ML
2025,Frankfurt am Main,Hessen,integration,Occupational Attributes,EnterpriseSystem,Both AI & ML
2025,Frankfurt am Main,Hessen,saas,Occupational Attributes,EnterpriseSystem,Both AI & ML
2025,Frankfurt am Main,Hessen,cpm,Occupational Attributes,ProjectManagement,Both AI & ML
2025,München,Bayern,independent,Employee Attributes,Independence,Both AI & ML
2025,München,Bayern,responsible,Communication,Generic,Both AI & ML
2025,München,Bayern,responsible,Communication,Generic,Both AI & ML
2025,München,Bayern,implementation,Decision Making and Analytical,DecisionMaking,Both AI & ML
2025,München,Bayern,motivated,Employee Attributes,Motivation,Both AI & ML
2025,München,Bayern,design,Decision Making and Analytical,DecisionMaking,Both AI & ML
2025,München,Bayern,reliable,Employee Attributes,Other,Both AI & ML
2025,München,Bayern,machine learning,Statistics and Data,DataMining,Both AI & ML
2025,München,Bayern,python,Occupational Attributes,Programming,Both AI & ML
2025,Düsseldorf,Nordrhein-Westfalen,machine learning,Statistics and Data,DataMining,Both AI & ML
2025,Düsseldorf,Nordrhein-Westfalen,testing,Decision Making and Analytical,DecisionMaking,Both AI & ML
2025,Düsseldorf,Nordrhein-Westfalen,testing,Decision Making and Analytical,DecisionMaking,Both AI & ML
2025,Düsseldorf,Nordrhein-Westfalen,testing,Decision Making and Analytical,DecisionMaking,Both AI & ML
2025,Düsseldorf,Nordrhein-Westfalen,testing,Decision Making and Analytical,DecisionMaking,Both AI & ML
2025,Düsseldorf,Nordrhein-Westfalen,scaling,Generative AI,Serving,Both AI & ML
2025,Düsseldorf,Nordrhein-Westfalen,testing,Decision Making and Analytical,DecisionMaking,Both AI & ML
2025,Düsseldorf,Nordrhein-Westfalen,testing,Decision Making and Analytical,DecisionMaking,Both AI & ML
2025,Düsseldorf,Nordrhein-Westfalen,design,Decision Making and Analytical,DecisionMaking,Both AI & ML
2025,Düsseldorf,Nordrhein-Westfalen,testing,Decision Making and Analytical,DecisionMaking,Both AI & ML
2025,Düsseldorf,Nordrhein-Westfalen,testing,Decision Making and Analytical,DecisionMaking,Both AI & ML
2025,Düsseldorf,Nordrhein-Westfalen,testing,Decision Making and Analytical,DecisionMaking,Both AI & ML
2025,Düsseldorf,Nordrhein-Westfalen,communication,Decision Making and Analytical,MSOffice,Both AI & ML
2025,Düsseldorf,Nordrhein-Westfalen,documentation,Decision Making and Analytical,MSOffice,Both AI & ML
2025,Düsseldorf,Nordrhein-Westfalen,testing,Decision Making and Analytical,DecisionMaking,Both AI & ML
2025,Düsseldorf,Nordrhein-Westfalen,testing,Decision Making and Analytical,DecisionMaking,Both AI & ML
2025,Düsseldorf,Nordrhein-Westfalen,testing,Decision Making and Analytical,DecisionMaking,Both AI & ML
2025,Düsseldorf,Nordrhein-Westfalen,testing,Decision Making and Analytical,DecisionMaking,Both AI & ML
2025,Düsseldorf,Nordrhein-Westfalen,design,Decision Making and Analytical,DecisionMaking,Both AI & ML
2025,Düsseldorf,Nordrhein-Westfalen,communication,Decision Making and Analytical,MSOffice,Both AI & ML
2025,Bexbach,Saarland,machine learning,Statistics and Data,DataMining,Both AI & ML
2025,Bexbach,Saarland,programmierung,Occupational Attributes,Programming,Both AI & ML
2025,Bexbach,Saarland,datenanalyse,General,Research,Both AI & ML
2025,Dresden,Sachsen,testing,Decision Making and Analytical,DecisionMaking,Both AI & ML
2025,Dresden,Sachsen,accuracy,Employee Attributes,DetailOriented,Both AI & ML
2025,Dresden,Sachsen,architecture,Occupational Attributes,Hardware,Both AI & ML
2025,Dresden,Sachsen,python,Occupational Attributes,Programming,Both AI & ML
2025,Dresden,Sachsen,c + +,Occupational Attributes,Programming,Both AI & ML
2025,Dresden,Sachsen,proactive,Employee Attributes,Other,Both AI & ML
2025,Dresden,Sachsen,english,General,ForeignLanguage,Both AI & ML
2025,Dresden,Sachsen,german,General,ForeignLanguage,Both AI & ML
2025,Dresden,Sachsen,integration,Occupational Attributes,EnterpriseSystem,Both AI & ML
2025,Dresden,Sachsen,machine learning,Statistics and Data,DataMining,Both AI & ML
2025,Hamburg,Hamburg,statistics,Statistics and Data,Statistics,Both AI & ML
2025,Hamburg,Hamburg,implementation,Decision Making and Analytical,DecisionMaking,Both AI & ML
2025,Hamburg,Hamburg,statistics,Statistics and Data,Statistics,Both AI & ML
2025,Hamburg,Hamburg,collaboration,Decision Making and Analytical,Interpersonal,Both AI & ML
2025,Hamburg,Hamburg,association,Statistics and Data,DataMining,Both AI & ML
2025,Hamburg,Hamburg,german,General,ForeignLanguage,Both AI & ML
2025,Hamburg,Hamburg,german,General,ForeignLanguage,Both AI & ML
2025,Berlin,Berlin,design,Decision Making and Analytical,DecisionMaking,Both AI & ML
2025,Berlin,Berlin,design,Decision Making and Analytical,DecisionMaking,Both AI & ML
2025,Berlin,Berlin,machine learning,Statistics and Data,DataMining,Both AI & ML
2025,München,Bayern,architecture,Occupational Attributes,Hardware,Both AI & ML
2025,München,Bayern,machine learning,Statistics and Data,DataMining,Both AI & ML
2025,München,Bayern,ray,Generative AI,Serving,Both AI & ML
2025,München,Bayern,machine learning,Statistics and Data,DataMining,Both AI & ML
2025,München,Bayern,machine learning,Statistics and Data,DataMining,Both AI & ML
2025,München,Bayern,machine learning,Statistics and Data,DataMining,Both AI & ML
2025,München,Bayern,machine learning,Statistics and Data,DataMining,Both AI & ML
2025,München,Bayern,creative,Decision Making and Analytical,Creativity,Both AI & ML
2025,München,Bayern,troubleshoot,Decision Making and Analytical,ProblemSolving,Both AI & ML
2025,München,Bayern,presentation,Communication,Presentation,Both AI & ML
2025,München,Bayern,present,Communication,Presentation,Both AI & ML
2025,München,Bayern,communication,Decision Making and Analytical,MSOffice,Both AI & ML
2025,München,Bayern,machine learning,Statistics and Data,DataMining,Both AI & ML
2025,München,Bayern,hardware,Occupational Attributes,Hardware,Both AI & ML
2025,München,Bayern,devices,Occupational Attributes,Hardware,Both AI & ML
2025,München,Bayern,classification,Statistics and Data,DataMining,Both AI & ML
2025,München,Bayern,machine learning,Statistics and Data,DataMining,Both AI & ML
2025,München,Bayern,design,Decision Making and Analytical,DecisionMaking,Both AI & ML
2025,München,Bayern,design,Decision Making and Analytical,DecisionMaking,Both AI & ML
2025,München,Bayern,documentation,Decision Making and Analytical,MSOffice,Both AI & ML
2025,München,Bayern,machine learning,Statistics and Data,DataMining,Both AI & ML
2025,München,Bayern,python,Occupational Attributes,Programming,Both AI & ML
2025,München,Bayern,testing,Decision Making and Analytical,DecisionMaking,Both AI & ML
2025,München,Bayern,english,General,ForeignLanguage,Both AI & ML
2025,Frankfurt am Main,Hessen,docker,MLOps,Tools,Both AI & ML
2025,Frankfurt am Main,Hessen,kubernetes,MLOps,Tools,Both AI & ML
2025,Frankfurt am Main,Hessen,integration,Occupational Attributes,EnterpriseSystem,Both AI & ML
2025,Frankfurt am Main,Hessen,integration,Occupational Attributes,EnterpriseSystem,Both AI & ML
2025,Frankfurt am Main,Hessen,integration,Occupational Attributes,EnterpriseSystem,Both AI & ML
2025,Frankfurt am Main,Hessen,kubernetes,MLOps,Tools,Both AI & ML
2025,Frankfurt am Main,Hessen,collaboration,Decision Making and Analytical,Interpersonal,Both AI & ML
2025,Frankfurt am Main,Hessen,design,Decision Making and Analytical,DecisionMaking,Both AI & ML
2025,Frankfurt am Main,Hessen,troubleshoot,Decision Making and Analytical,ProblemSolving,Both AI & ML
2025,Berlin,Berlin,forecasting,Statistics and Data,DataMining,Both AI & ML
2025,Berlin,Berlin,forecasting,Statistics and Data,DataMining,Both AI & ML
2025,Berlin,Berlin,collaboration,Decision Making and Analytical,Interpersonal,Both AI & ML
2025,Berlin,Berlin,design,Decision Making and Analytical,DecisionMaking,Both AI & ML
2025,Neunkirchen-Seelscheid,Nordrhein-Westfalen,machine learning,Statistics and Data,DataMining,Both AI & ML
2025,Neunkirchen-Seelscheid,Nordrhein-Westfalen,machine learning,Statistics and Data,DataMining,Both AI & ML
2025,Neunkirchen-Seelscheid,Nordrhein-Westfalen,machine learning,Statistics and Data,DataMining,Both AI & ML
2025,Neunkirchen-Seelscheid,Nordrhein-Westfalen,machine learning,Statistics and Data,DataMining,Both AI & ML
2025,Neunkirchen-Seelscheid,Nordrhein-Westfalen,classification,Statistics and Data,DataMining,Both AI & ML
2025,Neunkirchen-Seelscheid,Nordrhein-Westfalen,classification,Statistics and Data,DataMining,Both AI & ML
2025,Neunkirchen-Seelscheid,Nordrhein-Westfalen,cooperation,Decision Making and Analytical,Interpersonal,Both AI & ML
2025,Neunkirchen-Seelscheid,Nordrhein-Westfalen,english,General,ForeignLanguage,Both AI & ML
2025,Neunkirchen-Seelscheid,Nordrhein-Westfalen,french,General,ForeignLanguage,Both AI & ML
2025,Berlin,Berlin,german,General,ForeignLanguage,Both AI & ML
2025,Berlin,Berlin,responsible,Communication,Generic,Both AI & ML
2025,Berlin,Berlin,analyse,Decision Making and Analytical,DecisionMaking,Both AI & ML
2025,Berlin,Berlin,statistics,Statistics and Data,Statistics,Both AI & ML
2025,Berlin,Berlin,machine learning,Statistics and Data,DataMining,Both AI & ML
2025,Berlin,Berlin,analysis,Decision Making and Analytical,DecisionMaking,Both AI & ML
2025,Berlin,Berlin,python,Occupational Attributes,Programming,Both AI & ML
2025,Berlin,Berlin,matlab,Statistics and Data,Statistics,Both AI & ML
2025,Berlin,Berlin,analysis,Decision Making and Analytical,DecisionMaking,Both AI & ML
2025,Leipzig,Sachsen,cooperation,Decision Making and Analytical,Interpersonal,Both AI & ML
2025,,Bayern,java,Occupational Attributes,Programming,Both AI & ML
2025,,Bayern,c #,Occupational Attributes,Programming,Both AI & ML
2025,,Bayern,azure,Cloud Platforms,Azure,Both AI & ML
2025,,Bayern,machine learning,Statistics and Data,DataMining,Both AI & ML
2025,,Bayern,zusammenarbeit,Decision Making and Analytical,Interpersonal,Both AI & ML
2025,Leipzig,Sachsen,kommunikation,Decision Making and Analytical,MSOffice,Both AI & ML
2025,Leipzig,Sachsen,machine learning,Statistics and Data,DataMining,Both AI & ML
2025,Leipzig,Sachsen,nlp,Specialized ML,NLP,Both AI & ML
2025,Leipzig,Sachsen,python,Occupational Attributes,Programming,Both AI & ML
2025,Leipzig,Sachsen,implementierung,Decision Making and Analytical,DecisionMaking,Both AI & ML
2025,Leipzig,Sachsen,nlp,Specialized ML,NLP,Both AI & ML
2025,Leipzig,Sachsen,java,Occupational Attributes,Programming,Both AI & ML
2025,Leipzig,Sachsen,javascript,Occupational Attributes,Programming,Both AI & ML
2025,Leipzig,Sachsen,java,Occupational Attributes,Programming,Both AI & ML
2025,Leipzig,Sachsen,javascript,Occupational Attributes,Programming,Both AI & ML
2025,Leipzig,Sachsen,mlops,MLOps,Core,Both AI & ML
2025,Freiburg im Breisgau,Baden-Württemberg,verantwortlich,Communication,Generic,Both AI & ML
2025,Freiburg im Breisgau,Baden-Württemberg,zusammenarbeit,Decision Making and Analytical,Interpersonal,Both AI & ML
2025,Bielefeld,Nordrhein-Westfalen,machine learning,Statistics and Data,DataMining,Both AI & ML
2025,Bielefeld,Nordrhein-Westfalen,machine learning,Statistics and Data,DataMining,Both AI & ML
2025,Bielefeld,Nordrhein-Westfalen,machine learning,Statistics and Data,DataMining,Both AI & ML
2025,Bielefeld,Nordrhein-Westfalen,machine learning,Statistics and Data,DataMining,Both AI & ML
2025,Bielefeld,Nordrhein-Westfalen,analyse,Decision Making and Analytical,DecisionMaking,Both AI & ML
2025,Bielefeld,Nordrhein-Westfalen,python,Occupational Attributes,Programming,Both AI & ML
2025,Bielefeld,Nordrhein-Westfalen,sql,Statistics and Data,StructuredData,Both AI & ML
2025,Bielefeld,Nordrhein-Westfalen,statistik,Statistics and Data,Statistics,Both AI & ML
2025,Bielefeld,Nordrhein-Westfalen,machine learning,Statistics and Data,DataMining,Both AI & ML
2025,Bielefeld,Nordrhein-Westfalen,machine learning,Statistics and Data,DataMining,Both AI & ML
2025,Bielefeld,Nordrhein-Westfalen,python,Occupational Attributes,Programming,Both AI & ML
2025,Bielefeld,Nordrhein-Westfalen,sql,Statistics and Data,StructuredData,Both AI & ML
2025,Bielefeld,Nordrhein-Westfalen,prediction,Statistics and Data,DataMining,Both AI & ML
2025,Bielefeld,Nordrhein-Westfalen,aws,Cloud Platforms,AWS,Both AI & ML
2025,Bielefeld,Nordrhein-Westfalen,azure,Cloud Platforms,Azure,Both AI & ML
2025,Bielefeld,Nordrhein-Westfalen,gcp,Cloud Platforms,GCP,Both AI & ML
2025,Bielefeld,Nordrhein-Westfalen,docker,MLOps,Tools,Both AI & ML
2025,Bielefeld,Nordrhein-Westfalen,kubernetes,MLOps,Tools,Both AI & ML
2025,Berlin,Berlin,machine learning,Statistics and Data,DataMining,Both AI & ML
2025,Berlin,Berlin,nlp,Specialized ML,NLP,Both AI & ML
2025,Berlin,Berlin,transformer,Generative AI,LLM,Both AI & ML
2025,Coburg,Bayern,machine learning,Statistics and Data,DataMining,Both AI & ML
2025,Coburg,Bayern,machine learning,Statistics and Data,DataMining,Both AI & ML
2025,Coburg,Bayern,machine learning,Statistics and Data,DataMining,Both AI & ML
2025,Coburg,Bayern,machine learning,Statistics and Data,DataMining,Both AI & ML
2025,Coburg,Bayern,implementierung,Decision Making and Analytical,DecisionMaking,Both AI & ML
2025,Coburg,Bayern,machine learning,Statistics and Data,DataMining,Both AI & ML
2025,Coburg,Bayern,machine learning,Statistics and Data,DataMining,Both AI & ML
2025,Coburg,Bayern,integration,Occupational Attributes,EnterpriseSystem,Both AI & ML
2025,Coburg,Bayern,machine learning,Statistics and Data,DataMining,Both AI & ML
2025,Coburg,Bayern,machine learning,Statistics and Data,DataMining,Both AI & ML
2025,Coburg,Bayern,mathematik,General,Numeracy,Both AI & ML
2025,Coburg,Bayern,machine learning,Statistics and Data,DataMining,Both AI & ML
2025,Coburg,Bayern,python,Occupational Attributes,Programming,Both AI & ML
2025,,,machine learning,Statistics and Data,DataMining,Both AI & ML
2025,,,independent,Employee Attributes,Independence,Both AI & ML
2025,,,analyse,Decision Making and Analytical,DecisionMaking,Both AI & ML
2025,,,machine learning,Statistics and Data,DataMining,Both AI & ML
2025,,,collaboration,Decision Making and Analytical,Interpersonal,Both AI & ML
2025,,,integration,Occupational Attributes,EnterpriseSystem,Both AI & ML
2025,,,c #,Occupational Attributes,Programming,Both AI & ML
2025,,,python,Occupational Attributes,Programming,Both AI & ML
2025,,,english,General,ForeignLanguage,Both AI & ML
2025,Köln,Nordrhein-Westfalen,machine learning,Statistics and Data,DataMining,Both AI & ML
2025,Köln,Nordrhein-Westfalen,machine learning,Statistics and Data,DataMining,Both AI & ML
2025,Köln,Nordrhein-Westfalen,llm,Generative AI,LLM,Both AI & ML
2025,Köln,Nordrhein-Westfalen,openai,Generative AI,Tools,Both AI & ML
2025,Köln,Nordrhein-Westfalen,claude,Generative AI,LLM,Both AI & ML
2025,Köln,Nordrhein-Westfalen,gemini,Generative AI,LLM,Both AI & ML
2025,Freiburg im Breisgau,Baden-Württemberg,java,Occupational Attributes,Programming,Both AI & ML
2025,Freiburg im Breisgau,Baden-Württemberg,analysis,Decision Making and Analytical,DecisionMaking,Both AI & ML
2025,Freiburg im Breisgau,Baden-Württemberg,machine learning,Statistics and Data,DataMining,Both AI & ML
2025,Freiburg im Breisgau,Baden-Württemberg,integration,Occupational Attributes,EnterpriseSystem,Both AI & ML
2025,Freiburg im Breisgau,Baden-Württemberg,german,General,ForeignLanguage,Both AI & ML
2025,Freiburg im Breisgau,Baden-Württemberg,motivated,Employee Attributes,Motivation,Both AI & ML
2025,Freiburg im Breisgau,Baden-Württemberg,analysis,Decision Making and Analytical,DecisionMaking,Both AI & ML
2025,Freiburg im Breisgau,Baden-Württemberg,integration,Occupational Attributes,EnterpriseSystem,Both AI & ML
2025,Freiburg im Breisgau,Baden-Württemberg,implementation,Decision Making and Analytical,DecisionMaking,Both AI & ML
2025,Freiburg im Breisgau,Baden-Württemberg,machine learning,Statistics and Data,DataMining,Both AI & ML
2025,Freiburg im Breisgau,Baden-Württemberg,analysis,Decision Making and Analytical,DecisionMaking,Both AI & ML
2025,Freiburg im Breisgau,Baden-Württemberg,implementation,Decision Making and Analytical,DecisionMaking,Both AI & ML
2025,Freiburg im Breisgau,Baden-Württemberg,analysis,Decision Making and Analytical,DecisionMaking,Both AI & ML
2025,Freiburg im Breisgau,Baden-Württemberg,analysis,Decision Making and Analytical,DecisionMaking,Both AI & ML
2025,Flensburg,Schleswig-Holstein,flexible,Employee Attributes,Adaptability,Both AI & ML
2025,Flensburg,Schleswig-Holstein,architektur,Occupational Attributes,Hardware,Both AI & ML
2025,Flensburg,Schleswig-Holstein,integration,Occupational Attributes,EnterpriseSystem,Both AI & ML
2025,Flensburg,Schleswig-Holstein,reporting,Decision Making and Analytical,DecisionMaking,Both AI & ML
2025,Flensburg,Schleswig-Holstein,implementierung,Decision Making and Analytical,DecisionMaking,Both AI & ML
2025,Flensburg,Schleswig-Holstein,implementierung,Decision Making and Analytical,DecisionMaking,Both AI & ML
2025,Flensburg,Schleswig-Holstein,integration,Occupational Attributes,EnterpriseSystem,Both AI & ML
2025,Flensburg,Schleswig-Holstein,sap,Occupational Attributes,EnterpriseSystem,Both AI & ML
2025,Flensburg,Schleswig-Holstein,sap,Occupational Attributes,EnterpriseSystem,Both AI & ML
2025,München,Bayern,design,Decision Making and Analytical,DecisionMaking,Both AI & ML
2025,München,Bayern,communication,Decision Making and Analytical,MSOffice,Both AI & ML
2025,München,Bayern,machine learning,Statistics and Data,DataMining,Both AI & ML
2025,München,Bayern,collaboration,Decision Making and Analytical,Interpersonal,Both AI & ML
2025,München,Bayern,verbal,Communication,Verbal,Both AI & ML
2025,München,Bayern,communication,Decision Making and Analytical,MSOffice,Both AI & ML
2025,München,Bayern,design,Decision Making and Analytical,DecisionMaking,Both AI & ML
2025,München,Bayern,communication,Decision Making and Analytical,MSOffice,Both AI & ML
2025,München,Bayern,documentation,Decision Making and Analytical,MSOffice,Both AI & ML
2025,München,Bayern,hardware,Occupational Attributes,Hardware,Both AI & ML
2025,München,Bayern,c + +,Occupational Attributes,Programming,Both AI & ML
2025,München,Bayern,communication,Decision Making and Analytical,MSOffice,Both AI & ML
2025,München,Bayern,communication,Decision Making and Analytical,MSOffice,Both AI & ML
2025,München,Bayern,reliable,Employee Attributes,Other,Both AI & ML
2025,München,Bayern,testing,Decision Making and Analytical,DecisionMaking,Both AI & ML
2025,München,Bayern,machine learning,Statistics and Data,DataMining,Both AI & ML
2025,München,Bayern,analysis,Decision Making and Analytical,DecisionMaking,Both AI & ML
2025,München,Bayern,testing,Decision Making and Analytical,DecisionMaking,Both AI & ML
2025,München,Bayern,testing,Decision Making and Analytical,DecisionMaking,Both AI & ML
2025,München,Bayern,collaboration,Decision Making and Analytical,Interpersonal,Both AI & ML
2025,München,Bayern,cooperation,Decision Making and Analytical,Interpersonal,Both AI & ML
2025,München,Bayern,python,Occupational Attributes,Programming,Both AI & ML
2025,München,Bayern,reliable,Employee Attributes,Other,Both AI & ML
2025,München,Bayern,azure,Cloud Platforms,Azure,Both AI & ML
2025,München,Bayern,integration,Occupational Attributes,EnterpriseSystem,Both AI & ML
2025,München,Bayern,testing,Decision Making and Analytical,DecisionMaking,Both AI & ML
2025,München,Bayern,testing,Decision Making and Analytical,DecisionMaking,Both AI & ML
2025,München,Bayern,english,General,ForeignLanguage,Both AI & ML
2025,München,Bayern,german,General,ForeignLanguage,Both AI & ML
2025,Coburg,Bayern,implementierung,Decision Making and Analytical,DecisionMaking,Both AI & ML
2025,Coburg,Bayern,analyse,Decision Making and Analytical,DecisionMaking,Both AI & ML
2025,Coburg,Bayern,modellierung,Decision Making and Analytical,DecisionMaking,Both AI & ML
2025,Coburg,Bayern,prognose,Statistics and Data,DataMining,Both AI & ML
2025,Coburg,Bayern,planung,Data Engineering,Orchestration,Both AI & ML
2025,Coburg,Bayern,implementierung,Decision Making and Analytical,DecisionMaking,Both AI & ML
2025,Coburg,Bayern,skalierung,Generative AI,Serving,Both AI & ML
2025,Coburg,Bayern,machine learning,Statistics and Data,DataMining,Both AI & ML
2025,Coburg,Bayern,nlp,Specialized ML,NLP,Both AI & ML
2025,Coburg,Bayern,zusammenarbeit,Decision Making and Analytical,Interpersonal,Both AI & ML
2025,Coburg,Bayern,integration,Occupational Attributes,EnterpriseSystem,Both AI & ML
2025,Coburg,Bayern,mathematik,General,Numeracy,Both AI & ML
2025,Coburg,Bayern,python,Occupational Attributes,Programming,Both AI & ML
2025,Coburg,Bayern,sql,Statistics and Data,StructuredData,Both AI & ML
2025,Coburg,Bayern,machine learning,Statistics and Data,DataMining,Both AI & ML
2025,Düsseldorf,Nordrhein-Westfalen,german,General,ForeignLanguage,Both AI & ML
2025,Düsseldorf,Nordrhein-Westfalen,machine learning,Statistics and Data,DataMining,Both AI & ML
2025,Düsseldorf,Nordrhein-Westfalen,modeling,Decision Making and Analytical,DecisionMaking,Both AI & ML
2025,Düsseldorf,Nordrhein-Westfalen,machine learning,Statistics and Data,DataMining,Both AI & ML
2025,Düsseldorf,Nordrhein-Westfalen,design,Decision Making and Analytical,DecisionMaking,Both AI & ML
2025,Düsseldorf,Nordrhein-Westfalen,implementation,Decision Making and Analytical,DecisionMaking,Both AI & ML
2025,Düsseldorf,Nordrhein-Westfalen,analysis,Decision Making and Analytical,DecisionMaking,Both AI & ML
2025,Düsseldorf,Nordrhein-Westfalen,analytical,Decision Making and Analytical,DecisionMaking,Both AI & ML
2025,Düsseldorf,Nordrhein-Westfalen,analysis,Decision Making and Analytical,DecisionMaking,Both AI & ML
2025,Düsseldorf,Nordrhein-Westfalen,machine learning,Statistics and Data,DataMining,Both AI & ML
2025,Düsseldorf,Nordrhein-Westfalen,statistics,Statistics and Data,Statistics,Both AI & ML
2025,Düsseldorf,Nordrhein-Westfalen,python,Occupational Attributes,Programming,Both AI & ML
2025,Düsseldorf,Nordrhein-Westfalen,sql,Statistics and Data,StructuredData,Both AI & ML
2025,Düsseldorf,Nordrhein-Westfalen,aws,Cloud Platforms,AWS,Both AI & ML
2025,Düsseldorf,Nordrhein-Westfalen,azure,Cloud Platforms,Azure,Both AI & ML
2025,Düsseldorf,Nordrhein-Westfalen,english,General,ForeignLanguage,Both AI & ML
2025,Düsseldorf,Nordrhein-Westfalen,german,General,ForeignLanguage,Both AI & ML
2025,München,Bayern,analyse,Decision Making and Analytical,DecisionMaking,Both AI & ML
2025,München,Bayern,programmierung,Occupational Attributes,Programming,Both AI & ML
2025,München,Bayern,machine learning,Statistics and Data,DataMining,Both AI & ML
2025,München,Bayern,word,Decision Making and Analytical,MSOffice,Both AI & ML
2025,München,Bayern,excel,Decision Making and Analytical,MSOffice,Both AI & ML
2025,München,Bayern,powerpoint,Decision Making and Analytical,MSOffice,Both AI & ML
2025,Berlin,Berlin,design,Decision Making and Analytical,DecisionMaking,Both AI & ML
2025,Berlin,Berlin,testing,Decision Making and Analytical,DecisionMaking,Both AI & ML
2025,Berlin,Berlin,statistics,Statistics and Data,Statistics,Both AI & ML
2025,Berlin,Berlin,python,Occupational Attributes,Programming,Both AI & ML
2025,Berlin,Berlin,sql,Statistics and Data,StructuredData,Both AI & ML
2025,Berlin,Berlin,statistics,Statistics and Data,Statistics,Both AI & ML
2025,Berlin,Berlin,probability,Statistics and Data,Statistics,Both AI & ML
2025,Berlin,Berlin,machine learning,Statistics and Data,DataMining,Both AI & ML
2025,Berlin,Berlin,analysis,Decision Making and Analytical,DecisionMaking,Both AI & ML
2025,Berlin,Berlin,modeling,Decision Making and Analytical,DecisionMaking,Both AI & ML
2025,Berlin,Berlin,english,General,ForeignLanguage,Both AI & ML
2025,Berlin,Berlin,german,General,ForeignLanguage,Both AI & ML
2025,Wolfsburg,Niedersachsen,motivated,Employee Attributes,Motivation,Both AI & ML
2025,Wolfsburg,Niedersachsen,autonomous,Employee Attributes,Independence,Both AI & ML
2025,Wolfsburg,Niedersachsen,cooperation,Decision Making and Analytical,Interpersonal,Both AI & ML
2025,Wolfsburg,Niedersachsen,machine learning,Statistics and Data,DataMining,Both AI & ML
2025,Wolfsburg,Niedersachsen,python,Occupational Attributes,Programming,Both AI & ML
2025,Wolfsburg,Niedersachsen,c + +,Occupational Attributes,Programming,Both AI & ML
2025,Wolfsburg,Niedersachsen,independent,Employee Attributes,Independence,Both AI & ML
2025,Wolfsburg,Niedersachsen,autonomous,Employee Attributes,Independence,Both AI & ML
2025,Ludwigshafen am Rhein,Rheinland-Pfalz,design,Decision Making and Analytical,DecisionMaking,Both AI & ML
2025,Ludwigshafen am Rhein,Rheinland-Pfalz,analysis,Decision Making and Analytical,DecisionMaking,Both AI & ML
2025,Ludwigshafen am Rhein,Rheinland-Pfalz,architecture,Occupational Attributes,Hardware,Both AI & ML
2025,Ludwigshafen am Rhein,Rheinland-Pfalz,machine learning,Statistics and Data,DataMining,Both AI & ML
2025,Ludwigshafen am Rhein,Rheinland-Pfalz,python,Occupational Attributes,Programming,Both AI & ML
2025,Ludwigshafen am Rhein,Rheinland-Pfalz,classification,Statistics and Data,DataMining,Both AI & ML
2025,Ludwigshafen am Rhein,Rheinland-Pfalz,communication,Decision Making and Analytical,MSOffice,Both AI & ML
2025,Ludwigshafen am Rhein,Rheinland-Pfalz,c + +,Occupational Attributes,Programming,Both AI & ML
2025,Ludwigshafen am Rhein,Rheinland-Pfalz,analysis,Decision Making and Analytical,DecisionMaking,Both AI & ML
2025,Ludwigshafen am Rhein,Rheinland-Pfalz,flexible,Employee Attributes,Adaptability,Both AI & ML
2025,Hamburg,Hamburg,llm,Generative AI,LLM,Both AI & ML
2025,Hamburg,Hamburg,llm,Generative AI,LLM,Both AI & ML
2025,Hamburg,Hamburg,implementierung,Decision Making and Analytical,DecisionMaking,Both AI & ML
2025,Hamburg,Hamburg,rag,Generative AI,Techniques,Both AI & ML
2025,Hamburg,Hamburg,nlp,Specialized ML,NLP,Both AI & ML
2025,Freiburg im Breisgau,Baden-Württemberg,python,Occupational Attributes,Programming,Both AI & ML
2025,Freiburg im Breisgau,Baden-Württemberg,javascript,Occupational Attributes,Programming,Both AI & ML
2025,Freiburg im Breisgau,Baden-Württemberg,java,Occupational Attributes,Programming,Both AI & ML
2025,Freiburg im Breisgau,Baden-Württemberg,kubernetes,MLOps,Tools,Both AI & ML
2025,Freiburg im Breisgau,Baden-Württemberg,machine learning,Statistics and Data,DataMining,Both AI & ML
2025,Freiburg im Breisgau,Baden-Württemberg,mlops,MLOps,Core,Both AI & ML
2025,Freiburg im Breisgau,Baden-Württemberg,deutsch,General,ForeignLanguage,Both AI & ML
2025,Freiburg im Breisgau,Baden-Württemberg,flexible,Employee Attributes,Adaptability,Both AI & ML
2025,Vogtei,Thüringen,devices,Occupational Attributes,Hardware,Both AI & ML
2025,Vogtei,Thüringen,devices,Occupational Attributes,Hardware,Both AI & ML
2025,Vogtei,Thüringen,machine learning,Statistics and Data,DataMining,Both AI & ML
2025,Vogtei,Thüringen,integration,Occupational Attributes,EnterpriseSystem,Both AI & ML
2025,Vogtei,Thüringen,devices,Occupational Attributes,Hardware,Both AI & ML
2025,Vogtei,Thüringen,design,Decision Making and Analytical,DecisionMaking,Both AI & ML
2025,Vogtei,Thüringen,devices,Occupational Attributes,Hardware,Both AI & ML
2025,Vogtei,Thüringen,analysis,Decision Making and Analytical,DecisionMaking,Both AI & ML
2025,München,Bayern,augmentation,Specialized ML,ComputerVision,Both AI & ML
2025,München,Bayern,integration,Occupational Attributes,EnterpriseSystem,Both AI & ML
2025,München,Bayern,integration,Occupational Attributes,EnterpriseSystem,Both AI & ML
2025,Berlin,Berlin,machine learning,Statistics and Data,DataMining,Both AI & ML
2025,Berlin,Berlin,insight,Decision Making and Analytical,Analytical,Both AI & ML
2025,Berlin,Berlin,collaboration,Decision Making and Analytical,Interpersonal,Both AI & ML
2025,Berlin,Berlin,nlp,Specialized ML,NLP,Both AI & ML
2025,Berlin,Berlin,report,Communication,Presentation,Both AI & ML
2025,Berlin,Berlin,nlp,Specialized ML,NLP,Both AI & ML
2025,Berlin,Berlin,accuracy,Employee Attributes,DetailOriented,Both AI & ML
2025,Berlin,Berlin,report,Communication,Presentation,Both AI & ML
2025,Geesthacht,Schleswig-Holstein,machine learning,Statistics and Data,DataMining,Both AI & ML
2025,Geesthacht,Schleswig-Holstein,analysis,Decision Making and Analytical,DecisionMaking,Both AI & ML
2025,Geesthacht,Schleswig-Holstein,machine learning,Statistics and Data,DataMining,Both AI & ML
2025,Geesthacht,Schleswig-Holstein,autonomous,Employee Attributes,Independence,Both AI & ML
2025,Geesthacht,Schleswig-Holstein,machine learning,Statistics and Data,DataMining,Both AI & ML
2025,Geesthacht,Schleswig-Holstein,motivated,Employee Attributes,Motivation,Both AI & ML
2025,Geesthacht,Schleswig-Holstein,presentation,Communication,Presentation,Both AI & ML
2025,Geesthacht,Schleswig-Holstein,python,Occupational Attributes,Programming,Both AI & ML
2025,Geesthacht,Schleswig-Holstein,matlab,Statistics and Data,Statistics,Both AI & ML
2025,Geesthacht,Schleswig-Holstein,english,General,ForeignLanguage,Both AI & ML
2025,Geesthacht,Schleswig-Holstein,communication,Decision Making and Analytical,MSOffice,Both AI & ML
2025,Jülich,Nordrhein-Westfalen,implementation,Decision Making and Analytical,DecisionMaking,Both AI & ML
2025,Jülich,Nordrhein-Westfalen,datenanalyse,General,Research,Both AI & ML
2025,Jülich,Nordrhein-Westfalen,datenanalyse,General,Research,Both AI & ML
2025,Jülich,Nordrhein-Westfalen,analyse,Decision Making and Analytical,DecisionMaking,Both AI & ML
2025,Jülich,Nordrhein-Westfalen,präsentation,Communication,Presentation,Both AI & ML
2025,Bremen,Bremen,llm,Generative AI,LLM,Both AI & ML
2025,Bremen,Bremen,zusammenarbeit,Decision Making and Analytical,Interpersonal,Both AI & ML
2025,Bremen,Bremen,llm,Generative AI,LLM,Both AI & ML
2025,Bremen,Bremen,llm,Generative AI,LLM,Both AI & ML
2025,Bremen,Bremen,llm,Generative AI,LLM,Both AI & ML
2025,Bremen,Bremen,skalierung,Generative AI,Serving,Both AI & ML
2025,Bremen,Bremen,machine learning,Statistics and Data,DataMining,Both AI & ML
2025,Bremen,Bremen,claude,Generative AI,LLM,Both AI & ML
2025,Bremen,Bremen,python,Occupational Attributes,Programming,Both AI & ML
2025,Bremen,Bremen,llm,Generative AI,LLM,Both AI & ML
2025,Bonn,Nordrhein-Westfalen,nlp,Specialized ML,NLP,Both AI & ML
2025,Düsseldorf,Nordrhein-Westfalen,python,Occupational Attributes,Programming,Both AI & ML
2025,Düsseldorf,Nordrhein-Westfalen,motiviert,Employee Attributes,Motivation,Both AI & ML
2025,Düsseldorf,Nordrhein-Westfalen,python,Occupational Attributes,Programming,Both AI & ML
2025,Düsseldorf,Nordrhein-Westfalen,python,Occupational Attributes,Programming,Both AI & ML
2025,Düsseldorf,Nordrhein-Westfalen,spark,Statistics and Data,BigData,Both AI & ML
2025,Düsseldorf,Nordrhein-Westfalen,zusammenarbeit,Decision Making and Analytical,Interpersonal,Both AI & ML
2025,Düsseldorf,Nordrhein-Westfalen,integration,Occupational Attributes,EnterpriseSystem,Both AI & ML
2025,München,Bayern,independent,Employee Attributes,Independence,Both AI & ML
2025,München,Bayern,responsible,Communication,Generic,Both AI & ML
2025,München,Bayern,responsible,Communication,Generic,Both AI & ML
2025,München,Bayern,implementation,Decision Making and Analytical,DecisionMaking,Both AI & ML
2025,München,Bayern,motivated,Employee Attributes,Motivation,Both AI & ML
2025,München,Bayern,design,Decision Making and Analytical,DecisionMaking,Both AI & ML
2025,München,Bayern,reliable,Employee Attributes,Other,Both AI & ML
2025,München,Bayern,machine learning,Statistics and Data,DataMining,Both AI & ML
2025,München,Bayern,python,Occupational Attributes,Programming,Both AI & ML
2025,Bonn,Nordrhein-Westfalen,machine learning,Statistics and Data,DataMining,Both AI & ML
2025,Bonn,Nordrhein-Westfalen,design,Decision Making and Analytical,DecisionMaking,Both AI & ML
2025,Bonn,Nordrhein-Westfalen,implementierung,Decision Making and Analytical,DecisionMaking,Both AI & ML
2025,Bonn,Nordrhein-Westfalen,zusammenarbeit,Decision Making and Analytical,Interpersonal,Both AI & ML
2025,Bonn,Nordrhein-Westfalen,python,Occupational Attributes,Programming,Both AI & ML
2025,Bonn,Nordrhein-Westfalen,javascript,Occupational Attributes,Programming,Both AI & ML
2025,Bonn,Nordrhein-Westfalen,skalierung,Generative AI,Serving,Both AI & ML
2025,Bonn,Nordrhein-Westfalen,aws,Cloud Platforms,AWS,Both AI & ML
2025,Bonn,Nordrhein-Westfalen,azure,Cloud Platforms,Azure,Both AI & ML
2025,Bonn,Nordrhein-Westfalen,gcp,Cloud Platforms,GCP,Both AI & ML
2025,Bonn,Nordrhein-Westfalen,flexible,Employee Attributes,Adaptability,Both AI & ML
2025,Berlin,Berlin,machine learning,Statistics and Data,DataMining,Both AI & ML
2025,Berlin,Berlin,python,Occupational Attributes,Programming,Both AI & ML
2025,Berlin,Berlin,design,Decision Making and Analytical,DecisionMaking,Both AI & ML
2025,Berlin,Berlin,hardware,Occupational Attributes,Hardware,Both AI & ML
2025,Berlin,Berlin,report,Communication,Presentation,Both AI & ML
2025,Berlin,Berlin,present,Communication,Presentation,Both AI & ML
2025,Berlin,Berlin,english,General,ForeignLanguage,Both AI & ML
2025,München,Bayern,machine learning,Statistics and Data,DataMining,Both AI & ML
2025,München,Bayern,analyse,Decision Making and Analytical,DecisionMaking,Both AI & ML
2025,München,Bayern,implementierung,Decision Making and Analytical,DecisionMaking,Both AI & ML
2025,München,Bayern,programmierung,Occupational Attributes,Programming,Both AI & ML
2025,München,Bayern,architektur,Occupational Attributes,Hardware,Both AI & ML
2025,Jena,Thüringen,design,Decision Making and Analytical,DecisionMaking,Both AI & ML
2025,Jena,Thüringen,integration,Occupational Attributes,EnterpriseSystem,Both AI & ML
2025,München,Bayern,german,General,ForeignLanguage,Both AI & ML
2025,München,Bayern,machine learning,Statistics and Data,DataMining,Both AI & ML
2025,München,Bayern,responsible,Communication,Generic,Both AI & ML
2025,München,Bayern,machine learning,Statistics and Data,DataMining,Both AI & ML
2025,München,Bayern,machine learning,Statistics and Data,DataMining,Both AI & ML
2025,München,Bayern,reporting,Decision Making and Analytical,DecisionMaking,Both AI & ML
2025,München,Bayern,machine learning,Statistics and Data,DataMining,Both AI & ML
2025,München,Bayern,python,Occupational Attributes,Programming,Both AI & ML
2025,München,Bayern,motivated,Employee Attributes,Motivation,Both AI & ML
2025,München,Bayern,english,General,ForeignLanguage,Both AI & ML
2025,München,Bayern,analysis,Decision Making and Analytical,DecisionMaking,Both AI & ML
2025,München,Bayern,design,Decision Making and Analytical,DecisionMaking,Both AI & ML
2025,München,Bayern,collaboration,Decision Making and Analytical,Interpersonal,Both AI & ML
2025,München,Bayern,prediction,Statistics and Data,DataMining,Both AI & ML
2025,München,Bayern,design,Decision Making and Analytical,DecisionMaking,Both AI & ML
2025,München,Bayern,machine learning,Statistics and Data,DataMining,Both AI & ML
2025,München,Bayern,analysis,Decision Making and Analytical,DecisionMaking,Both AI & ML
2025,München,Bayern,python,Occupational Attributes,Programming,Both AI & ML
2025,Gescher,Nordrhein-Westfalen,datenanalyse,General,Research,Both AI & ML
2025,Gescher,Nordrhein-Westfalen,machine learning,Statistics and Data,DataMining,Both AI & ML
2025,Gescher,Nordrhein-Westfalen,python,Occupational Attributes,Programming,Both AI & ML
2025,Gescher,Nordrhein-Westfalen,c + +,Occupational Attributes,Programming,Both AI & ML
2025,Gescher,Nordrhein-Westfalen,java,Occupational Attributes,Programming,Both AI & ML
2025,Gescher,Nordrhein-Westfalen,motiviert,Employee Attributes,Motivation,Both AI & ML
2025,Berlin,Berlin,design,Decision Making and Analytical,DecisionMaking,Both AI & ML
2025,Berlin,Berlin,llm,Generative AI,LLM,Both AI & ML
2025,Berlin,Berlin,recherche,General,Research,Both AI & ML
2025,Berlin,Berlin,zusammenfassung,Specialized ML,NLP,Both AI & ML
2025,Berlin,Berlin,machine learning,Statistics and Data,DataMining,Both AI & ML
2025,Berlin,Berlin,python,Occupational Attributes,Programming,Both AI & ML
2025,Berlin,Berlin,architecture,Occupational Attributes,Hardware,Both AI & ML
2025,Berlin,Berlin,machine learning,Statistics and Data,DataMining,Both AI & ML
2025,Berlin,Berlin,implementation,Decision Making and Analytical,DecisionMaking,Both AI & ML
2025,Berlin,Berlin,documentation,Decision Making and Analytical,MSOffice,Both AI & ML
2025,Berlin,Berlin,design,Decision Making and Analytical,DecisionMaking,Both AI & ML
2025,Frankfurt am Main,Hessen,zusammenarbeit,Decision Making and Analytical,Interpersonal,Both AI & ML
2025,Köln,Nordrhein-Westfalen,deutsch,General,ForeignLanguage,Both AI & ML
2025,Köln,Nordrhein-Westfalen,implementierung,Decision Making and Analytical,DecisionMaking,Both AI & ML
2025,Köln,Nordrhein-Westfalen,zusammenarbeit,Decision Making and Analytical,Interpersonal,Both AI & ML
2025,Köln,Nordrhein-Westfalen,programmierung,Occupational Attributes,Programming,Both AI & ML
2025,Köln,Nordrhein-Westfalen,machine learning,Statistics and Data,DataMining,Both AI & ML
2025,Köln,Nordrhein-Westfalen,deutsch,General,ForeignLanguage,Both AI & ML
2025,Ottobrunn,Bayern,reliable,Employee Attributes,Other,Both AI & ML
2025,Ottobrunn,Bayern,independent,Employee Attributes,Independence,Both AI & ML
2025,Ottobrunn,Bayern,implementation,Decision Making and Analytical,DecisionMaking,Both AI & ML
2025,Ottobrunn,Bayern,integration,Occupational Attributes,EnterpriseSystem,Both AI & ML
2025,Ottobrunn,Bayern,testing,Decision Making and Analytical,DecisionMaking,Both AI & ML
2025,Ottobrunn,Bayern,machine learning,Statistics and Data,DataMining,Both AI & ML
2025,Ottobrunn,Bayern,python,Occupational Attributes,Programming,Both AI & ML
2025,Ottobrunn,Bayern,testing,Decision Making and Analytical,DecisionMaking,Both AI & ML
2025,Ottobrunn,Bayern,analytical,Decision Making and Analytical,DecisionMaking,Both AI & ML
2025,Ottobrunn,Bayern,english,General,ForeignLanguage,Both AI & ML
2025,Ottobrunn,Bayern,german,General,ForeignLanguage,Both AI & ML
2025,Ottobrunn,Bayern,design,Decision Making and Analytical,DecisionMaking,Both AI & ML
2025,Ottobrunn,Bayern,architecture,Occupational Attributes,Hardware,Both AI & ML
2025,Ottobrunn,Bayern,design,Decision Making and Analytical,DecisionMaking,Both AI & ML
2025,Ottobrunn,Bayern,mlops,MLOps,Core,Both AI & ML
2025,Ottobrunn,Bayern,docker,MLOps,Tools,Both AI & ML
2025,Ottobrunn,Bayern,kubernetes,MLOps,Tools,Both AI & ML
2025,Berlin,Berlin,hardware,Occupational Attributes,Hardware,Both AI & ML
2025,München,Bayern,scaling,Generative AI,Serving,Both AI & ML
2025,München,Bayern,devices,Occupational Attributes,Hardware,Both AI & ML
2025,München,Bayern,collaboration,Decision Making and Analytical,Interpersonal,Both AI & ML
2025,München,Bayern,implementation,Decision Making and Analytical,DecisionMaking,Both AI & ML
2025,München,Bayern,transparency,Ethical and Responsible AI,EthicalAI,Both AI & ML
2025,Siegburg,Nordrhein-Westfalen,machine learning,Statistics and Data,DataMining,Both AI & ML
2025,Siegburg,Nordrhein-Westfalen,machine learning,Statistics and Data,DataMining,Both AI & ML
2025,Siegburg,Nordrhein-Westfalen,classification,Statistics and Data,DataMining,Both AI & ML
2025,Siegburg,Nordrhein-Westfalen,analysis,Decision Making and Analytical,DecisionMaking,Both AI & ML
2025,Siegburg,Nordrhein-Westfalen,analysis,Decision Making and Analytical,DecisionMaking,Both AI & ML
2025,Siegburg,Nordrhein-Westfalen,implementation,Decision Making and Analytical,DecisionMaking,Both AI & ML
2025,Siegburg,Nordrhein-Westfalen,implementation,Decision Making and Analytical,DecisionMaking,Both AI & ML
2025,Siegburg,Nordrhein-Westfalen,sap,Occupational Attributes,EnterpriseSystem,Both AI & ML
2025,Siegburg,Nordrhein-Westfalen,collaboration,Decision Making and Analytical,Interpersonal,Both AI & ML
2025,Siegburg,Nordrhein-Westfalen,machine learning,Statistics and Data,DataMining,Both AI & ML
2025,Siegburg,Nordrhein-Westfalen,python,Occupational Attributes,Programming,Both AI & ML
2025,Siegburg,Nordrhein-Westfalen,analysis,Decision Making and Analytical,DecisionMaking,Both AI & ML
2025,Siegburg,Nordrhein-Westfalen,pandas,Statistics and Data,Statistics,Both AI & ML
2025,Siegburg,Nordrhein-Westfalen,sap,Occupational Attributes,EnterpriseSystem,Both AI & ML
2025,Siegburg,Nordrhein-Westfalen,analytical,Decision Making and Analytical,DecisionMaking,Both AI & ML
2025,Siegburg,Nordrhein-Westfalen,analytical,Decision Making and Analytical,DecisionMaking,Both AI & ML
2025,Siegburg,Nordrhein-Westfalen,communication,Decision Making and Analytical,MSOffice,Both AI & ML
2025,Siegburg,Nordrhein-Westfalen,english,General,ForeignLanguage,Both AI & ML
2025,Siegburg,Nordrhein-Westfalen,german,General,ForeignLanguage,Both AI & ML
2025,Düsseldorf,Nordrhein-Westfalen,sap,Occupational Attributes,EnterpriseSystem,Both AI & ML
2025,Düsseldorf,Nordrhein-Westfalen,sap,Occupational Attributes,EnterpriseSystem,Both AI & ML
2025,Düsseldorf,Nordrhein-Westfalen,zusammenarbeit,Decision Making and Analytical,Interpersonal,Both AI & ML
2025,Düsseldorf,Nordrhein-Westfalen,sap,Occupational Attributes,EnterpriseSystem,Both AI & ML
2025,Düsseldorf,Nordrhein-Westfalen,kooperation,Decision Making and Analytical,Interpersonal,Both AI & ML
2025,Düsseldorf,Nordrhein-Westfalen,sap,Occupational Attributes,EnterpriseSystem,Both AI & ML
2025,Düsseldorf,Nordrhein-Westfalen,sap,Occupational Attributes,EnterpriseSystem,Both AI & ML
2025,Düsseldorf,Nordrhein-Westfalen,lernbereitschaft,Employee Attributes,Motivation,Both AI & ML
2025,Düsseldorf,Nordrhein-Westfalen,sap,Occupational Attributes,EnterpriseSystem,Both AI & ML
2025,Düsseldorf,Nordrhein-Westfalen,sap,Occupational Attributes,EnterpriseSystem,Both AI & ML
2025,Düsseldorf,Nordrhein-Westfalen,implementierung,Decision Making and Analytical,DecisionMaking,Both AI & ML
2025,Düsseldorf,Nordrhein-Westfalen,sap,Occupational Attributes,EnterpriseSystem,Both AI & ML
2025,Düsseldorf,Nordrhein-Westfalen,sap,Occupational Attributes,EnterpriseSystem,Both AI & ML
2025,Walldorf,Baden-Württemberg,sap,Occupational Attributes,EnterpriseSystem,Both AI & ML
2025,Walldorf,Baden-Württemberg,collaboration,Decision Making and Analytical,Interpersonal,Both AI & ML
2025,Walldorf,Baden-Württemberg,responsible,Communication,Generic,Both AI & ML
2025,Walldorf,Baden-Württemberg,competitive,Communication,Generic,Both AI & ML
2025,Walldorf,Baden-Württemberg,integration,Occupational Attributes,EnterpriseSystem,Both AI & ML
2025,Walldorf,Baden-Württemberg,motivated,Employee Attributes,Motivation,Both AI & ML
2025,München,Bayern,communication,Decision Making and Analytical,MSOffice,AI
2025,München,Bayern,powerpoint,Decision Making and Analytical,MSOffice,AI
2025,München,Bayern,excel,Decision Making and Analytical,MSOffice,AI
2025,München,Bayern,motivated,Employee Attributes,Motivation,AI
2025,München,Bayern,analytical,Decision Making and Analytical,DecisionMaking,AI
2025,München,Bayern,powerpoint,Decision Making and Analytical,MSOffice,AI
2025,München,Bayern,excel,Decision Making and Analytical,MSOffice,AI
2025,München,Bayern,german,General,ForeignLanguage,AI
2025,München,Bayern,english,General,ForeignLanguage,AI
2025,München,Bayern,english,General,ForeignLanguage,AI
2025,München,Bayern,report,Communication,Presentation,AI
2025,Siegburg,Nordrhein-Westfalen,machine learning,Statistics and Data,DataMining,Both AI & ML
2025,Siegburg,Nordrhein-Westfalen,azure,Cloud Platforms,Azure,Both AI & ML
2025,Siegburg,Nordrhein-Westfalen,llm,Generative AI,LLM,Both AI & ML
2025,Siegburg,Nordrhein-Westfalen,analysis,Decision Making and Analytical,DecisionMaking,Both AI & ML
2025,Siegburg,Nordrhein-Westfalen,collaboration,Decision Making and Analytical,Interpersonal,Both AI & ML
2025,Siegburg,Nordrhein-Westfalen,present,Communication,Presentation,Both AI & ML
2025,Karlsruhe,Baden-Württemberg,analyse,Decision Making and Analytical,DecisionMaking,Both AI & ML
2025,Karlsruhe,Baden-Württemberg,integration,Occupational Attributes,EnterpriseSystem,Both AI & ML
2025,Karlsruhe,Baden-Württemberg,analyse,Decision Making and Analytical,DecisionMaking,Both AI & ML
2025,Karlsruhe,Baden-Württemberg,mathematik,General,Numeracy,Both AI & ML
2025,Karlsruhe,Baden-Württemberg,implementierung,Decision Making and Analytical,DecisionMaking,Both AI & ML
2025,Karlsruhe,Baden-Württemberg,machine learning,Statistics and Data,DataMining,Both AI & ML
2025,Karlsruhe,Baden-Württemberg,datenanalyse,General,Research,Both AI & ML
2025,Karlsruhe,Baden-Württemberg,python,Occupational Attributes,Programming,Both AI & ML
2025,Berlin,Berlin,analytical,Decision Making and Analytical,DecisionMaking,Both AI & ML
2025,Berlin,Berlin,analytical,Decision Making and Analytical,DecisionMaking,Both AI & ML
2025,Berlin,Berlin,design,Decision Making and Analytical,DecisionMaking,Both AI & ML
2025,Berlin,Berlin,spark,Statistics and Data,BigData,Both AI & ML
2025,Berlin,Berlin,insight,Decision Making and Analytical,Analytical,Both AI & ML
2025,München,Bayern,datenanalyse,General,Research,Both AI & ML
2025,München,Bayern,integration,Occupational Attributes,EnterpriseSystem,Both AI & ML
2025,München,Bayern,python,Occupational Attributes,Programming,Both AI & ML
2025,München,Bayern,programmierung,Occupational Attributes,Programming,Both AI & ML
2025,München,Bayern,python,Occupational Attributes,Programming,Both AI & ML
2025,München,Bayern,englisch,General,ForeignLanguage,Both AI & ML
2025,München,Bayern,deutsch,General,ForeignLanguage,Both AI & ML
2025,Walldorf,Baden-Württemberg,sap,Occupational Attributes,EnterpriseSystem,Both AI & ML
2025,Walldorf,Baden-Württemberg,collaboration,Decision Making and Analytical,Interpersonal,Both AI & ML
2025,Walldorf,Baden-Württemberg,responsible,Communication,Generic,Both AI & ML
2025,Walldorf,Baden-Württemberg,competitive,Communication,Generic,Both AI & ML
2025,Walldorf,Baden-Württemberg,integration,Occupational Attributes,EnterpriseSystem,Both AI & ML
2025,Walldorf,Baden-Württemberg,motivated,Employee Attributes,Motivation,Both AI & ML
2025,München,Bayern,python,Occupational Attributes,Programming,Both AI & ML
2025,München,Bayern,saas,Occupational Attributes,EnterpriseSystem,Both AI & ML
2025,München,Bayern,competitive,Communication,Generic,Both AI & ML
2025,München,Bayern,llm,Generative AI,LLM,Both AI & ML
2025,München,Bayern,machine learning,Statistics and Data,DataMining,Both AI & ML
2025,München,Bayern,responsible,Communication,Generic,Both AI & ML
2025,München,Bayern,design,Decision Making and Analytical,DecisionMaking,Both AI & ML
2025,München,Bayern,llm,Generative AI,LLM,Both AI & ML
2025,München,Bayern,machine learning,Statistics and Data,DataMining,Both AI & ML
2025,München,Bayern,python,Occupational Attributes,Programming,Both AI & ML
2025,München,Bayern,kafka,Data Engineering,IngestionStreaming,Both AI & ML
2025,Erlangen,Bayern,big data,Statistics and Data,BigData,Both AI & ML
2025,Erlangen,Bayern,machine learning,Statistics and Data,DataMining,Both AI & ML
2025,Erlangen,Bayern,selbstständig,Employee Attributes,Independence,Both AI & ML
2025,Erlangen,Bayern,big data,Statistics and Data,BigData,Both AI & ML
2025,Düsseldorf,Nordrhein-Westfalen,machine learning,Statistics and Data,DataMining,Both AI & ML
2025,Düsseldorf,Nordrhein-Westfalen,java,Occupational Attributes,Programming,Both AI & ML
2025,Düsseldorf,Nordrhein-Westfalen,javascript,Occupational Attributes,Programming,Both AI & ML
2025,Düsseldorf,Nordrhein-Westfalen,docker,MLOps,Tools,Both AI & ML
2025,Düsseldorf,Nordrhein-Westfalen,kubernetes,MLOps,Tools,Both AI & ML
2025,Düsseldorf,Nordrhein-Westfalen,aws,Cloud Platforms,AWS,Both AI & ML
2025,Düsseldorf,Nordrhein-Westfalen,azure,Cloud Platforms,Azure,Both AI & ML
2025,Düsseldorf,Nordrhein-Westfalen,gcp,Cloud Platforms,GCP,Both AI & ML
2025,Freiburg im Breisgau,Baden-Württemberg,architecture,Occupational Attributes,Hardware,Both AI & ML
2025,Freiburg im Breisgau,Baden-Württemberg,design,Decision Making and Analytical,DecisionMaking,Both AI & ML
2025,Freiburg im Breisgau,Baden-Württemberg,architecture,Occupational Attributes,Hardware,Both AI & ML
2025,Freiburg im Breisgau,Baden-Württemberg,architecture,Occupational Attributes,Hardware,Both AI & ML
2025,München,Bayern,crm,Occupational Attributes,EnterpriseSystem,Both AI & ML
2025,München,Bayern,machine learning,Statistics and Data,DataMining,Both AI & ML
2025,München,Bayern,machine learning,Statistics and Data,DataMining,Both AI & ML
2025,München,Bayern,crm,Occupational Attributes,EnterpriseSystem,Both AI & ML
2025,München,Bayern,crm,Occupational Attributes,EnterpriseSystem,Both AI & ML
2025,Herzogenrath,Nordrhein-Westfalen,kommunikation,Decision Making and Analytical,MSOffice,Both AI & ML
2025,Herzogenrath,Nordrhein-Westfalen,azure,Cloud Platforms,Azure,Both AI & ML
2025,Herzogenrath,Nordrhein-Westfalen,aws,Cloud Platforms,AWS,Both AI & ML
2025,Herzogenrath,Nordrhein-Westfalen,datenanalyse,General,Research,Both AI & ML
2025,Herzogenrath,Nordrhein-Westfalen,implementierung,Decision Making and Analytical,DecisionMaking,Both AI & ML
2025,Herzogenrath,Nordrhein-Westfalen,standardisierung,MLOps,FeatureEngineering,Both AI & ML
2025,Herzogenrath,Nordrhein-Westfalen,azure,Cloud Platforms,Azure,Both AI & ML
2025,Herzogenrath,Nordrhein-Westfalen,aws,Cloud Platforms,AWS,Both AI & ML
2025,Herzogenrath,Nordrhein-Westfalen,integration,Occupational Attributes,EnterpriseSystem,Both AI & ML
2025,Herzogenrath,Nordrhein-Westfalen,zusammenarbeit,Decision Making and Analytical,Interpersonal,Both AI & ML
2025,Kleinmachnow,Brandenburg,report,Communication,Presentation,Both AI & ML
2025,Kleinmachnow,Brandenburg,design,Decision Making and Analytical,DecisionMaking,Both AI & ML
2025,Kleinmachnow,Brandenburg,present,Communication,Presentation,Both AI & ML
2025,Kleinmachnow,Brandenburg,storage,Occupational Attributes,Hardware,Both AI & ML
2025,Kleinmachnow,Brandenburg,analytical,Decision Making and Analytical,DecisionMaking,Both AI & ML
2025,Kleinmachnow,Brandenburg,machine learning,Statistics and Data,DataMining,Both AI & ML
2025,Kleinmachnow,Brandenburg,design,Decision Making and Analytical,DecisionMaking,Both AI & ML
2025,Kleinmachnow,Brandenburg,python,Occupational Attributes,Programming,Both AI & ML
2025,Kleinmachnow,Brandenburg,sql,Statistics and Data,StructuredData,Both AI & ML
2025,Kleinmachnow,Brandenburg,hadoop,Statistics and Data,BigData,Both AI & ML
2025,Kleinmachnow,Brandenburg,spark,Statistics and Data,BigData,Both AI & ML
2025,Berlin,Berlin,design,Decision Making and Analytical,DecisionMaking,Both AI & ML
2025,Berlin,Berlin,design,Decision Making and Analytical,DecisionMaking,Both AI & ML
2025,Berlin,Berlin,llm,Generative AI,LLM,Both AI & ML
2025,Berlin,Berlin,architecture,Occupational Attributes,Hardware,Both AI & ML
2025,Berlin,Berlin,design,Decision Making and Analytical,DecisionMaking,Both AI & ML
2025,Berlin,Berlin,machine learning,Statistics and Data,DataMining,Both AI & ML
2025,München,Bayern,integration,Occupational Attributes,EnterpriseSystem,Both AI & ML
2025,München,Bayern,flexible,Employee Attributes,Adaptability,Both AI & ML
2025,München,Bayern,collaboration,Decision Making and Analytical,Interpersonal,Both AI & ML
2025,München,Bayern,implementation,Decision Making and Analytical,DecisionMaking,Both AI & ML
2025,München,Bayern,azure,Cloud Platforms,Azure,Both AI & ML
2025,München,Bayern,sql,Statistics and Data,StructuredData,Both AI & ML
2025,München,Bayern,kubernetes,MLOps,Tools,Both AI & ML
2025,München,Bayern,docker,MLOps,Tools,Both AI & ML
2025,München,Bayern,mongodb,Statistics and Data,StructuredData,Both AI & ML
2025,München,Bayern,mysql,Statistics and Data,StructuredData,Both AI & ML
2025,München,Bayern,kafka,Data Engineering,IngestionStreaming,Both AI & ML
2025,München,Bayern,interpersonal,Decision Making and Analytical,Interpersonal,Both AI & ML
2025,München,Bayern,communication,Decision Making and Analytical,MSOffice,Both AI & ML
2025,München,Bayern,english,General,ForeignLanguage,Both AI & ML
2025,Hamburg,Hamburg,java,Occupational Attributes,Programming,Both AI & ML
2025,Hamburg,Hamburg,docker,MLOps,Tools,Both AI & ML
2025,Hamburg,Hamburg,kubernetes,MLOps,Tools,Both AI & ML
2025,Hamburg,Hamburg,aws,Cloud Platforms,AWS,Both AI & ML
2025,Hamburg,Hamburg,azure,Cloud Platforms,Azure,Both AI & ML
2025,Hamburg,Hamburg,integration,Occupational Attributes,EnterpriseSystem,Both AI & ML
2025,Hamburg,Hamburg,machine learning,Statistics and Data,DataMining,Both AI & ML
2025,Hamburg,Hamburg,java,Occupational Attributes,Programming,Both AI & ML
2025,Hamburg,Hamburg,deutsch,General,ForeignLanguage,Both AI & ML
2025,Berlin,Berlin,analytical,Decision Making and Analytical,DecisionMaking,Both AI & ML
2025,Berlin,Berlin,nlp,Specialized ML,NLP,Both AI & ML
2025,Berlin,Berlin,machine learning,Statistics and Data,DataMining,Both AI & ML
2025,Berlin,Berlin,probability,Statistics and Data,Statistics,Both AI & ML
2025,München,Bayern,scaling,Generative AI,Serving,Both AI & ML
2025,München,Bayern,competitive,Communication,Generic,Both AI & ML
2025,München,Bayern,english,General,ForeignLanguage,Both AI & ML
2025,München,Bayern,scaling,Generative AI,Serving,Both AI & ML
2025,München,Bayern,machine learning,Statistics and Data,DataMining,Both AI & ML
2025,München,Bayern,collaboration,Decision Making and Analytical,Interpersonal,Both AI & ML
2025,München,Bayern,machine learning,Statistics and Data,DataMining,Both AI & ML
2025,München,Bayern,communication,Decision Making and Analytical,MSOffice,Both AI & ML
2025,Kirchheim unter Teck,Baden-Württemberg,architektur,Occupational Attributes,Hardware,Both AI & ML
2025,Kirchheim unter Teck,Baden-Württemberg,integration,Occupational Attributes,EnterpriseSystem,Both AI & ML
2025,Kirchheim unter Teck,Baden-Württemberg,c #,Occupational Attributes,Programming,Both AI & ML
2025,Kirchheim unter Teck,Baden-Württemberg,c + +,Occupational Attributes,Programming,Both AI & ML
2025,Kirchheim unter Teck,Baden-Württemberg,machine learning,Statistics and Data,DataMining,Both AI & ML
2025,Kirchheim unter Teck,Baden-Württemberg,englisch,General,ForeignLanguage,Both AI & ML
2025,München,Bayern,datenanalyse,General,Research,Both AI & ML
2025,München,Bayern,analyse,Decision Making and Analytical,DecisionMaking,Both AI & ML
2025,München,Bayern,analyse,Decision Making and Analytical,DecisionMaking,Both AI & ML
2025,München,Bayern,implementierung,Decision Making and Analytical,DecisionMaking,Both AI & ML
2025,München,Bayern,analyse,Decision Making and Analytical,DecisionMaking,Both AI & ML
2025,München,Bayern,python,Occupational Attributes,Programming,Both AI & ML
2025,Berlin,Berlin,machine learning,Statistics and Data,DataMining,Both AI & ML
2025,Berlin,Berlin,prediction,Statistics and Data,DataMining,Both AI & ML
2025,Berlin,Berlin,communication,Decision Making and Analytical,MSOffice,Both AI & ML
2025,Berlin,Berlin,architecture,Occupational Attributes,Hardware,Both AI & ML
2025,Berlin,Berlin,testing,Decision Making and Analytical,DecisionMaking,Both AI & ML
2025,Berlin,Berlin,collaboration,Decision Making and Analytical,Interpersonal,Both AI & ML
2025,Berlin,Berlin,javascript,Occupational Attributes,Programming,Both AI & ML
2025,Berlin,Berlin,java,Occupational Attributes,Programming,Both AI & ML
2025,Berlin,Berlin,c + +,Occupational Attributes,Programming,Both AI & ML
2025,Berlin,Berlin,python,Occupational Attributes,Programming,Both AI & ML
2025,Berlin,Berlin,machine learning,Statistics and Data,DataMining,Both AI & ML
2025,Berlin,Berlin,machine learning,Statistics and Data,DataMining,Both AI & ML
2025,Berlin,Berlin,aws,Cloud Platforms,AWS,Both AI & ML
2025,Berlin,Berlin,machine learning,Statistics and Data,DataMining,Both AI & ML
2025,Berlin,Berlin,creative,Decision Making and Analytical,Creativity,Both AI & ML
2025,Berlin,Berlin,machine learning,Statistics and Data,DataMining,Both AI & ML
2025,Berlin,Berlin,machine learning,Statistics and Data,DataMining,Both AI & ML
2025,Berlin,Berlin,aws,Cloud Platforms,AWS,Both AI & ML
2025,Berlin,Berlin,aws,Cloud Platforms,AWS,Both AI & ML
2025,Berlin,Berlin,aws,Cloud Platforms,AWS,Both AI & ML
2025,Berlin,Berlin,aws,Cloud Platforms,AWS,Both AI & ML
2025,München,Bayern,machine learning,Statistics and Data,DataMining,Both AI & ML
2025,München,Bayern,gcp,Cloud Platforms,GCP,Both AI & ML
2025,München,Bayern,devices,Occupational Attributes,Hardware,Both AI & ML
2025,Bielefeld,Nordrhein-Westfalen,machine learning,Statistics and Data,DataMining,Both AI & ML
2025,Bielefeld,Nordrhein-Westfalen,machine learning,Statistics and Data,DataMining,Both AI & ML
2025,Bielefeld,Nordrhein-Westfalen,machine learning,Statistics and Data,DataMining,Both AI & ML
2025,Bielefeld,Nordrhein-Westfalen,analyse,Decision Making and Analytical,DecisionMaking,Both AI & ML
2025,Bielefeld,Nordrhein-Westfalen,python,Occupational Attributes,Programming,Both AI & ML
2025,Bielefeld,Nordrhein-Westfalen,sql,Statistics and Data,StructuredData,Both AI & ML
2025,Bielefeld,Nordrhein-Westfalen,statistik,Statistics and Data,Statistics,Both AI & ML
2025,Bielefeld,Nordrhein-Westfalen,machine learning,Statistics and Data,DataMining,Both AI & ML
2025,Bielefeld,Nordrhein-Westfalen,machine learning,Statistics and Data,DataMining,Both AI & ML
2025,Bielefeld,Nordrhein-Westfalen,python,Occupational Attributes,Programming,Both AI & ML
2025,Bielefeld,Nordrhein-Westfalen,sql,Statistics and Data,StructuredData,Both AI & ML
2025,Bielefeld,Nordrhein-Westfalen,prediction,Statistics and Data,DataMining,Both AI & ML
2025,Bielefeld,Nordrhein-Westfalen,aws,Cloud Platforms,AWS,Both AI & ML
2025,Bielefeld,Nordrhein-Westfalen,azure,Cloud Platforms,Azure,Both AI & ML
2025,Bielefeld,Nordrhein-Westfalen,gcp,Cloud Platforms,GCP,Both AI & ML
2025,Bielefeld,Nordrhein-Westfalen,docker,MLOps,Tools,Both AI & ML
2025,Bielefeld,Nordrhein-Westfalen,kubernetes,MLOps,Tools,Both AI & ML
2025,Grasbrunn,Bayern,inference,Generative AI,Serving,Both AI & ML
2025,Grasbrunn,Bayern,azure,Cloud Platforms,Azure,Both AI & ML
2025,Grasbrunn,Bayern,aws,Cloud Platforms,AWS,Both AI & ML
2025,Grasbrunn,Bayern,kommunikation,Decision Making and Analytical,MSOffice,Both AI & ML
2025,Grasbrunn,Bayern,machine learning,Statistics and Data,DataMining,Both AI & ML
2025,München,Bayern,aws,Cloud Platforms,AWS,Both AI & ML
2025,München,Bayern,architecture,Occupational Attributes,Hardware,Both AI & ML
2025,München,Bayern,implementation,Decision Making and Analytical,DecisionMaking,Both AI & ML
2025,München,Bayern,aws,Cloud Platforms,AWS,Both AI & ML
2025,München,Bayern,aws,Cloud Platforms,AWS,Both AI & ML
2025,München,Bayern,design,Decision Making and Analytical,DecisionMaking,Both AI & ML
2025,München,Bayern,aws,Cloud Platforms,AWS,Both AI & ML
2025,München,Bayern,aws,Cloud Platforms,AWS,Both AI & ML
2025,München,Bayern,aws,Cloud Platforms,AWS,Both AI & ML
2025,München,Bayern,responsible,Communication,Generic,Both AI & ML
2025,München,Bayern,implementation,Decision Making and Analytical,DecisionMaking,Both AI & ML
2025,München,Bayern,aws,Cloud Platforms,AWS,Both AI & ML
2025,München,Bayern,aws,Cloud Platforms,AWS,Both AI & ML
2025,München,Bayern,aws,Cloud Platforms,AWS,Both AI & ML
2025,München,Bayern,responsible,Communication,Generic,Both AI & ML
2025,München,Bayern,aws,Cloud Platforms,AWS,Both AI & ML
2025,Leipzig,Sachsen,implementierung,Decision Making and Analytical,DecisionMaking,Both AI & ML
2025,Leipzig,Sachsen,design,Decision Making and Analytical,DecisionMaking,Both AI & ML
2025,Leipzig,Sachsen,analyse,Decision Making and Analytical,DecisionMaking,Both AI & ML
2025,Leipzig,Sachsen,machine learning,Statistics and Data,DataMining,Both AI & ML
2025,Köln,Nordrhein-Westfalen,python,Occupational Attributes,Programming,Both AI & ML
2025,Köln,Nordrhein-Westfalen,python,Occupational Attributes,Programming,Both AI & ML
2025,Köln,Nordrhein-Westfalen,machine learning,Statistics and Data,DataMining,Both AI & ML
2025,Köln,Nordrhein-Westfalen,design,Decision Making and Analytical,DecisionMaking,Both AI & ML
2025,Köln,Nordrhein-Westfalen,python,Occupational Attributes,Programming,Both AI & ML
2025,Köln,Nordrhein-Westfalen,fastapi,Generative AI,Serving,Both AI & ML
2025,Köln,Nordrhein-Westfalen,design,Decision Making and Analytical,DecisionMaking,Both AI & ML
2025,Köln,Nordrhein-Westfalen,kubernetes,MLOps,Tools,Both AI & ML
2025,Köln,Nordrhein-Westfalen,docker,MLOps,Tools,Both AI & ML
2025,Essen,Nordrhein-Westfalen,llm,Generative AI,LLM,AI
2025,Essen,Nordrhein-Westfalen,collaboration,Decision Making and Analytical,Interpersonal,AI
2025,Essen,Nordrhein-Westfalen,rag,Generative AI,Techniques,AI
2025,Essen,Nordrhein-Westfalen,architektur,Occupational Attributes,Hardware,AI
2025,Essen,Nordrhein-Westfalen,llm,Generative AI,LLM,AI
2025,Essen,Nordrhein-Westfalen,rag,Generative AI,Techniques,AI
2025,Essen,Nordrhein-Westfalen,transformer,Generative AI,LLM,AI
2025,Essen,Nordrhein-Westfalen,python,Occupational Attributes,Programming,AI
2025,Essen,Nordrhein-Westfalen,deutsch,General,ForeignLanguage,AI
2025,,Baden-Württemberg,zusammenarbeit,Decision Making and Analytical,Interpersonal,Both AI & ML
2025,,Baden-Württemberg,mathematik,General,Numeracy,Both AI & ML
2025,,Baden-Württemberg,python,Occupational Attributes,Programming,Both AI & ML
2025,,Baden-Württemberg,pandas,Statistics and Data,Statistics,Both AI & ML
2025,,Baden-Württemberg,c #,Occupational Attributes,Programming,Both AI & ML
2025,,Baden-Württemberg,javascript,Occupational Attributes,Programming,Both AI & ML
2025,,Baden-Württemberg,sql,Statistics and Data,StructuredData,Both AI & ML
2025,,Baden-Württemberg,design,Decision Making and Analytical,DecisionMaking,Both AI & ML
2025,,Baden-Württemberg,mongodb,Statistics and Data,StructuredData,Both AI & ML
2025,,Baden-Württemberg,datenerhebung,General,Research,Both AI & ML
2025,,Baden-Württemberg,analyse,Decision Making and Analytical,DecisionMaking,Both AI & ML
2025,Walldorf,Baden-Württemberg,sap,Occupational Attributes,EnterpriseSystem,Both AI & ML
2025,Walldorf,Baden-Württemberg,collaboration,Decision Making and Analytical,Interpersonal,Both AI & ML
2025,Walldorf,Baden-Württemberg,integration,Occupational Attributes,EnterpriseSystem,Both AI & ML
2025,Walldorf,Baden-Württemberg,sap,Occupational Attributes,EnterpriseSystem,Both AI & ML
2025,Walldorf,Baden-Württemberg,machine learning,Statistics and Data,DataMining,Both AI & ML
2025,Walldorf,Baden-Württemberg,scheduling,Data Engineering,Orchestration,Both AI & ML
2025,Walldorf,Baden-Württemberg,python,Occupational Attributes,Programming,Both AI & ML
2025,Walldorf,Baden-Württemberg,english,General,ForeignLanguage,Both AI & ML
2025,Walldorf,Baden-Württemberg,communication,Decision Making and Analytical,MSOffice,Both AI & ML
2025,Walldorf,Baden-Württemberg,german,General,ForeignLanguage,Both AI & ML
2025,Walldorf,Baden-Württemberg,english,General,ForeignLanguage,Both AI & ML
2025,Walldorf,Baden-Württemberg,german,General,ForeignLanguage,Both AI & ML
2025,Düsseldorf,Nordrhein-Westfalen,machine learning,Statistics and Data,DataMining,Both AI & ML
2025,Düsseldorf,Nordrhein-Westfalen,nlp,Specialized ML,NLP,Both AI & ML
2025,Düsseldorf,Nordrhein-Westfalen,computer vision,Specialized ML,ComputerVision,Both AI & ML
2025,Düsseldorf,Nordrhein-Westfalen,aws,Cloud Platforms,AWS,Both AI & ML
2025,Düsseldorf,Nordrhein-Westfalen,gcp,Cloud Platforms,GCP,Both AI & ML
2025,Düsseldorf,Nordrhein-Westfalen,azure,Cloud Platforms,Azure,Both AI & ML
2025,Düsseldorf,Nordrhein-Westfalen,statistik,Statistics and Data,Statistics,Both AI & ML
2025,Köln,Nordrhein-Westfalen,statistik,Statistics and Data,Statistics,Both AI & ML
2025,Köln,Nordrhein-Westfalen,machine learning,Statistics and Data,DataMining,Both AI & ML
2025,Köln,Nordrhein-Westfalen,implementierung,Decision Making and Analytical,DecisionMaking,Both AI & ML
2025,Köln,Nordrhein-Westfalen,statistik,Statistics and Data,Statistics,Both AI & ML
2025,Köln,Nordrhein-Westfalen,mathematik,General,Numeracy,Both AI & ML
2025,Köln,Nordrhein-Westfalen,deutsch,General,ForeignLanguage,Both AI & ML
2025,Köln,Nordrhein-Westfalen,analyse,Decision Making and Analytical,DecisionMaking,Both AI & ML
2025,Köln,Nordrhein-Westfalen,projektmanagement,Occupational Attributes,ProjectManagement,Both AI & ML
2025,Köln,Nordrhein-Westfalen,python,Occupational Attributes,Programming,Both AI & ML
2025,Köln,Nordrhein-Westfalen,tableau,Occupational Attributes,Visualization,Both AI & ML
2025,Köln,Nordrhein-Westfalen,big data,Statistics and Data,BigData,Both AI & ML
2025,Berlin,Berlin,machine learning,Statistics and Data,DataMining,Both AI & ML
2025,Berlin,Berlin,design,Decision Making and Analytical,DecisionMaking,Both AI & ML
2025,Berlin,Berlin,transparency,Ethical and Responsible AI,EthicalAI,Both AI & ML
2025,Berlin,Berlin,competitive,Communication,Generic,Both AI & ML
2025,Berlin,Berlin,machine learning,Statistics and Data,DataMining,Both AI & ML
2025,Berlin,Berlin,machine learning,Statistics and Data,DataMining,Both AI & ML
2025,Berlin,Berlin,analytical,Decision Making and Analytical,DecisionMaking,Both AI & ML
2025,Berlin,Berlin,analysis,Decision Making and Analytical,DecisionMaking,Both AI & ML
2025,München,Bayern,hardware,Occupational Attributes,Hardware,Both AI & ML
2025,München,Bayern,responsible,Communication,Generic,Both AI & ML
2025,München,Bayern,design,Decision Making and Analytical,DecisionMaking,Both AI & ML
2025,München,Bayern,hardware,Occupational Attributes,Hardware,Both AI & ML
2025,München,Bayern,machine learning,Statistics and Data,DataMining,Both AI & ML
2025,München,Bayern,communication,Decision Making and Analytical,MSOffice,Both AI & ML
2025,München,Bayern,report,Communication,Presentation,Both AI & ML
2025,München,Bayern,present,Communication,Presentation,Both AI & ML
2025,Berlin,Berlin,berichte,Occupational Attributes,Visualization,Both AI & ML
2025,Berlin,Berlin,machine learning,Statistics and Data,DataMining,Both AI & ML
2025,Berlin,Berlin,big data,Statistics and Data,BigData,Both AI & ML
2025,Berlin,Berlin,projektmanagement,Occupational Attributes,ProjectManagement,Both AI & ML
2025,Berlin,Berlin,python,Occupational Attributes,Programming,Both AI & ML
2025,Berlin,Berlin,java,Occupational Attributes,Programming,Both AI & ML
2025,Berlin,Berlin,responsible,Communication,Generic,Both AI & ML
2025,Berlin,Berlin,machine learning,Statistics and Data,DataMining,Both AI & ML
2025,Berlin,Berlin,design,Decision Making and Analytical,DecisionMaking,Both AI & ML
2025,Berlin,Berlin,analysis,Decision Making and Analytical,DecisionMaking,Both AI & ML
2025,Berlin,Berlin,testing,Decision Making and Analytical,DecisionMaking,Both AI & ML
2025,München,Bayern,hardware,Occupational Attributes,Hardware,Both AI & ML
2025,München,Bayern,responsible,Communication,Generic,Both AI & ML
2025,Koblenz,Rheinland-Pfalz,implementierung,Decision Making and Analytical,DecisionMaking,Both AI & ML
2025,Koblenz,Rheinland-Pfalz,scraping,Occupational Attributes,Scraping,Both AI & ML
2025,Koblenz,Rheinland-Pfalz,regression,Statistics and Data,Statistics,Both AI & ML
2025,Koblenz,Rheinland-Pfalz,regression,Statistics and Data,Statistics,Both AI & ML
2025,Koblenz,Rheinland-Pfalz,zusammenarbeit,Decision Making and Analytical,Interpersonal,Both AI & ML
2025,Koblenz,Rheinland-Pfalz,mathematik,General,Numeracy,Both AI & ML
2025,Koblenz,Rheinland-Pfalz,statistik,Statistics and Data,Statistics,Both AI & ML
2025,Koblenz,Rheinland-Pfalz,machine learning,Statistics and Data,DataMining,Both AI & ML
2025,Koblenz,Rheinland-Pfalz,pandas,Statistics and Data,Statistics,Both AI & ML
2025,Koblenz,Rheinland-Pfalz,analyse,Decision Making and Analytical,DecisionMaking,Both AI & ML
2025,Koblenz,Rheinland-Pfalz,deutsch,General,ForeignLanguage,Both AI & ML
2025,Koblenz,Rheinland-Pfalz,englisch,General,ForeignLanguage,Both AI & ML
2025,Koblenz,Rheinland-Pfalz,deutsch,General,ForeignLanguage,Both AI & ML
2025,Koblenz,Rheinland-Pfalz,zusammenarbeit,Decision Making and Analytical,Interpersonal,Both AI & ML
2025,Frankfurt am Main,Hessen,machine learning,Statistics and Data,DataMining,Both AI & ML
2025,Frankfurt am Main,Hessen,machine learning,Statistics and Data,DataMining,Both AI & ML
2025,Frankfurt am Main,Hessen,proactive,Employee Attributes,Other,Both AI & ML
2025,Frankfurt am Main,Hessen,creative,Decision Making and Analytical,Creativity,Both AI & ML
2025,Frankfurt am Main,Hessen,analytical,Decision Making and Analytical,DecisionMaking,Both AI & ML
2025,Stuttgart,Baden-Württemberg,zusammenarbeit,Decision Making and Analytical,Interpersonal,Both AI & ML
2025,Stuttgart,Baden-Württemberg,implementierung,Decision Making and Analytical,DecisionMaking,Both AI & ML
2025,Stuttgart,Baden-Württemberg,implementierung,Decision Making and Analytical,DecisionMaking,Both AI & ML
2025,Stuttgart,Baden-Württemberg,machine learning,Statistics and Data,DataMining,Both AI & ML
2025,Karlsruhe,Baden-Württemberg,devices,Occupational Attributes,Hardware,Both AI & ML
2025,Karlsruhe,Baden-Württemberg,analyse,Decision Making and Analytical,DecisionMaking,Both AI & ML
2025,Karlsruhe,Baden-Württemberg,transformer,Generative AI,LLM,Both AI & ML
2025,Karlsruhe,Baden-Württemberg,analyse,Decision Making and Analytical,DecisionMaking,Both AI & ML
2025,München,Bayern,sap,Occupational Attributes,EnterpriseSystem,Both AI & ML
2025,München,Bayern,architecture,Occupational Attributes,Hardware,Both AI & ML
2025,München,Bayern,architecture,Occupational Attributes,Hardware,Both AI & ML
2025,München,Bayern,architecture,Occupational Attributes,Hardware,Both AI & ML
2025,München,Bayern,sap,Occupational Attributes,EnterpriseSystem,Both AI & ML
2025,München,Bayern,collaboration,Decision Making and Analytical,Interpersonal,Both AI & ML
2025,München,Bayern,sap,Occupational Attributes,EnterpriseSystem,Both AI & ML
2025,München,Bayern,collaboration,Decision Making and Analytical,Interpersonal,Both AI & ML
2025,München,Bayern,collaboration,Decision Making and Analytical,Interpersonal,Both AI & ML
2025,München,Bayern,flexible,Employee Attributes,Adaptability,Both AI & ML
2025,Koblenz,Rheinland-Pfalz,implementierung,Decision Making and Analytical,DecisionMaking,Both AI & ML
2025,Koblenz,Rheinland-Pfalz,nlp,Specialized ML,NLP,Both AI & ML
2025,Koblenz,Rheinland-Pfalz,computer vision,Specialized ML,ComputerVision,Both AI & ML
2025,Koblenz,Rheinland-Pfalz,spracherkennung,Generative AI,Multimodal,Both AI & ML
2025,Koblenz,Rheinland-Pfalz,implementierung,Decision Making and Analytical,DecisionMaking,Both AI & ML
2025,Koblenz,Rheinland-Pfalz,integration,Occupational Attributes,EnterpriseSystem,Both AI & ML
2025,Koblenz,Rheinland-Pfalz,zusammenarbeit,Decision Making and Analytical,Interpersonal,Both AI & ML
2025,Koblenz,Rheinland-Pfalz,mathematik,General,Numeracy,Both AI & ML
2025,Koblenz,Rheinland-Pfalz,statistik,Statistics and Data,Statistics,Both AI & ML
2025,Koblenz,Rheinland-Pfalz,python,Occupational Attributes,Programming,Both AI & ML
2025,Koblenz,Rheinland-Pfalz,java,Occupational Attributes,Programming,Both AI & ML
2025,Koblenz,Rheinland-Pfalz,c + +,Occupational Attributes,Programming,Both AI & ML
2025,Koblenz,Rheinland-Pfalz,deutsch,General,ForeignLanguage,Both AI & ML
2025,Koblenz,Rheinland-Pfalz,englisch,General,ForeignLanguage,Both AI & ML
2025,Koblenz,Rheinland-Pfalz,deutsch,General,ForeignLanguage,Both AI & ML
2025,Berlin,Berlin,vorhersage,Statistics and Data,DataMining,Both AI & ML
2025,Berlin,Berlin,datenanalyse,General,Research,Both AI & ML
2025,Berlin,Berlin,tableau,Occupational Attributes,Visualization,Both AI & ML
2025,Berlin,Berlin,vorhersage,Statistics and Data,DataMining,Both AI & ML
2025,Berlin,Berlin,modellierung,Decision Making and Analytical,DecisionMaking,Both AI & ML
2025,Berlin,Berlin,zusammenarbeit,Decision Making and Analytical,Interpersonal,Both AI & ML
2025,Berlin,Berlin,sql,Statistics and Data,StructuredData,Both AI & ML
2025,Berlin,Berlin,python,Occupational Attributes,Programming,Both AI & ML
2025,Berlin,Berlin,machine learning,Statistics and Data,DataMining,Both AI & ML
2025,Berlin,Berlin,tableau,Occupational Attributes,Visualization,Both AI & ML
2025,Berlin,Berlin,big data,Statistics and Data,BigData,Both AI & ML
2025,Berlin,Berlin,big data,Statistics and Data,BigData,Both AI & ML
2025,Berlin,Berlin,nosql,Statistics and Data,BigData,Both AI & ML
2025,München,Bayern,modellierung,Decision Making and Analytical,DecisionMaking,Both AI & ML
2025,München,Bayern,implementierung,Decision Making and Analytical,DecisionMaking,Both AI & ML
2025,München,Bayern,dokumentation,Decision Making and Analytical,MSOffice,Both AI & ML
2025,München,Bayern,zusammenarbeit,Decision Making and Analytical,Interpersonal,Both AI & ML
2025,München,Bayern,mathematik,General,Numeracy,Both AI & ML
2025,München,Bayern,python,Occupational Attributes,Programming,Both AI & ML
2025,München,Bayern,pandas,Statistics and Data,Statistics,Both AI & ML
2025,München,Bayern,datenanalyse,General,Research,Both AI & ML
2025,München,Bayern,statistik,Statistics and Data,Statistics,Both AI & ML
2025,München,Bayern,regression,Statistics and Data,Statistics,Both AI & ML
2025,München,Bayern,modellbewertung,Generative AI,EvaluationMonitoring,Both AI & ML
2025,Frankfurt am Main,Hessen,implementierung,Decision Making and Analytical,DecisionMaking,Both AI & ML
2025,Berlin,Berlin,ray,Generative AI,Serving,Both AI & ML
2025,Berlin,Berlin,analysis,Decision Making and Analytical,DecisionMaking,Both AI & ML
2025,Berlin,Berlin,design,Decision Making and Analytical,DecisionMaking,Both AI & ML
2025,Berlin,Berlin,ray,Generative AI,Serving,Both AI & ML
2025,Berlin,Berlin,ray,Generative AI,Serving,Both AI & ML
2025,Berlin,Berlin,ray,Generative AI,Serving,Both AI & ML
2025,Berlin,Berlin,ray,Generative AI,Serving,Both AI & ML
2025,Regensburg,Bayern,python,Occupational Attributes,Programming,Both AI & ML
2025,Regensburg,Bayern,datenanalyse,General,Research,Both AI & ML
2025,Regensburg,Bayern,statistik,Statistics and Data,Statistics,Both AI & ML
2025,Regensburg,Bayern,machine learning,Statistics and Data,DataMining,Both AI & ML
2025,Regensburg,Bayern,deutsch,General,ForeignLanguage,Both AI & ML
2025,Regensburg,Bayern,analyse,Decision Making and Analytical,DecisionMaking,Both AI & ML
2025,Regensburg,Bayern,zusammenarbeit,Decision Making and Analytical,Interpersonal,Both AI & ML
2025,Potsdam,Brandenburg,machine learning,Statistics and Data,DataMining,Both AI & ML
2025,Potsdam,Brandenburg,association,Statistics and Data,DataMining,Both AI & ML
2025,Potsdam,Brandenburg,german,General,ForeignLanguage,Both AI & ML
2025,Potsdam,Brandenburg,collaboration,Decision Making and Analytical,Interpersonal,Both AI & ML
2025,Potsdam,Brandenburg,machine learning,Statistics and Data,DataMining,Both AI & ML
2025,Potsdam,Brandenburg,machine learning,Statistics and Data,DataMining,Both AI & ML
2025,Potsdam,Brandenburg,reliable,Employee Attributes,Other,Both AI & ML
2025,Potsdam,Brandenburg,design,Decision Making and Analytical,DecisionMaking,Both AI & ML
2025,Potsdam,Brandenburg,machine learning,Statistics and Data,DataMining,Both AI & ML
2025,Potsdam,Brandenburg,integration,Occupational Attributes,EnterpriseSystem,Both AI & ML
2025,Düsseldorf,Nordrhein-Westfalen,design,Decision Making and Analytical,DecisionMaking,Both AI & ML
2025,Düsseldorf,Nordrhein-Westfalen,design,Decision Making and Analytical,DecisionMaking,Both AI & ML
2025,Düsseldorf,Nordrhein-Westfalen,responsible,Communication,Generic,Both AI & ML
2025,Düsseldorf,Nordrhein-Westfalen,devices,Occupational Attributes,Hardware,Both AI & ML
2025,Düsseldorf,Nordrhein-Westfalen,english,General,ForeignLanguage,Both AI & ML
2025,Düsseldorf,Nordrhein-Westfalen,german,General,ForeignLanguage,Both AI & ML
2025,Düsseldorf,Nordrhein-Westfalen,competitive,Communication,Generic,Both AI & ML
2025,Düsseldorf,Nordrhein-Westfalen,design,Decision Making and Analytical,DecisionMaking,Both AI & ML
2025,Düsseldorf,Nordrhein-Westfalen,azure,Cloud Platforms,Azure,Both AI & ML
2025,Düsseldorf,Nordrhein-Westfalen,aws,Cloud Platforms,AWS,Both AI & ML
2025,Düsseldorf,Nordrhein-Westfalen,gcp,Cloud Platforms,GCP,Both AI & ML
2025,Düsseldorf,Nordrhein-Westfalen,forecasting,Statistics and Data,DataMining,Both AI & ML
2025,Düsseldorf,Nordrhein-Westfalen,machine learning,Statistics and Data,DataMining,Both AI & ML
2025,Düsseldorf,Nordrhein-Westfalen,sql,Statistics and Data,StructuredData,Both AI & ML
2025,Düsseldorf,Nordrhein-Westfalen,modeling,Decision Making and Analytical,DecisionMaking,Both AI & ML
2025,Düsseldorf,Nordrhein-Westfalen,integration,Occupational Attributes,EnterpriseSystem,Both AI & ML
2025,Ettlingen,Baden-Württemberg,machine learning,Statistics and Data,DataMining,Both AI & ML
2025,Ettlingen,Baden-Württemberg,machine learning,Statistics and Data,DataMining,Both AI & ML
2025,Ettlingen,Baden-Württemberg,mathematik,General,Numeracy,Both AI & ML
2025,Berlin,Berlin,analyse,Decision Making and Analytical,DecisionMaking,Both AI & ML
2025,Berlin,Berlin,server,Occupational Attributes,Hardware,Both AI & ML
2025,Berlin,Berlin,netzwerk,Occupational Attributes,Networks,Both AI & ML
2025,Berlin,Berlin,machine learning,Statistics and Data,DataMining,Both AI & ML
2025,Berlin,Berlin,mathematik,General,Numeracy,Both AI & ML
2025,Berlin,Berlin,nlp,Specialized ML,NLP,Both AI & ML
2025,Berlin,Berlin,llm,Generative AI,LLM,Both AI & ML
2025,Berlin,Berlin,llm,Generative AI,LLM,Both AI & ML
2025,Berlin,Berlin,nlp,Specialized ML,NLP,Both AI & ML
2025,Berlin,Berlin,classification,Statistics and Data,DataMining,Both AI & ML
2025,Berlin,Berlin,nlp,Specialized ML,NLP,Both AI & ML
2025,Berlin,Berlin,classification,Statistics and Data,DataMining,Both AI & ML
2025,Berlin,Berlin,accuracy,Employee Attributes,DetailOriented,Both AI & ML
2025,Berlin,Berlin,llm,Generative AI,LLM,Both AI & ML
2025,,,autonomous,Employee Attributes,Independence,Both AI & ML
2025,,,responsible,Communication,Generic,Both AI & ML
2025,,,gemini,Generative AI,LLM,Both AI & ML
2025,,,gemini,Generative AI,LLM,Both AI & ML
2025,,,communication,Decision Making and Analytical,MSOffice,Both AI & ML
2025,,,documentation,Decision Making and Analytical,MSOffice,Both AI & ML
2025,Berlin,Berlin,transparency,Ethical and Responsible AI,EthicalAI,Both AI & ML
2025,Berlin,Berlin,competitive,Communication,Generic,Both AI & ML
2025,Berlin,Berlin,machine learning,Statistics and Data,DataMining,Both AI & ML
2025,Berlin,Berlin,machine learning,Statistics and Data,DataMining,Both AI & ML
2025,Berlin,Berlin,analytical,Decision Making and Analytical,DecisionMaking,Both AI & ML
2025,Berlin,Berlin,testing,Decision Making and Analytical,DecisionMaking,Both AI & ML
2025,Berlin,Berlin,machine learning,Statistics and Data,DataMining,Both AI & ML
2025,Berlin,Berlin,competitive,Communication,Generic,Both AI & ML
2025,Berlin,Berlin,present,Communication,Presentation,Both AI & ML
2025,Berlin,Berlin,analyse,Decision Making and Analytical,DecisionMaking,Both AI & ML
2025,Berlin,Berlin,presentation,Communication,Presentation,Both AI & ML
2025,Berlin,Berlin,storage,Occupational Attributes,Hardware,Both AI & ML
2025,Berlin,Berlin,python,Occupational Attributes,Programming,Both AI & ML
2025,Berlin,Berlin,machine learning,Statistics and Data,DataMining,Both AI & ML
2025,Berlin,Berlin,storage,Occupational Attributes,Hardware,Both AI & ML
2025,Berlin,Berlin,machine learning,Statistics and Data,DataMining,Both AI & ML
2025,Berlin,Berlin,llm,Generative AI,LLM,Both AI & ML
2025,Berlin,Berlin,machine learning,Statistics and Data,DataMining,Both AI & ML
2025,Berlin,Berlin,llm,Generative AI,LLM,Both AI & ML
2025,Berlin,Berlin,machine learning,Statistics and Data,DataMining,Both AI & ML
2025,Berlin,Berlin,design,Decision Making and Analytical,DecisionMaking,Both AI & ML
2025,Berlin,Berlin,testing,Decision Making and Analytical,DecisionMaking,Both AI & ML
2025,Berlin,Berlin,machine learning,Statistics and Data,DataMining,Both AI & ML
2025,Berlin,Berlin,kubernetes,MLOps,Tools,Both AI & ML
2025,Berlin,Berlin,kubernetes,MLOps,Tools,Both AI & ML
2025,Berlin,Berlin,mlops,MLOps,Core,Both AI & ML
2025,Berlin,Berlin,python,Occupational Attributes,Programming,Both AI & ML
2025,Berlin,Berlin,java,Occupational Attributes,Programming,Both AI & ML
2025,Berlin,Berlin,c #,Occupational Attributes,Programming,Both AI & ML
2025,Berlin,Berlin,c + +,Occupational Attributes,Programming,Both AI & ML
2025,Berlin,Berlin,pandas,Statistics and Data,Statistics,Both AI & ML
2025,Berlin,Berlin,communication,Decision Making and Analytical,MSOffice,Both AI & ML
2025,Bremen,Bremen,mlops,MLOps,Core,Both AI & ML
2025,Bremen,Bremen,mlops,MLOps,Core,Both AI & ML
2025,Bremen,Bremen,machine learning,Statistics and Data,DataMining,Both AI & ML
2025,Bremen,Bremen,motiviert,Employee Attributes,Motivation,Both AI & ML
2025,Bremen,Bremen,azure,Cloud Platforms,Azure,Both AI & ML
2025,Bremen,Bremen,kubernetes,MLOps,Tools,Both AI & ML
2025,München,Bayern,autonomous,Employee Attributes,Independence,Both AI & ML
2025,München,Bayern,reliable,Employee Attributes,Other,Both AI & ML
2025,München,Bayern,devices,Occupational Attributes,Hardware,Both AI & ML
2025,München,Bayern,machine learning,Statistics and Data,DataMining,Both AI & ML
2025,München,Bayern,storage,Occupational Attributes,Hardware,Both AI & ML
2025,Düsseldorf,Nordrhein-Westfalen,machine learning,Statistics and Data,DataMining,Both AI & ML
2025,Düsseldorf,Nordrhein-Westfalen,design,Decision Making and Analytical,DecisionMaking,Both AI & ML
2025,Düsseldorf,Nordrhein-Westfalen,machine learning,Statistics and Data,DataMining,Both AI & ML
2025,Düsseldorf,Nordrhein-Westfalen,modeling,Decision Making and Analytical,DecisionMaking,Both AI & ML
2025,Düsseldorf,Nordrhein-Westfalen,english,General,ForeignLanguage,Both AI & ML
2025,Düsseldorf,Nordrhein-Westfalen,german,General,ForeignLanguage,Both AI & ML
2025,Düsseldorf,Nordrhein-Westfalen,competitive,Communication,Generic,Both AI & ML
2025,Düsseldorf,Nordrhein-Westfalen,design,Decision Making and Analytical,DecisionMaking,Both AI & ML
2025,Düsseldorf,Nordrhein-Westfalen,forecasting,Statistics and Data,DataMining,Both AI & ML
2025,Düsseldorf,Nordrhein-Westfalen,integration,Occupational Attributes,EnterpriseSystem,Both AI & ML
2025,Düsseldorf,Nordrhein-Westfalen,sql,Statistics and Data,StructuredData,Both AI & ML
2025,Düsseldorf,Nordrhein-Westfalen,aws,Cloud Platforms,AWS,Both AI & ML
2025,Düsseldorf,Nordrhein-Westfalen,azure,Cloud Platforms,Azure,Both AI & ML
2025,Düsseldorf,Nordrhein-Westfalen,gcp,Cloud Platforms,GCP,Both AI & ML
2025,Düsseldorf,Nordrhein-Westfalen,mlops,MLOps,Core,Both AI & ML
2025,Düsseldorf,Nordrhein-Westfalen,python,Occupational Attributes,Programming,Both AI & ML
2025,München,Bayern,splunk,Statistics and Data,Statistics,Both AI & ML
2025,München,Bayern,reliable,Employee Attributes,Other,Both AI & ML
2025,München,Bayern,splunk,Statistics and Data,Statistics,Both AI & ML
2025,München,Bayern,splunk,Statistics and Data,Statistics,Both AI & ML
2025,München,Bayern,splunk,Statistics and Data,Statistics,Both AI & ML
2025,München,Bayern,splunk,Statistics and Data,Statistics,Both AI & ML
2025,München,Bayern,splunk,Statistics and Data,Statistics,Both AI & ML
2025,München,Bayern,splunk,Statistics and Data,Statistics,Both AI & ML
2025,München,Bayern,splunk,Statistics and Data,Statistics,Both AI & ML
2025,München,Bayern,splunk,Statistics and Data,Statistics,Both AI & ML
2025,München,Bayern,splunk,Statistics and Data,Statistics,Both AI & ML
2025,Berlin,Berlin,sql,Statistics and Data,StructuredData,Both AI & ML
2025,Berlin,Berlin,reporting,Decision Making and Analytical,DecisionMaking,Both AI & ML
2025,Berlin,Berlin,machine learning,Statistics and Data,DataMining,Both AI & ML
2025,Berlin,Berlin,design,Decision Making and Analytical,DecisionMaking,Both AI & ML
2025,Berlin,Berlin,sql,Statistics and Data,StructuredData,Both AI & ML
2025,Berlin,Berlin,python,Occupational Attributes,Programming,Both AI & ML
2025,Berlin,Berlin,analytical,Decision Making and Analytical,DecisionMaking,Both AI & ML
2025,Braunshardt,Hessen,c + +,Occupational Attributes,Programming,Both AI & ML
2025,Braunshardt,Hessen,design,Decision Making and Analytical,DecisionMaking,Both AI & ML
2025,Braunshardt,Hessen,design,Decision Making and Analytical,DecisionMaking,Both AI & ML
2025,Braunshardt,Hessen,c + +,Occupational Attributes,Programming,Both AI & ML
2025,Braunshardt,Hessen,integration,Occupational Attributes,EnterpriseSystem,Both AI & ML
2025,Braunshardt,Hessen,hardware,Occupational Attributes,Hardware,Both AI & ML
2025,Braunshardt,Hessen,analysis,Decision Making and Analytical,DecisionMaking,Both AI & ML
2025,Braunshardt,Hessen,integration,Occupational Attributes,EnterpriseSystem,Both AI & ML
2025,Braunshardt,Hessen,testing,Decision Making and Analytical,DecisionMaking,Both AI & ML
2025,Braunshardt,Hessen,integration,Occupational Attributes,EnterpriseSystem,Both AI & ML
2025,Braunshardt,Hessen,testing,Decision Making and Analytical,DecisionMaking,Both AI & ML
2025,Braunshardt,Hessen,documentation,Decision Making and Analytical,MSOffice,Both AI & ML
2025,Braunshardt,Hessen,design,Decision Making and Analytical,DecisionMaking,Both AI & ML
2025,Braunshardt,Hessen,c + +,Occupational Attributes,Programming,Both AI & ML
2025,Braunshardt,Hessen,c + +,Occupational Attributes,Programming,Both AI & ML
2025,Braunshardt,Hessen,c + +,Occupational Attributes,Programming,Both AI & ML
2025,Braunshardt,Hessen,python,Occupational Attributes,Programming,Both AI & ML
2025,Braunshardt,Hessen,docker,MLOps,Tools,Both AI & ML
2025,Braunshardt,Hessen,testing,Decision Making and Analytical,DecisionMaking,Both AI & ML
2025,Braunshardt,Hessen,integration,Occupational Attributes,EnterpriseSystem,Both AI & ML
2025,Braunshardt,Hessen,machine learning,Statistics and Data,DataMining,Both AI & ML
2025,Braunshardt,Hessen,devices,Occupational Attributes,Hardware,Both AI & ML
2025,Braunshardt,Hessen,proactive,Employee Attributes,Other,Both AI & ML
2025,Braunshardt,Hessen,communication,Decision Making and Analytical,MSOffice,Both AI & ML
2025,Braunshardt,Hessen,collaboration,Decision Making and Analytical,Interpersonal,Both AI & ML
2025,Braunshardt,Hessen,hardware,Occupational Attributes,Hardware,Both AI & ML
2025,Braunshardt,Hessen,documentation,Decision Making and Analytical,MSOffice,Both AI & ML
2025,Braunshardt,Hessen,reporting,Decision Making and Analytical,DecisionMaking,Both AI & ML
2025,Darmstadt,Hessen,big data,Statistics and Data,BigData,Both AI & ML
2025,Darmstadt,Hessen,machine learning,Statistics and Data,DataMining,Both AI & ML
2025,München,Bayern,azure,Cloud Platforms,Azure,Both AI & ML
2025,München,Bayern,llm,Generative AI,LLM,Both AI & ML
2025,München,Bayern,architecture,Occupational Attributes,Hardware,Both AI & ML
2025,München,Bayern,hardware,Occupational Attributes,Hardware,Both AI & ML
2025,München,Bayern,zusammenarbeit,Decision Making and Analytical,Interpersonal,Both AI & ML
2025,München,Bayern,architecture,Occupational Attributes,Hardware,Both AI & ML
2025,München,Bayern,azure,Cloud Platforms,Azure,Both AI & ML
2025,München,Bayern,implementierung,Decision Making and Analytical,DecisionMaking,Both AI & ML
2025,Freiburg im Breisgau,Baden-Württemberg,integration,Occupational Attributes,EnterpriseSystem,Both AI & ML
2025,Freiburg im Breisgau,Baden-Württemberg,verantwortlich,Communication,Generic,Both AI & ML
2025,Köln,Nordrhein-Westfalen,integration,Occupational Attributes,EnterpriseSystem,Both AI & ML
2025,Köln,Nordrhein-Westfalen,implementierung,Decision Making and Analytical,DecisionMaking,Both AI & ML
2025,Köln,Nordrhein-Westfalen,azure,Cloud Platforms,Azure,Both AI & ML
2025,Köln,Nordrhein-Westfalen,openai,Generative AI,Tools,Both AI & ML
2025,Köln,Nordrhein-Westfalen,machine learning,Statistics and Data,DataMining,Both AI & ML
2025,Köln,Nordrhein-Westfalen,big data,Statistics and Data,BigData,Both AI & ML
2025,Köln,Nordrhein-Westfalen,spark,Statistics and Data,BigData,Both AI & ML
2025,Köln,Nordrhein-Westfalen,azure,Cloud Platforms,Azure,Both AI & ML
2025,Köln,Nordrhein-Westfalen,machine learning,Statistics and Data,DataMining,Both AI & ML
2025,Köln,Nordrhein-Westfalen,übersetzung,Specialized ML,NLP,Both AI & ML
2025,Köln,Nordrhein-Westfalen,kommunikation,Decision Making and Analytical,MSOffice,Both AI & ML
2025,Köln,Nordrhein-Westfalen,python,Occupational Attributes,Programming,Both AI & ML
2025,München,Bayern,zusammenarbeit,Decision Making and Analytical,Interpersonal,Both AI & ML
2025,München,Bayern,kommunikation,Decision Making and Analytical,MSOffice,Both AI & ML
2025,München,Bayern,programmierung,Occupational Attributes,Programming,Both AI & ML
2025,München,Bayern,machine learning,Statistics and Data,DataMining,Both AI & ML
2025,München,Bayern,python,Occupational Attributes,Programming,Both AI & ML
2025,München,Bayern,pandas,Statistics and Data,Statistics,Both AI & ML
2025,München,Bayern,sql,Statistics and Data,StructuredData,Both AI & ML
2025,München,Bayern,deutsch,General,ForeignLanguage,Both AI & ML
2025,Stuttgart,Baden-Württemberg,independent,Employee Attributes,Independence,Both AI & ML
2025,Stuttgart,Baden-Württemberg,creative,Decision Making and Analytical,Creativity,Both AI & ML
2025,Stuttgart,Baden-Württemberg,mathematik,General,Numeracy,Both AI & ML
2025,Stuttgart,Baden-Württemberg,programmierung,Occupational Attributes,Programming,Both AI & ML
2025,Stuttgart,Baden-Württemberg,machine learning,Statistics and Data,DataMining,Both AI & ML
2025,Stuttgart,Baden-Württemberg,selbstständig,Employee Attributes,Independence,Both AI & ML
2025,,Baden-Württemberg,python,Occupational Attributes,Programming,Both AI & ML
2025,,Baden-Württemberg,python,Occupational Attributes,Programming,Both AI & ML
2025,,Baden-Württemberg,implementierung,Decision Making and Analytical,DecisionMaking,Both AI & ML
2025,,Baden-Württemberg,python,Occupational Attributes,Programming,Both AI & ML
2025,,Baden-Württemberg,analyse,Decision Making and Analytical,DecisionMaking,Both AI & ML
2025,,Baden-Württemberg,zusammenarbeit,Decision Making and Analytical,Interpersonal,Both AI & ML
2025,,Baden-Württemberg,dokumentation,Decision Making and Analytical,MSOffice,Both AI & ML
2025,,Baden-Württemberg,python,Occupational Attributes,Programming,Both AI & ML
2025,München,Bayern,machine learning,Statistics and Data,DataMining,Both AI & ML
2025,München,Bayern,mathematik,General,Numeracy,Both AI & ML
2025,München,Bayern,statistik,Statistics and Data,Statistics,Both AI & ML
2025,Tübingen,Baden-Württemberg,java,Occupational Attributes,Programming,Both AI & ML
2025,Tübingen,Baden-Württemberg,c + +,Occupational Attributes,Programming,Both AI & ML
2025,Tübingen,Baden-Württemberg,c #,Occupational Attributes,Programming,Both AI & ML
2025,Tübingen,Baden-Württemberg,design,Decision Making and Analytical,DecisionMaking,Both AI & ML
2025,Tübingen,Baden-Württemberg,machine learning,Statistics and Data,DataMining,Both AI & ML
2025,Tübingen,Baden-Württemberg,modeling,Decision Making and Analytical,DecisionMaking,Both AI & ML
2025,Tübingen,Baden-Württemberg,modeling,Decision Making and Analytical,DecisionMaking,Both AI & ML
2025,Tübingen,Baden-Württemberg,design,Decision Making and Analytical,DecisionMaking,Both AI & ML
2025,Tübingen,Baden-Württemberg,aws,Cloud Platforms,AWS,Both AI & ML
2025,Tübingen,Baden-Württemberg,aws,Cloud Platforms,AWS,Both AI & ML
2025,Tübingen,Baden-Württemberg,aws,Cloud Platforms,AWS,Both AI & ML
2025,Tübingen,Baden-Württemberg,aws,Cloud Platforms,AWS,Both AI & ML
2025,Tübingen,Baden-Württemberg,aws,Cloud Platforms,AWS,Both AI & ML
2025,München,Bayern,implementierung,Decision Making and Analytical,DecisionMaking,Both AI & ML
2025,München,Bayern,verantwortlich,Communication,Generic,Both AI & ML
2025,München,Bayern,integration,Occupational Attributes,EnterpriseSystem,Both AI & ML
2025,München,Bayern,analyse,Decision Making and Analytical,DecisionMaking,Both AI & ML
2025,München,Bayern,implementierung,Decision Making and Analytical,DecisionMaking,Both AI & ML
2025,München,Bayern,implementierung,Decision Making and Analytical,DecisionMaking,Both AI & ML
2025,München,Bayern,machine learning,Statistics and Data,DataMining,Both AI & ML
2025,München,Bayern,python,Occupational Attributes,Programming,Both AI & ML
2025,München,Bayern,java,Occupational Attributes,Programming,Both AI & ML
2025,Berlin,Berlin,mlops,MLOps,Core,Both AI & ML
2025,Berlin,Berlin,implementierung,Decision Making and Analytical,DecisionMaking,Both AI & ML
2025,Berlin,Berlin,kommunikation,Decision Making and Analytical,MSOffice,Both AI & ML
2025,Berlin,Berlin,architektur,Occupational Attributes,Hardware,Both AI & ML
2025,Berlin,Berlin,machine learning,Statistics and Data,DataMining,Both AI & ML
2025,Berlin,Berlin,machine learning,Statistics and Data,DataMining,Both AI & ML
2025,Erlangen,Bayern,datenanalyse,General,Research,Both AI & ML
2025,Erlangen,Bayern,machine learning,Statistics and Data,DataMining,Both AI & ML
2025,Erlangen,Bayern,mathematik,General,Numeracy,Both AI & ML
2025,Erlangen,Bayern,programmieren,Occupational Attributes,Programming,Both AI & ML
2025,München,Bayern,german,General,ForeignLanguage,Both AI & ML
2025,München,Bayern,big data,Statistics and Data,BigData,Both AI & ML
2025,München,Bayern,design,Decision Making and Analytical,DecisionMaking,Both AI & ML
2025,München,Bayern,visualization,Occupational Attributes,Visualization,Both AI & ML
2025,München,Bayern,machine learning,Statistics and Data,DataMining,Both AI & ML
2025,München,Bayern,nlp,Specialized ML,NLP,Both AI & ML
2025,München,Bayern,big data,Statistics and Data,BigData,Both AI & ML
2025,München,Bayern,tableau,Occupational Attributes,Visualization,Both AI & ML
2025,München,Bayern,azure,Cloud Platforms,Azure,Both AI & ML
2025,München,Bayern,aws,Cloud Platforms,AWS,Both AI & ML
2025,München,Bayern,gcp,Cloud Platforms,GCP,Both AI & ML
2025,München,Bayern,python,Occupational Attributes,Programming,Both AI & ML
2025,München,Bayern,sql,Statistics and Data,StructuredData,Both AI & ML
2025,München,Bayern,deutsch,General,ForeignLanguage,Both AI & ML
2025,Köln,Nordrhein-Westfalen,integration,Occupational Attributes,EnterpriseSystem,Both AI & ML
2025,Köln,Nordrhein-Westfalen,responsible,Communication,Generic,Both AI & ML
2025,Köln,Nordrhein-Westfalen,flexible,Employee Attributes,Adaptability,Both AI & ML
2025,Köln,Nordrhein-Westfalen,aws,Cloud Platforms,AWS,Both AI & ML
2025,Köln,Nordrhein-Westfalen,azure,Cloud Platforms,Azure,Both AI & ML
2025,Köln,Nordrhein-Westfalen,gcp,Cloud Platforms,GCP,Both AI & ML
2025,Köln,Nordrhein-Westfalen,docker,MLOps,Tools,Both AI & ML
2025,Köln,Nordrhein-Westfalen,integration,Occupational Attributes,EnterpriseSystem,Both AI & ML
2025,Köln,Nordrhein-Westfalen,azure,Cloud Platforms,Azure,Both AI & ML
2025,Berlin,Berlin,implementierung,Decision Making and Analytical,DecisionMaking,Both AI & ML
2025,Berlin,Berlin,machine learning,Statistics and Data,DataMining,Both AI & ML
2025,Berlin,Berlin,nlp,Specialized ML,NLP,Both AI & ML
2025,Berlin,Berlin,analyse,Decision Making and Analytical,DecisionMaking,Both AI & ML
2025,Berlin,Berlin,zusammenarbeit,Decision Making and Analytical,Interpersonal,Both AI & ML
2025,Berlin,Berlin,integration,Occupational Attributes,EnterpriseSystem,Both AI & ML
2025,Berlin,Berlin,architektur,Occupational Attributes,Hardware,Both AI & ML
2025,Frankfurt am Main,Hessen,machine learning,Statistics and Data,DataMining,Both AI & ML
2025,Frankfurt am Main,Hessen,analyse,Decision Making and Analytical,DecisionMaking,Both AI & ML
2025,Frankfurt am Main,Hessen,rechnungswesen,General,Numeracy,Both AI & ML
2025,Frankfurt am Main,Hessen,mathematik,General,Numeracy,Both AI & ML
2025,Frankfurt am Main,Hessen,implementierung,Decision Making and Analytical,DecisionMaking,Both AI & ML
2025,Frankfurt am Main,Hessen,python,Occupational Attributes,Programming,Both AI & ML
2025,Frankfurt am Main,Hessen,sql,Statistics and Data,StructuredData,Both AI & ML
2025,Freiburg im Breisgau,Baden-Württemberg,netzwerk,Occupational Attributes,Networks,Both AI & ML
2025,Freiburg im Breisgau,Baden-Württemberg,server,Occupational Attributes,Hardware,Both AI & ML
2025,Freiburg im Breisgau,Baden-Württemberg,storage,Occupational Attributes,Hardware,Both AI & ML
2025,Freiburg im Breisgau,Baden-Württemberg,planung,Data Engineering,Orchestration,Both AI & ML
2025,Freiburg im Breisgau,Baden-Württemberg,architektur,Occupational Attributes,Hardware,Both AI & ML
2025,Freiburg im Breisgau,Baden-Württemberg,azure,Cloud Platforms,Azure,Both AI & ML
2025,Freiburg im Breisgau,Baden-Württemberg,aws,Cloud Platforms,AWS,Both AI & ML
2025,Freiburg im Breisgau,Baden-Württemberg,storage,Occupational Attributes,Hardware,Both AI & ML
2025,Freiburg im Breisgau,Baden-Württemberg,bash,Occupational Attributes,Programming,Both AI & ML
2025,Freiburg im Breisgau,Baden-Württemberg,deutsch,General,ForeignLanguage,Both AI & ML
2025,Berlin,Berlin,python,Occupational Attributes,Programming,Both AI & ML
2025,Berlin,Berlin,implementierung,Decision Making and Analytical,DecisionMaking,Both AI & ML
2025,Berlin,Berlin,python,Occupational Attributes,Programming,Both AI & ML
2025,Berlin,Berlin,pandas,Statistics and Data,Statistics,Both AI & ML
2025,Berlin,Berlin,transformer,Generative AI,LLM,Both AI & ML
2025,Düsseldorf,Nordrhein-Westfalen,analyse,Decision Making and Analytical,DecisionMaking,Both AI & ML
2025,Düsseldorf,Nordrhein-Westfalen,implementierung,Decision Making and Analytical,DecisionMaking,Both AI & ML
2025,Düsseldorf,Nordrhein-Westfalen,analyse,Decision Making and Analytical,DecisionMaking,Both AI & ML
2025,Düsseldorf,Nordrhein-Westfalen,kommunikation,Decision Making and Analytical,MSOffice,Both AI & ML
2025,Düsseldorf,Nordrhein-Westfalen,dokumentation,Decision Making and Analytical,MSOffice,Both AI & ML
2025,Düsseldorf,Nordrhein-Westfalen,deutsch,General,ForeignLanguage,Both AI & ML
2025,Düsseldorf,Nordrhein-Westfalen,englisch,General,ForeignLanguage,Both AI & ML
2025,Düsseldorf,Nordrhein-Westfalen,eigenverantwortlich,Employee Attributes,Attitude,Both AI & ML
2025,Frankfurt am Main,Hessen,machine learning,Statistics and Data,DataMining,Both AI & ML
2025,Frankfurt am Main,Hessen,analyse,Decision Making and Analytical,DecisionMaking,Both AI & ML
2025,Frankfurt am Main,Hessen,modellierung,Decision Making and Analytical,DecisionMaking,Both AI & ML
2025,Frankfurt am Main,Hessen,rechnungswesen,General,Numeracy,Both AI & ML
2025,Frankfurt am Main,Hessen,mathematik,General,Numeracy,Both AI & ML
2025,Frankfurt am Main,Hessen,statistik,Statistics and Data,Statistics,Both AI & ML
2025,Frankfurt am Main,Hessen,datenanalyse,General,Research,Both AI & ML
2025,Frankfurt am Main,Hessen,machine learning,Statistics and Data,DataMining,Both AI & ML
2025,Frankfurt am Main,Hessen,c + +,Occupational Attributes,Programming,Both AI & ML
2025,Frankfurt am Main,Hessen,java,Occupational Attributes,Programming,Both AI & ML
2025,Frankfurt am Main,Hessen,python,Occupational Attributes,Programming,Both AI & ML
2025,Frankfurt am Main,Hessen,sql,Statistics and Data,StructuredData,Both AI & ML
2025,Frankfurt am Main,Hessen,sas,Statistics and Data,Statistics,Both AI & ML
2025,Frankfurt am Main,Hessen,mongodb,Statistics and Data,StructuredData,Both AI & ML
2025,Frankfurt am Main,Hessen,deutsch,General,ForeignLanguage,Both AI & ML
2025,Frankfurt am Main,Hessen,englisch,General,ForeignLanguage,Both AI & ML
2025,Potsdam,Brandenburg,sap,Occupational Attributes,EnterpriseSystem,Both AI & ML
2025,Potsdam,Brandenburg,collaboration,Decision Making and Analytical,Interpersonal,Both AI & ML
2025,Potsdam,Brandenburg,sap,Occupational Attributes,EnterpriseSystem,Both AI & ML
2025,Potsdam,Brandenburg,machine learning,Statistics and Data,DataMining,Both AI & ML
2025,Potsdam,Brandenburg,creative,Decision Making and Analytical,Creativity,Both AI & ML
2025,Potsdam,Brandenburg,python,Occupational Attributes,Programming,Both AI & ML
2025,Potsdam,Brandenburg,design,Decision Making and Analytical,DecisionMaking,Both AI & ML
2025,Potsdam,Brandenburg,design,Decision Making and Analytical,DecisionMaking,Both AI & ML
2025,Potsdam,Brandenburg,machine learning,Statistics and Data,DataMining,Both AI & ML
2025,Potsdam,Brandenburg,machine learning,Statistics and Data,DataMining,Both AI & ML
2025,Stuttgart,Baden-Württemberg,independent,Employee Attributes,Independence,Both AI & ML
2025,Stuttgart,Baden-Württemberg,creative,Decision Making and Analytical,Creativity,Both AI & ML
2025,Stuttgart,Baden-Württemberg,programmieren,Occupational Attributes,Programming,Both AI & ML
2025,Stuttgart,Baden-Württemberg,machine learning,Statistics and Data,DataMining,Both AI & ML
2025,Stuttgart,Baden-Württemberg,selbstständig,Employee Attributes,Independence,Both AI & ML
2025,Stuttgart,Baden-Württemberg,mathematik,General,Numeracy,Both AI & ML
2025,Stuttgart,Baden-Württemberg,analytisch,Decision Making and Analytical,Analytical,Both AI & ML
2025,Düsseldorf,Nordrhein-Westfalen,programmierung,Occupational Attributes,Programming,Both AI & ML
2025,Düsseldorf,Nordrhein-Westfalen,big data,Statistics and Data,BigData,Both AI & ML
2025,Düsseldorf,Nordrhein-Westfalen,design,Decision Making and Analytical,DecisionMaking,Both AI & ML
2025,Walldorf,Baden-Württemberg,sap,Occupational Attributes,EnterpriseSystem,Both AI & ML
2025,Walldorf,Baden-Württemberg,collaboration,Decision Making and Analytical,Interpersonal,Both AI & ML
2025,Walldorf,Baden-Württemberg,sap,Occupational Attributes,EnterpriseSystem,Both AI & ML
2025,Walldorf,Baden-Württemberg,present,Communication,Presentation,Both AI & ML
2025,Walldorf,Baden-Württemberg,sap,Occupational Attributes,EnterpriseSystem,Both AI & ML
2025,Walldorf,Baden-Württemberg,sap,Occupational Attributes,EnterpriseSystem,Both AI & ML
2025,Walldorf,Baden-Württemberg,sap,Occupational Attributes,EnterpriseSystem,Both AI & ML
2025,Walldorf,Baden-Württemberg,sap,Occupational Attributes,EnterpriseSystem,Both AI & ML
2025,Walldorf,Baden-Württemberg,architecture,Occupational Attributes,Hardware,Both AI & ML
2025,Walldorf,Baden-Württemberg,java,Occupational Attributes,Programming,Both AI & ML
2025,Essen,Nordrhein-Westfalen,collaboration,Decision Making and Analytical,Interpersonal,Both AI & ML
2025,Essen,Nordrhein-Westfalen,statistics,Statistics and Data,Statistics,Both AI & ML
2025,Essen,Nordrhein-Westfalen,analysis,Decision Making and Analytical,DecisionMaking,Both AI & ML
2025,Essen,Nordrhein-Westfalen,machine learning,Statistics and Data,DataMining,Both AI & ML
2025,Essen,Nordrhein-Westfalen,verbal,Communication,Verbal,Both AI & ML
2025,Essen,Nordrhein-Westfalen,communication,Decision Making and Analytical,MSOffice,Both AI & ML
2025,Essen,Nordrhein-Westfalen,german,General,ForeignLanguage,Both AI & ML
2025,Essen,Nordrhein-Westfalen,english,General,ForeignLanguage,Both AI & ML
2025,Essen,Nordrhein-Westfalen,flexible,Employee Attributes,Adaptability,Both AI & ML
2025,Berlin,Berlin,analyse,Decision Making and Analytical,DecisionMaking,Both AI & ML
2025,Berlin,Berlin,planung,Data Engineering,Orchestration,Both AI & ML
2025,Berlin,Berlin,verantwortlich,Communication,Generic,Both AI & ML
2025,Berlin,Berlin,bash,Occupational Attributes,Programming,Both AI & ML
2025,Berlin,Berlin,server,Occupational Attributes,Hardware,Both AI & ML
2025,Berlin,Berlin,mysql,Statistics and Data,StructuredData,Both AI & ML
2025,Berlin,Berlin,dokumentation,Decision Making and Analytical,MSOffice,Both AI & ML
2025,Berlin,Berlin,machine learning,Statistics and Data,DataMining,Both AI & ML
2025,Stuttgart,Baden-Württemberg,machine learning,Statistics and Data,DataMining,Both AI & ML
2025,Stuttgart,Baden-Württemberg,planung,Data Engineering,Orchestration,Both AI & ML
2025,Stuttgart,Baden-Württemberg,dokumentation,Decision Making and Analytical,MSOffice,Both AI & ML
2025,Stuttgart,Baden-Württemberg,zusammenarbeit,Decision Making and Analytical,Interpersonal,Both AI & ML
2025,Stuttgart,Baden-Württemberg,projektmanagement,Occupational Attributes,ProjectManagement,Both AI & ML
2025,Stuttgart,Baden-Württemberg,englisch,General,ForeignLanguage,Both AI & ML
2025,Stuttgart,Baden-Württemberg,gcp,Cloud Platforms,GCP,Both AI & ML
2025,Stuttgart,Baden-Württemberg,machine learning,Statistics and Data,DataMining,Both AI & ML
2025,Köln,Nordrhein-Westfalen,architecture,Occupational Attributes,Hardware,Both AI & ML
2025,Köln,Nordrhein-Westfalen,implementation,Decision Making and Analytical,DecisionMaking,Both AI & ML
2025,Köln,Nordrhein-Westfalen,design,Decision Making and Analytical,DecisionMaking,Both AI & ML
2025,Köln,Nordrhein-Westfalen,collaboration,Decision Making and Analytical,Interpersonal,Both AI & ML
2025,Köln,Nordrhein-Westfalen,machine learning,Statistics and Data,DataMining,Both AI & ML
2025,Köln,Nordrhein-Westfalen,architecture,Occupational Attributes,Hardware,Both AI & ML
2025,Köln,Nordrhein-Westfalen,design,Decision Making and Analytical,DecisionMaking,Both AI & ML
2025,Köln,Nordrhein-Westfalen,architecture,Occupational Attributes,Hardware,Both AI & ML
2025,Köln,Nordrhein-Westfalen,architecture,Occupational Attributes,Hardware,Both AI & ML
2025,Köln,Nordrhein-Westfalen,english,General,ForeignLanguage,Both AI & ML
2025,Köln,Nordrhein-Westfalen,german,General,ForeignLanguage,Both AI & ML
2025,Köln,Nordrhein-Westfalen,communication,Decision Making and Analytical,MSOffice,Both AI & ML
2025,Köln,Nordrhein-Westfalen,collaboration,Decision Making and Analytical,Interpersonal,Both AI & ML
2025,Köln,Nordrhein-Westfalen,machine learning,Statistics and Data,DataMining,Both AI & ML
2025,Köln,Nordrhein-Westfalen,transparenz,Ethical and Responsible AI,EthicalAI,Both AI & ML
2025,Köln,Nordrhein-Westfalen,machine learning,Statistics and Data,DataMining,Both AI & ML
2025,Köln,Nordrhein-Westfalen,nlp,Specialized ML,NLP,Both AI & ML
2025,Köln,Nordrhein-Westfalen,forecasting,Statistics and Data,DataMining,Both AI & ML
2025,Köln,Nordrhein-Westfalen,machine learning,Statistics and Data,DataMining,Both AI & ML
2025,Köln,Nordrhein-Westfalen,python,Occupational Attributes,Programming,Both AI & ML
2025,Köln,Nordrhein-Westfalen,pandas,Statistics and Data,Statistics,Both AI & ML
2025,Darmstadt,Hessen,datenanalyse,General,Research,Both AI & ML
2025,Darmstadt,Hessen,datenanalyse,General,Research,Both AI & ML
2025,Meckenbeuren,Baden-Württemberg,analyse,Decision Making and Analytical,DecisionMaking,Both AI & ML
2025,Meckenbeuren,Baden-Württemberg,python,Occupational Attributes,Programming,Both AI & ML
2025,Meckenbeuren,Baden-Württemberg,docker,MLOps,Tools,Both AI & ML
2025,Meckenbeuren,Baden-Württemberg,fastapi,Generative AI,Serving,Both AI & ML
2025,Meckenbeuren,Baden-Württemberg,postgresql,Statistics and Data,StructuredData,Both AI & ML
2025,Meckenbeuren,Baden-Württemberg,verantwortlich,Communication,Generic,Both AI & ML
2025,Meckenbeuren,Baden-Württemberg,python,Occupational Attributes,Programming,Both AI & ML
2025,Meckenbeuren,Baden-Württemberg,fastapi,Generative AI,Serving,Both AI & ML
2025,Meckenbeuren,Baden-Württemberg,postgresql,Statistics and Data,StructuredData,Both AI & ML
2025,Meckenbeuren,Baden-Württemberg,machine learning,Statistics and Data,DataMining,Both AI & ML
2025,Konstanz,Baden-Württemberg,flexible,Employee Attributes,Adaptability,Both AI & ML
2025,Konstanz,Baden-Württemberg,machine learning,Statistics and Data,DataMining,Both AI & ML
2025,Konstanz,Baden-Württemberg,machine learning,Statistics and Data,DataMining,Both AI & ML
2025,Konstanz,Baden-Württemberg,machine learning,Statistics and Data,DataMining,Both AI & ML
2025,Konstanz,Baden-Württemberg,crm,Occupational Attributes,EnterpriseSystem,Both AI & ML
2025,Konstanz,Baden-Württemberg,analyse,Decision Making and Analytical,DecisionMaking,Both AI & ML
2025,Konstanz,Baden-Württemberg,mathematik,General,Numeracy,Both AI & ML
2025,Konstanz,Baden-Württemberg,statistik,Statistics and Data,Statistics,Both AI & ML
2025,Konstanz,Baden-Württemberg,python,Occupational Attributes,Programming,Both AI & ML
2025,Konstanz,Baden-Württemberg,analyse,Decision Making and Analytical,DecisionMaking,Both AI & ML
2025,Wangen im Allgäu,Baden-Württemberg,bildverarbeitung,Specialized ML,ComputerVision,Both AI & ML
2025,Wangen im Allgäu,Baden-Württemberg,machine learning,Statistics and Data,DataMining,Both AI & ML
2025,Wangen im Allgäu,Baden-Württemberg,integration,Occupational Attributes,EnterpriseSystem,Both AI & ML
2025,Berlin,Berlin,sap,Occupational Attributes,EnterpriseSystem,Both AI & ML
2025,Berlin,Berlin,collaboration,Decision Making and Analytical,Interpersonal,Both AI & ML
2025,Berlin,Berlin,sap,Occupational Attributes,EnterpriseSystem,Both AI & ML
2025,Berlin,Berlin,sap,Occupational Attributes,EnterpriseSystem,Both AI & ML
2025,Berlin,Berlin,machine learning,Statistics and Data,DataMining,Both AI & ML
2025,Berlin,Berlin,sap,Occupational Attributes,EnterpriseSystem,Both AI & ML
2025,Berlin,Berlin,machine learning,Statistics and Data,DataMining,Both AI & ML
2025,Berlin,Berlin,nlp,Specialized ML,NLP,Both AI & ML
2025,Berlin,Berlin,python,Occupational Attributes,Programming,Both AI & ML
2025,Berlin,Berlin,transformers,Generative AI,Tools,Both AI & ML
2025,Berlin,Berlin,analysis,Decision Making and Analytical,DecisionMaking,Both AI & ML
2025,Berlin,Berlin,english,General,ForeignLanguage,Both AI & ML
2025,Berlin,Berlin,sap,Occupational Attributes,EnterpriseSystem,Both AI & ML
2025,Siegburg,Nordrhein-Westfalen,azure,Cloud Platforms,Azure,Both AI & ML
2025,Siegburg,Nordrhein-Westfalen,llm,Generative AI,LLM,Both AI & ML
2025,Siegburg,Nordrhein-Westfalen,datenanalyse,General,Research,Both AI & ML
2025,Nürnberg,Bayern,sap,Occupational Attributes,EnterpriseSystem,Both AI & ML
2025,Nürnberg,Bayern,sap,Occupational Attributes,EnterpriseSystem,Both AI & ML
2025,Nürnberg,Bayern,sap,Occupational Attributes,EnterpriseSystem,Both AI & ML
2025,Nürnberg,Bayern,sap,Occupational Attributes,EnterpriseSystem,Both AI & ML
2025,Nürnberg,Bayern,sap,Occupational Attributes,EnterpriseSystem,Both AI & ML
2025,Nürnberg,Bayern,sap,Occupational Attributes,EnterpriseSystem,Both AI & ML
2025,Nürnberg,Bayern,sap,Occupational Attributes,EnterpriseSystem,Both AI & ML
2025,Nürnberg,Bayern,sap,Occupational Attributes,EnterpriseSystem,Both AI & ML
2025,Nürnberg,Bayern,sap,Occupational Attributes,EnterpriseSystem,Both AI & ML
2025,Nürnberg,Bayern,sap,Occupational Attributes,EnterpriseSystem,Both AI & ML
2025,Nürnberg,Bayern,sap,Occupational Attributes,EnterpriseSystem,Both AI & ML
2025,Freiburg im Breisgau,Baden-Württemberg,kooperation,Decision Making and Analytical,Interpersonal,Both AI & ML
2025,Freiburg im Breisgau,Baden-Württemberg,big data,Statistics and Data,BigData,Both AI & ML
2025,Freiburg im Breisgau,Baden-Württemberg,sap,Occupational Attributes,EnterpriseSystem,Both AI & ML
2025,Freiburg im Breisgau,Baden-Württemberg,java,Occupational Attributes,Programming,Both AI & ML
2025,Freiburg im Breisgau,Baden-Württemberg,c + +,Occupational Attributes,Programming,Both AI & ML
2025,Freiburg im Breisgau,Baden-Württemberg,python,Occupational Attributes,Programming,Both AI & ML
2025,Freiburg im Breisgau,Baden-Württemberg,javascript,Occupational Attributes,Programming,Both AI & ML
2025,Freiburg im Breisgau,Baden-Württemberg,machine learning,Statistics and Data,DataMining,Both AI & ML
2025,Freiburg im Breisgau,Baden-Württemberg,big data,Statistics and Data,BigData,Both AI & ML
2025,Freiburg im Breisgau,Baden-Württemberg,planung,Data Engineering,Orchestration,Both AI & ML
2025,Freiburg im Breisgau,Baden-Württemberg,mathematik,General,Numeracy,Both AI & ML
2025,Düsseldorf,Nordrhein-Westfalen,sap,Occupational Attributes,EnterpriseSystem,Both AI & ML
2025,Düsseldorf,Nordrhein-Westfalen,sap,Occupational Attributes,EnterpriseSystem,Both AI & ML
2025,Düsseldorf,Nordrhein-Westfalen,zusammenarbeit,Decision Making and Analytical,Interpersonal,Both AI & ML
2025,Düsseldorf,Nordrhein-Westfalen,sap,Occupational Attributes,EnterpriseSystem,Both AI & ML
2025,Düsseldorf,Nordrhein-Westfalen,kooperation,Decision Making and Analytical,Interpersonal,Both AI & ML
2025,Düsseldorf,Nordrhein-Westfalen,sap,Occupational Attributes,EnterpriseSystem,Both AI & ML
2025,Düsseldorf,Nordrhein-Westfalen,sap,Occupational Attributes,EnterpriseSystem,Both AI & ML
2025,Düsseldorf,Nordrhein-Westfalen,lernbereitschaft,Employee Attributes,Motivation,Both AI & ML
2025,Düsseldorf,Nordrhein-Westfalen,sap,Occupational Attributes,EnterpriseSystem,Both AI & ML
2025,Düsseldorf,Nordrhein-Westfalen,sap,Occupational Attributes,EnterpriseSystem,Both AI & ML
2025,Düsseldorf,Nordrhein-Westfalen,implementierung,Decision Making and Analytical,DecisionMaking,Both AI & ML
2025,Düsseldorf,Nordrhein-Westfalen,sap,Occupational Attributes,EnterpriseSystem,Both AI & ML
2025,Düsseldorf,Nordrhein-Westfalen,sap,Occupational Attributes,EnterpriseSystem,Both AI & ML
2025,Berlin,Berlin,machine learning,Statistics and Data,DataMining,Both AI & ML
2025,Berlin,Berlin,responsible,Communication,Generic,Both AI & ML
2025,Coburg,Bayern,machine learning,Statistics and Data,DataMining,Both AI & ML
2025,Coburg,Bayern,machine learning,Statistics and Data,DataMining,Both AI & ML
2025,Coburg,Bayern,machine learning,Statistics and Data,DataMining,Both AI & ML
2025,Coburg,Bayern,machine learning,Statistics and Data,DataMining,Both AI & ML
2025,Coburg,Bayern,zusammenarbeit,Decision Making and Analytical,Interpersonal,Both AI & ML
2025,Coburg,Bayern,integration,Occupational Attributes,EnterpriseSystem,Both AI & ML
2025,Coburg,Bayern,mathematik,General,Numeracy,Both AI & ML
2025,Coburg,Bayern,machine learning,Statistics and Data,DataMining,Both AI & ML
2025,Coburg,Bayern,python,Occupational Attributes,Programming,Both AI & ML
2025,Coburg,Bayern,projektmanagement,Occupational Attributes,ProjectManagement,Both AI & ML
2025,Kassel,Hessen,big data,Statistics and Data,BigData,Both AI & ML
2025,Kassel,Hessen,analyse,Decision Making and Analytical,DecisionMaking,Both AI & ML
2025,Kassel,Hessen,architektur,Occupational Attributes,Hardware,Both AI & ML
2025,Berlin,Berlin,design,Decision Making and Analytical,DecisionMaking,Both AI & ML
2025,Berlin,Berlin,implementation,Decision Making and Analytical,DecisionMaking,Both AI & ML
2025,Berlin,Berlin,machine learning,Statistics and Data,DataMining,Both AI & ML
2025,Berlin,Berlin,documentation,Decision Making and Analytical,MSOffice,Both AI & ML
2025,Berlin,Berlin,analysis,Decision Making and Analytical,DecisionMaking,Both AI & ML
2025,Berlin,Berlin,machine learning,Statistics and Data,DataMining,Both AI & ML
2025,Berlin,Berlin,design,Decision Making and Analytical,DecisionMaking,Both AI & ML
2025,Berlin,Berlin,airflow,MLOps,Tools,Both AI & ML
2025,Berlin,Berlin,python,Occupational Attributes,Programming,Both AI & ML
2025,Berlin,Berlin,sql,Statistics and Data,StructuredData,Both AI & ML
2025,Berlin,Berlin,gcp,Cloud Platforms,GCP,Both AI & ML
2025,Berlin,Berlin,communication,Decision Making and Analytical,MSOffice,Both AI & ML
2025,Koblenz,Rheinland-Pfalz,machine learning,Statistics and Data,DataMining,Both AI & ML
2025,Koblenz,Rheinland-Pfalz,mathematik,General,Numeracy,Both AI & ML
2025,Koblenz,Rheinland-Pfalz,statistik,Statistics and Data,Statistics,Both AI & ML
2025,Koblenz,Rheinland-Pfalz,analyse,Decision Making and Analytical,DecisionMaking,Both AI & ML
2025,Stuttgart,Baden-Württemberg,big data,Statistics and Data,BigData,Both AI & ML
2025,Stuttgart,Baden-Württemberg,unabhängig,Employee Attributes,Independence,Both AI & ML
2025,Stuttgart,Baden-Württemberg,big data,Statistics and Data,BigData,Both AI & ML
2025,Stuttgart,Baden-Württemberg,python,Occupational Attributes,Programming,Both AI & ML
2025,Stuttgart,Baden-Württemberg,tableau,Occupational Attributes,Visualization,Both AI & ML
2025,Stuttgart,Baden-Württemberg,dokumentation,Decision Making and Analytical,MSOffice,Both AI & ML
2025,Stuttgart,Baden-Württemberg,python,Occupational Attributes,Programming,Both AI & ML
2025,Stuttgart,Baden-Württemberg,databricks,MLOps,Platforms,Both AI & ML
2025,Stuttgart,Baden-Württemberg,tableau,Occupational Attributes,Visualization,Both AI & ML
2025,Stuttgart,Baden-Württemberg,machine learning,Statistics and Data,DataMining,Both AI & ML
2025,Stuttgart,Baden-Württemberg,big data,Statistics and Data,BigData,Both AI & ML
2025,Stuttgart,Baden-Württemberg,deutsch,General,ForeignLanguage,Both AI & ML
2025,München,Bayern,machine learning,Statistics and Data,DataMining,Both AI & ML
2025,München,Bayern,llm,Generative AI,LLM,Both AI & ML
2025,Berlin,Berlin,design,Decision Making and Analytical,DecisionMaking,Both AI & ML
2025,Berlin,Berlin,responsible,Communication,Generic,Both AI & ML
2025,Berlin,Berlin,nlp,Specialized ML,NLP,Both AI & ML
2025,Berlin,Berlin,testing,Decision Making and Analytical,DecisionMaking,Both AI & ML
2025,Berlin,Berlin,llm,Generative AI,LLM,Both AI & ML
2025,Berlin,Berlin,python,Occupational Attributes,Programming,Both AI & ML
2025,Berlin,Berlin,scipy,Statistics and Data,Statistics,Both AI & ML
2025,Berlin,Berlin,communication,Decision Making and Analytical,MSOffice,Both AI & ML
2025,Berlin,Berlin,english,General,ForeignLanguage,Both AI & ML
2025,Köln,Nordrhein-Westfalen,llm,Generative AI,LLM,Both AI & ML
2025,Köln,Nordrhein-Westfalen,machine learning,Statistics and Data,DataMining,Both AI & ML
2025,Köln,Nordrhein-Westfalen,llm,Generative AI,LLM,Both AI & ML
2025,Köln,Nordrhein-Westfalen,design,Decision Making and Analytical,DecisionMaking,Both AI & ML
2025,Köln,Nordrhein-Westfalen,implementierung,Decision Making and Analytical,DecisionMaking,Both AI & ML
2025,Köln,Nordrhein-Westfalen,rag,Generative AI,Techniques,Both AI & ML
2025,Köln,Nordrhein-Westfalen,mathematik,General,Numeracy,Both AI & ML
2025,Köln,Nordrhein-Westfalen,python,Occupational Attributes,Programming,Both AI & ML
2025,Köln,Nordrhein-Westfalen,llm,Generative AI,LLM,Both AI & ML
2025,Köln,Nordrhein-Westfalen,rag,Generative AI,Techniques,Both AI & ML
2025,Köln,Nordrhein-Westfalen,computer vision,Specialized ML,ComputerVision,Both AI & ML
2025,Köln,Nordrhein-Westfalen,deutsch,General,ForeignLanguage,Both AI & ML
2025,Köln,Nordrhein-Westfalen,zusammenarbeit,Decision Making and Analytical,Interpersonal,Both AI & ML
2025,Hammerles,Bayern,machine learning,Statistics and Data,DataMining,Both AI & ML
2025,Hammerles,Bayern,nlp,Specialized ML,NLP,Both AI & ML
2025,Hammerles,Bayern,python,Occupational Attributes,Programming,Both AI & ML
2025,Hammerles,Bayern,python,Occupational Attributes,Programming,Both AI & ML
2025,Hammerles,Bayern,python,Occupational Attributes,Programming,Both AI & ML
2025,Hammerles,Bayern,pandas,Statistics and Data,Statistics,Both AI & ML
2025,Hammerles,Bayern,machine learning,Statistics and Data,DataMining,Both AI & ML
2025,Hammerles,Bayern,transformer,Generative AI,LLM,Both AI & ML
2025,Hammerles,Bayern,transformers,Generative AI,Tools,Both AI & ML
2025,Hammerles,Bayern,ner,Specialized ML,NLP,Both AI & ML
2025,Hammerles,Bayern,bert,Generative AI,LLM,Both AI & ML
2025,Hammerles,Bayern,openai,Generative AI,Tools,Both AI & ML
2025,Hammerles,Bayern,langchain,Generative AI,Tools,Both AI & ML
2025,Hammerles,Bayern,langgraph,Generative AI,Agents,Both AI & ML
2025,Hammerles,Bayern,rag,Generative AI,Techniques,Both AI & ML
2025,Hammerles,Bayern,docker,MLOps,Tools,Both AI & ML
2025,Hammerles,Bayern,machine learning,Statistics and Data,DataMining,Both AI & ML
2025,Hammerles,Bayern,python,Occupational Attributes,Programming,Both AI & ML
2025,Hammerles,Bayern,nlp,Specialized ML,NLP,Both AI & ML
2025,Hammerles,Bayern,flexible,Employee Attributes,Adaptability,Both AI & ML
2025,Schwieberdingen,Baden-Württemberg,implementierung,Decision Making and Analytical,DecisionMaking,Both AI & ML
2025,Schwieberdingen,Baden-Württemberg,analyse,Decision Making and Analytical,DecisionMaking,Both AI & ML
2025,Schwieberdingen,Baden-Württemberg,zusammenarbeit,Decision Making and Analytical,Interpersonal,Both AI & ML
2025,Schwieberdingen,Baden-Württemberg,dokumentation,Decision Making and Analytical,MSOffice,Both AI & ML
2025,Schwieberdingen,Baden-Württemberg,präsentation,Communication,Presentation,Both AI & ML
2025,Schwieberdingen,Baden-Württemberg,datenanalyse,General,Research,Both AI & ML
2025,Schwieberdingen,Baden-Württemberg,deutsch,General,ForeignLanguage,Both AI & ML
2025,Schwieberdingen,Baden-Württemberg,flexible,Employee Attributes,Adaptability,Both AI & ML
2025,München,Bayern,machine learning,Statistics and Data,DataMining,Both AI & ML
2025,München,Bayern,reliable,Employee Attributes,Other,Both AI & ML
2025,München,Bayern,prediction,Statistics and Data,DataMining,Both AI & ML
2025,München,Bayern,design,Decision Making and Analytical,DecisionMaking,Both AI & ML
2025,München,Bayern,machine learning,Statistics and Data,DataMining,Both AI & ML
2025,München,Bayern,analysis,Decision Making and Analytical,DecisionMaking,Both AI & ML
2025,München,Bayern,analysis,Decision Making and Analytical,DecisionMaking,Both AI & ML
2025,München,Bayern,machine learning,Statistics and Data,DataMining,Both AI & ML
2025,München,Bayern,machine learning,Statistics and Data,DataMining,Both AI & ML
2025,München,Bayern,design,Decision Making and Analytical,DecisionMaking,Both AI & ML
2025,Hamburg,Hamburg,machine learning,Statistics and Data,DataMining,Both AI & ML
2025,Hamburg,Hamburg,machine learning,Statistics and Data,DataMining,Both AI & ML
2025,Hamburg,Hamburg,aws,Cloud Platforms,AWS,Both AI & ML
2025,Hamburg,Hamburg,mathematik,General,Numeracy,Both AI & ML
2025,Hamburg,Hamburg,machine learning,Statistics and Data,DataMining,Both AI & ML
2025,Hamburg,Hamburg,python,Occupational Attributes,Programming,Both AI & ML
2025,Hamburg,Hamburg,aws,Cloud Platforms,AWS,Both AI & ML
2025,Hamburg,Hamburg,sagemaker,MLOps,Platforms,Both AI & ML
2025,Hamburg,Hamburg,mlops,MLOps,Core,Both AI & ML
2025,Hamburg,Hamburg,airflow,MLOps,Tools,Both AI & ML
2025,Hamburg,Hamburg,docker,MLOps,Tools,Both AI & ML
2025,,Hessen,deutsch,General,ForeignLanguage,Both AI & ML
2025,,Hessen,englisch,General,ForeignLanguage,Both AI & ML
2025,,Hessen,integration,Occupational Attributes,EnterpriseSystem,Both AI & ML
2025,,Hessen,zusammenarbeit,Decision Making and Analytical,Interpersonal,Both AI & ML
2025,,Hessen,mathematik,General,Numeracy,Both AI & ML
2025,,Hessen,sql,Statistics and Data,StructuredData,Both AI & ML
2025,,Hessen,python,Occupational Attributes,Programming,Both AI & ML
2025,,Hessen,llm,Generative AI,LLM,Both AI & ML
2025,,Hessen,mistral,Generative AI,LLM,Both AI & ML
2025,München,Bayern,english,General,ForeignLanguage,Both AI & ML
2025,München,Bayern,independent,Employee Attributes,Independence,Both AI & ML
2025,München,Bayern,scaling,Generative AI,Serving,Both AI & ML
2025,München,Bayern,machine learning,Statistics and Data,DataMining,Both AI & ML
2025,München,Bayern,responsible,Communication,Generic,Both AI & ML
2025,München,Bayern,integration,Occupational Attributes,EnterpriseSystem,Both AI & ML
2025,München,Bayern,reliable,Employee Attributes,Other,Both AI & ML
2025,München,Bayern,machine learning,Statistics and Data,DataMining,Both AI & ML
2025,München,Bayern,testing,Decision Making and Analytical,DecisionMaking,Both AI & ML
2025,München,Bayern,collaboration,Decision Making and Analytical,Interpersonal,Both AI & ML
2025,München,Bayern,integration,Occupational Attributes,EnterpriseSystem,Both AI & ML
2025,München,Bayern,machine learning,Statistics and Data,DataMining,Both AI & ML
2025,München,Bayern,machine learning,Statistics and Data,DataMining,Both AI & ML
2025,München,Bayern,docker,MLOps,Tools,Both AI & ML
2025,München,Bayern,kubernetes,MLOps,Tools,Both AI & ML
2025,München,Bayern,aws,Cloud Platforms,AWS,Both AI & ML
2025,München,Bayern,azure,Cloud Platforms,Azure,Both AI & ML
2025,München,Bayern,scaling,Generative AI,Serving,Both AI & ML
2025,München,Bayern,creative,Decision Making and Analytical,Creativity,Both AI & ML
2025,München,Bayern,documentation,Decision Making and Analytical,MSOffice,Both AI & ML
2025,München,Bayern,troubleshoot,Decision Making and Analytical,ProblemSolving,Both AI & ML
2025,München,Bayern,python,Occupational Attributes,Programming,Both AI & ML
2025,München,Bayern,communication,Decision Making and Analytical,MSOffice,Both AI & ML
2025,München,Bayern,llm,Generative AI,LLM,Both AI & ML
2025,Berlin,Berlin,analyse,Decision Making and Analytical,DecisionMaking,Both AI & ML
2025,Berlin,Berlin,server,Occupational Attributes,Hardware,Both AI & ML
2025,Berlin,Berlin,netzwerk,Occupational Attributes,Networks,Both AI & ML
2025,Berlin,Berlin,machine learning,Statistics and Data,DataMining,Both AI & ML
2025,Berlin,Berlin,mathematik,General,Numeracy,Both AI & ML
2025,Frankfurt am Main,Hessen,java,Occupational Attributes,Programming,Both AI & ML
2025,Frankfurt am Main,Hessen,big data,Statistics and Data,BigData,Both AI & ML
2025,Frankfurt am Main,Hessen,flexible,Employee Attributes,Adaptability,Both AI & ML
2025,Frankfurt am Main,Hessen,creative,Decision Making and Analytical,Creativity,Both AI & ML
2025,Frankfurt am Main,Hessen,flexible,Employee Attributes,Adaptability,Both AI & ML
2025,Frankfurt am Main,Hessen,creative,Decision Making and Analytical,Creativity,Both AI & ML
2025,Frankfurt am Main,Hessen,flexible,Employee Attributes,Adaptability,Both AI & ML
2025,Frankfurt am Main,Hessen,big data,Statistics and Data,BigData,Both AI & ML
2025,Frankfurt am Main,Hessen,java,Occupational Attributes,Programming,Both AI & ML
2025,Frankfurt am Main,Hessen,responsible,Communication,Generic,Both AI & ML
2025,Frankfurt am Main,Hessen,big data,Statistics and Data,BigData,Both AI & ML
2025,Frankfurt am Main,Hessen,proactive,Employee Attributes,Other,Both AI & ML
2025,Frankfurt am Main,Hessen,autonomous,Employee Attributes,Independence,Both AI & ML
2025,Frankfurt am Main,Hessen,big data,Statistics and Data,BigData,Both AI & ML
2025,Frankfurt am Main,Hessen,architecture,Occupational Attributes,Hardware,Both AI & ML
2025,Frankfurt am Main,Hessen,design,Decision Making and Analytical,DecisionMaking,Both AI & ML
2025,Frankfurt am Main,Hessen,english,General,ForeignLanguage,Both AI & ML
2025,Frankfurt am Main,Hessen,german,General,ForeignLanguage,Both AI & ML
2025,Frankfurt am Main,Hessen,java,Occupational Attributes,Programming,Both AI & ML
2025,Frankfurt am Main,Hessen,python,Occupational Attributes,Programming,Both AI & ML
2025,Frankfurt am Main,Hessen,scala,Occupational Attributes,Programming,Both AI & ML
2025,Frankfurt am Main,Hessen,architecture,Occupational Attributes,Hardware,Both AI & ML
2025,Berlin,Berlin,analysis,Decision Making and Analytical,DecisionMaking,Both AI & ML
2025,Berlin,Berlin,machine learning,Statistics and Data,DataMining,Both AI & ML
2025,Berlin,Berlin,spark,Statistics and Data,BigData,Both AI & ML
2025,Berlin,Berlin,kafka,Data Engineering,IngestionStreaming,Both AI & ML
2025,Berlin,Berlin,kafka,Data Engineering,IngestionStreaming,Both AI & ML
2025,Berlin,Berlin,iceberg,Data Engineering,IngestionStreaming,Both AI & ML
2025,Berlin,Berlin,aws,Cloud Platforms,AWS,Both AI & ML
2025,Berlin,Berlin,scala,Occupational Attributes,Programming,Both AI & ML
2025,Berlin,Berlin,java,Occupational Attributes,Programming,Both AI & ML
2025,Berlin,Berlin,python,Occupational Attributes,Programming,Both AI & ML
2025,Berlin,Berlin,kubernetes,MLOps,Tools,Both AI & ML
2025,Berlin,Berlin,aws,Cloud Platforms,AWS,Both AI & ML
2025,Berlin,Berlin,machine learning,Statistics and Data,DataMining,Both AI & ML
2025,Berlin,Berlin,scala,Occupational Attributes,Programming,Both AI & ML
2025,Berlin,Berlin,java,Occupational Attributes,Programming,Both AI & ML
2025,Berlin,Berlin,python,Occupational Attributes,Programming,Both AI & ML
2025,Berlin,Berlin,english,General,ForeignLanguage,Both AI & ML
2025,Jena,Thüringen,machine learning,Statistics and Data,DataMining,Both AI & ML
2025,Jena,Thüringen,analysis,Decision Making and Analytical,DecisionMaking,Both AI & ML
2025,Jena,Thüringen,machine learning,Statistics and Data,DataMining,Both AI & ML
2025,Jena,Thüringen,standardization,MLOps,FeatureEngineering,Both AI & ML
2025,Jena,Thüringen,implementation,Decision Making and Analytical,DecisionMaking,Both AI & ML
2025,Jena,Thüringen,machine learning,Statistics and Data,DataMining,Both AI & ML
2025,Jena,Thüringen,analysis,Decision Making and Analytical,DecisionMaking,Both AI & ML
2025,Jena,Thüringen,design,Decision Making and Analytical,DecisionMaking,Both AI & ML
2025,Berlin,Berlin,analysis,Decision Making and Analytical,DecisionMaking,Both AI & ML
2025,Berlin,Berlin,machine learning,Statistics and Data,DataMining,Both AI & ML
2025,Berlin,Berlin,documentation,Decision Making and Analytical,MSOffice,Both AI & ML
2025,Berlin,Berlin,machine learning,Statistics and Data,DataMining,Both AI & ML
2025,Berlin,Berlin,machine learning,Statistics and Data,DataMining,Both AI & ML
2025,Berlin,Berlin,statistics,Statistics and Data,Statistics,Both AI & ML
2025,Berlin,Berlin,machine learning,Statistics and Data,DataMining,Both AI & ML
2025,Berlin,Berlin,testing,Decision Making and Analytical,DecisionMaking,Both AI & ML
2025,Berlin,Berlin,integration,Occupational Attributes,EnterpriseSystem,Both AI & ML
2025,Berlin,Berlin,independent,Employee Attributes,Independence,Both AI & ML
2025,Berlin,Berlin,collaboration,Decision Making and Analytical,Interpersonal,Both AI & ML
2025,Düsseldorf,Nordrhein-Westfalen,nlp,Specialized ML,NLP,Both AI & ML
2025,Düsseldorf,Nordrhein-Westfalen,kommunikation,Decision Making and Analytical,MSOffice,Both AI & ML
2025,Köln,Nordrhein-Westfalen,flexible,Employee Attributes,Adaptability,Both AI & ML
2025,Köln,Nordrhein-Westfalen,machine learning,Statistics and Data,DataMining,Both AI & ML
2025,München,Bayern,english,General,ForeignLanguage,Both AI & ML
2025,München,Bayern,independent,Employee Attributes,Independence,Both AI & ML
2025,München,Bayern,design,Decision Making and Analytical,DecisionMaking,Both AI & ML
2025,München,Bayern,implementation,Decision Making and Analytical,DecisionMaking,Both AI & ML
2025,München,Bayern,accuracy,Employee Attributes,DetailOriented,Both AI & ML
2025,München,Bayern,integration,Occupational Attributes,EnterpriseSystem,Both AI & ML
2025,München,Bayern,analysis,Decision Making and Analytical,DecisionMaking,Both AI & ML
2025,München,Bayern,accuracy,Employee Attributes,DetailOriented,Both AI & ML
2025,München,Bayern,competitive,Communication,Generic,Both AI & ML
2025,München,Bayern,opencv,Specialized ML,ComputerVision,Both AI & ML
2025,München,Bayern,python,Occupational Attributes,Programming,Both AI & ML
2025,München,Bayern,machine learning,Statistics and Data,DataMining,Both AI & ML
2025,Berlin,Berlin,scheduling,Data Engineering,Orchestration,Both AI & ML
2025,Berlin,Berlin,saas,Occupational Attributes,EnterpriseSystem,Both AI & ML
2025,Berlin,Berlin,scheduling,Data Engineering,Orchestration,Both AI & ML
2025,Berlin,Berlin,scheduling,Data Engineering,Orchestration,Both AI & ML
2025,Berlin,Berlin,scheduling,Data Engineering,Orchestration,Both AI & ML
2025,Berlin,Berlin,scheduling,Data Engineering,Orchestration,Both AI & ML
2025,Berlin,Berlin,machine learning,Statistics and Data,DataMining,Both AI & ML
2025,Berlin,Berlin,nlp,Specialized ML,NLP,Both AI & ML
2025,Berlin,Berlin,competitive,Communication,Generic,Both AI & ML
2025,Berlin,Berlin,flexible,Employee Attributes,Adaptability,Both AI & ML
2025,Mönchengladbach,Nordrhein-Westfalen,collaboration,Decision Making and Analytical,Interpersonal,Both AI & ML
2025,Mönchengladbach,Nordrhein-Westfalen,python,Occupational Attributes,Programming,Both AI & ML
2025,Mönchengladbach,Nordrhein-Westfalen,flexible,Employee Attributes,Adaptability,Both AI & ML
2025,Mönchengladbach,Nordrhein-Westfalen,motivated,Employee Attributes,Motivation,Both AI & ML
2025,Mönchengladbach,Nordrhein-Westfalen,design,Decision Making and Analytical,DecisionMaking,Both AI & ML
2025,Mönchengladbach,Nordrhein-Westfalen,nlp,Specialized ML,NLP,Both AI & ML
2025,Mönchengladbach,Nordrhein-Westfalen,testing,Decision Making and Analytical,DecisionMaking,Both AI & ML
2025,Mönchengladbach,Nordrhein-Westfalen,python,Occupational Attributes,Programming,Both AI & ML
2025,Mönchengladbach,Nordrhein-Westfalen,javascript,Occupational Attributes,Programming,Both AI & ML
2025,Mönchengladbach,Nordrhein-Westfalen,nlp,Specialized ML,NLP,Both AI & ML
2025,Mönchengladbach,Nordrhein-Westfalen,machine learning,Statistics and Data,DataMining,Both AI & ML
2025,Mönchengladbach,Nordrhein-Westfalen,confident,Employee Attributes,Confidence,Both AI & ML
2025,Mönchengladbach,Nordrhein-Westfalen,proactive,Employee Attributes,Other,Both AI & ML
2025,Mönchengladbach,Nordrhein-Westfalen,german,General,ForeignLanguage,Both AI & ML
2025,Mönchengladbach,Nordrhein-Westfalen,english,General,ForeignLanguage,Both AI & ML
2025,Mönchengladbach,Nordrhein-Westfalen,aws,Cloud Platforms,AWS,Both AI & ML
2025,Mönchengladbach,Nordrhein-Westfalen,azure,Cloud Platforms,Azure,Both AI & ML
2025,Mönchengladbach,Nordrhein-Westfalen,gcp,Cloud Platforms,GCP,Both AI & ML
2025,Mönchengladbach,Nordrhein-Westfalen,design,Decision Making and Analytical,DecisionMaking,Both AI & ML
2025,Mönchengladbach,Nordrhein-Westfalen,transparency,Ethical and Responsible AI,EthicalAI,Both AI & ML
2025,Mönchengladbach,Nordrhein-Westfalen,fairness,Ethical and Responsible AI,EthicalAI,Both AI & ML
2025,Heilbronn,Baden-Württemberg,machine learning,Statistics and Data,DataMining,Both AI & ML
2025,Heilbronn,Baden-Württemberg,big data,Statistics and Data,BigData,Both AI & ML
2025,Heilbronn,Baden-Württemberg,kooperation,Decision Making and Analytical,Interpersonal,Both AI & ML
2025,Heilbronn,Baden-Württemberg,analysis,Decision Making and Analytical,DecisionMaking,Both AI & ML
2025,Heilbronn,Baden-Württemberg,datenanalyse,General,Research,Both AI & ML
2025,Heilbronn,Baden-Württemberg,mathematik,General,Numeracy,Both AI & ML
2025,Berlin,Berlin,aws,Cloud Platforms,AWS,Both AI & ML
2025,Berlin,Berlin,creative,Decision Making and Analytical,Creativity,Both AI & ML
2025,Berlin,Berlin,motivated,Employee Attributes,Motivation,Both AI & ML
2025,Berlin,Berlin,collaboration,Decision Making and Analytical,Interpersonal,Both AI & ML
2025,Berlin,Berlin,interpersonal,Decision Making and Analytical,Interpersonal,Both AI & ML
2025,Berlin,Berlin,collaboration,Decision Making and Analytical,Interpersonal,Both AI & ML
2025,München,Bayern,collaboration,Decision Making and Analytical,Interpersonal,Both AI & ML
2025,München,Bayern,documentation,Decision Making and Analytical,MSOffice,Both AI & ML
2025,München,Bayern,analysis,Decision Making and Analytical,DecisionMaking,Both AI & ML
2025,München,Bayern,machine learning,Statistics and Data,DataMining,Both AI & ML
2025,München,Bayern,design,Decision Making and Analytical,DecisionMaking,Both AI & ML
2025,München,Bayern,implementation,Decision Making and Analytical,DecisionMaking,Both AI & ML
2025,München,Bayern,testing,Decision Making and Analytical,DecisionMaking,Both AI & ML
2025,München,Bayern,design,Decision Making and Analytical,DecisionMaking,Both AI & ML
2025,München,Bayern,creative,Decision Making and Analytical,Creativity,Both AI & ML
2025,München,Bayern,independent,Employee Attributes,Independence,Both AI & ML
2025,München,Bayern,responsible,Communication,Generic,Both AI & ML
2025,München,Bayern,c + +,Occupational Attributes,Programming,Both AI & ML
2025,München,Bayern,c #,Occupational Attributes,Programming,Both AI & ML
2025,Karlsruhe,Baden-Württemberg,machine learning,Statistics and Data,DataMining,ML
2025,Karlsruhe,Baden-Württemberg,analyse,Decision Making and Analytical,DecisionMaking,ML
2025,Karlsruhe,Baden-Württemberg,machine learning,Statistics and Data,DataMining,ML
2025,Karlsruhe,Baden-Württemberg,modellierung,Decision Making and Analytical,DecisionMaking,ML
2025,Karlsruhe,Baden-Württemberg,python,Occupational Attributes,Programming,ML
2025,Karlsruhe,Baden-Württemberg,deutsch,General,ForeignLanguage,ML
2025,Karlsruhe,Baden-Württemberg,englisch,General,ForeignLanguage,ML
2025,Karlsruhe,Baden-Württemberg,analytisch,Decision Making and Analytical,Analytical,ML
2025,Berlin,Berlin,python,Occupational Attributes,Programming,Both AI & ML
2025,Berlin,Berlin,saas,Occupational Attributes,EnterpriseSystem,Both AI & ML
2025,Berlin,Berlin,collaboration,Decision Making and Analytical,Interpersonal,Both AI & ML
2025,Berlin,Berlin,machine learning,Statistics and Data,DataMining,Both AI & ML
2025,Berlin,Berlin,forecasting,Statistics and Data,DataMining,Both AI & ML
2025,Berlin,Berlin,collaboration,Decision Making and Analytical,Interpersonal,Both AI & ML
2025,Berlin,Berlin,forecasting,Statistics and Data,DataMining,Both AI & ML
2025,Berlin,Berlin,design,Decision Making and Analytical,DecisionMaking,Both AI & ML
2025,Köln,Nordrhein-Westfalen,storage,Occupational Attributes,Hardware,Both AI & ML
2025,Köln,Nordrhein-Westfalen,autonomous,Employee Attributes,Independence,Both AI & ML
2025,Köln,Nordrhein-Westfalen,storage,Occupational Attributes,Hardware,Both AI & ML
2025,Köln,Nordrhein-Westfalen,architecture,Occupational Attributes,Hardware,Both AI & ML
2025,Köln,Nordrhein-Westfalen,storage,Occupational Attributes,Hardware,Both AI & ML
2025,Köln,Nordrhein-Westfalen,storage,Occupational Attributes,Hardware,Both AI & ML
2025,Köln,Nordrhein-Westfalen,storage,Occupational Attributes,Hardware,Both AI & ML
2025,Köln,Nordrhein-Westfalen,machine learning,Statistics and Data,DataMining,Both AI & ML
2025,Köln,Nordrhein-Westfalen,storage,Occupational Attributes,Hardware,Both AI & ML
2025,Frankfurt am Main,Hessen,responsible,Communication,Generic,Both AI & ML
2025,Frankfurt am Main,Hessen,responsible,Communication,Generic,Both AI & ML
2025,Frankfurt am Main,Hessen,modeling,Decision Making and Analytical,DecisionMaking,Both AI & ML
2025,Frankfurt am Main,Hessen,design,Decision Making and Analytical,DecisionMaking,Both AI & ML
2025,Frankfurt am Main,Hessen,calibration,MLOps,Evaluation,Both AI & ML
2025,Frankfurt am Main,Hessen,documentation,Decision Making and Analytical,MSOffice,Both AI & ML
2025,Frankfurt am Main,Hessen,implementation,Decision Making and Analytical,DecisionMaking,Both AI & ML
2025,Frankfurt am Main,Hessen,reporting,Decision Making and Analytical,DecisionMaking,Both AI & ML
2025,Frankfurt am Main,Hessen,modeling,Decision Making and Analytical,DecisionMaking,Both AI & ML
2025,Frankfurt am Main,Hessen,architecture,Occupational Attributes,Hardware,Both AI & ML
2025,Frankfurt am Main,Hessen,design,Decision Making and Analytical,DecisionMaking,Both AI & ML
2025,Stuttgart,Baden-Württemberg,independent,Employee Attributes,Independence,Both AI & ML
2025,Stuttgart,Baden-Württemberg,machine learning,Statistics and Data,DataMining,Both AI & ML
2025,Stuttgart,Baden-Württemberg,design,Decision Making and Analytical,DecisionMaking,Both AI & ML
2025,Stuttgart,Baden-Württemberg,design,Decision Making and Analytical,DecisionMaking,Both AI & ML
2025,Stuttgart,Baden-Württemberg,sql,Statistics and Data,StructuredData,Both AI & ML
2025,Stuttgart,Baden-Württemberg,testing,Decision Making and Analytical,DecisionMaking,Both AI & ML
2025,Stuttgart,Baden-Württemberg,sql,Statistics and Data,StructuredData,Both AI & ML
2025,Stuttgart,Baden-Württemberg,server,Occupational Attributes,Hardware,Both AI & ML
2025,Stuttgart,Baden-Württemberg,integration,Occupational Attributes,EnterpriseSystem,Both AI & ML
2025,Stuttgart,Baden-Württemberg,sql,Statistics and Data,StructuredData,Both AI & ML
2025,Stuttgart,Baden-Württemberg,server,Occupational Attributes,Hardware,Both AI & ML
2025,Stuttgart,Baden-Württemberg,reporting,Decision Making and Analytical,DecisionMaking,Both AI & ML
2025,Stuttgart,Baden-Württemberg,integration,Occupational Attributes,EnterpriseSystem,Both AI & ML
2025,Stuttgart,Baden-Württemberg,verbal,Communication,Verbal,Both AI & ML
2025,Stuttgart,Baden-Württemberg,communication,Decision Making and Analytical,MSOffice,Both AI & ML
2025,Stuttgart,Baden-Württemberg,competitive,Communication,Generic,Both AI & ML
2025,Stuttgart,Baden-Württemberg,fairness,Ethical and Responsible AI,EthicalAI,Both AI & ML
2025,Stuttgart,Baden-Württemberg,machine learning,Statistics and Data,DataMining,Both AI & ML
2025,Stuttgart,Baden-Württemberg,architecture,Occupational Attributes,Hardware,Both AI & ML
2025,Stuttgart,Baden-Württemberg,design,Decision Making and Analytical,DecisionMaking,Both AI & ML
2025,Stuttgart,Baden-Württemberg,c + +,Occupational Attributes,Programming,Both AI & ML
2025,Stuttgart,Baden-Württemberg,java,Occupational Attributes,Programming,Both AI & ML
2025,Stuttgart,Baden-Württemberg,javascript,Occupational Attributes,Programming,Both AI & ML
2025,Stuttgart,Baden-Württemberg,scala,Occupational Attributes,Programming,Both AI & ML
2025,Stuttgart,Baden-Württemberg,python,Occupational Attributes,Programming,Both AI & ML
2025,Holzgerlingen,Baden-Württemberg,zusammenarbeit,Decision Making and Analytical,Interpersonal,ML
2025,Holzgerlingen,Baden-Württemberg,azure,Cloud Platforms,Azure,ML
2025,Holzgerlingen,Baden-Württemberg,report,Communication,Presentation,ML
2025,Holzgerlingen,Baden-Württemberg,analyse,Decision Making and Analytical,DecisionMaking,ML
2025,Holzgerlingen,Baden-Württemberg,modellierung,Decision Making and Analytical,DecisionMaking,ML
2025,Holzgerlingen,Baden-Württemberg,zusammenarbeit,Decision Making and Analytical,Interpersonal,ML
2025,Holzgerlingen,Baden-Württemberg,azure,Cloud Platforms,Azure,ML
2025,Holzgerlingen,Baden-Württemberg,reporting,Decision Making and Analytical,DecisionMaking,ML
2025,Holzgerlingen,Baden-Württemberg,machine learning,Statistics and Data,DataMining,ML
2025,Holzgerlingen,Baden-Württemberg,azure,Cloud Platforms,Azure,ML
2025,Holzgerlingen,Baden-Württemberg,flexible,Employee Attributes,Adaptability,ML
2025,Berlin,Berlin,analyse,Decision Making and Analytical,DecisionMaking,Both AI & ML
2025,Berlin,Berlin,datenanalyse,General,Research,Both AI & ML
2025,Berlin,Berlin,modellierung,Decision Making and Analytical,DecisionMaking,Both AI & ML
2025,Berlin,Berlin,implementierung,Decision Making and Analytical,DecisionMaking,Both AI & ML
2025,Berlin,Berlin,implementierung,Decision Making and Analytical,DecisionMaking,Both AI & ML
2025,Berlin,Berlin,machine learning,Statistics and Data,DataMining,Both AI & ML
2025,Berlin,Berlin,mathematik,General,Numeracy,Both AI & ML
2025,Berlin,Berlin,python,Occupational Attributes,Programming,Both AI & ML
2025,Berlin,Berlin,tableau,Occupational Attributes,Visualization,Both AI & ML
2025,Berlin,Berlin,excel,Decision Making and Analytical,MSOffice,Both AI & ML
2025,Berlin,Berlin,analyse,Decision Making and Analytical,DecisionMaking,Both AI & ML
2025,Berlin,Berlin,planung,Data Engineering,Orchestration,Both AI & ML
2025,Berlin,Berlin,verantwortlich,Communication,Generic,Both AI & ML
2025,Berlin,Berlin,bash,Occupational Attributes,Programming,Both AI & ML
2025,Berlin,Berlin,server,Occupational Attributes,Hardware,Both AI & ML
2025,Berlin,Berlin,mysql,Statistics and Data,StructuredData,Both AI & ML
2025,Berlin,Berlin,dokumentation,Decision Making and Analytical,MSOffice,Both AI & ML
2025,Berlin,Berlin,machine learning,Statistics and Data,DataMining,Both AI & ML
2025,Frankfurt am Main,Hessen,creative,Decision Making and Analytical,Creativity,Both AI & ML
2025,Frankfurt am Main,Hessen,responsible,Communication,Generic,Both AI & ML
2025,Frankfurt am Main,Hessen,testing,Decision Making and Analytical,DecisionMaking,Both AI & ML
2025,Frankfurt am Main,Hessen,machine learning,Statistics and Data,DataMining,Both AI & ML
2025,Frankfurt am Main,Hessen,analysis,Decision Making and Analytical,DecisionMaking,Both AI & ML
2025,Frankfurt am Main,Hessen,collaboration,Decision Making and Analytical,Interpersonal,Both AI & ML
2025,Frankfurt am Main,Hessen,verbal,Communication,Verbal,Both AI & ML
2025,Frankfurt am Main,Hessen,communication,Decision Making and Analytical,MSOffice,Both AI & ML
2025,Frankfurt am Main,Hessen,report,Communication,Presentation,Both AI & ML
2025,Köln,Nordrhein-Westfalen,storage,Occupational Attributes,Hardware,Both AI & ML
2025,Köln,Nordrhein-Westfalen,autonomous,Employee Attributes,Independence,Both AI & ML
2025,Köln,Nordrhein-Westfalen,storage,Occupational Attributes,Hardware,Both AI & ML
2025,Köln,Nordrhein-Westfalen,architecture,Occupational Attributes,Hardware,Both AI & ML
2025,Köln,Nordrhein-Westfalen,storage,Occupational Attributes,Hardware,Both AI & ML
2025,Köln,Nordrhein-Westfalen,storage,Occupational Attributes,Hardware,Both AI & ML
2025,Köln,Nordrhein-Westfalen,storage,Occupational Attributes,Hardware,Both AI & ML
2025,Köln,Nordrhein-Westfalen,machine learning,Statistics and Data,DataMining,Both AI & ML
2025,Köln,Nordrhein-Westfalen,storage,Occupational Attributes,Hardware,Both AI & ML
2025,Stuttgart,Baden-Württemberg,fairness,Ethical and Responsible AI,EthicalAI,Both AI & ML
2025,Stuttgart,Baden-Württemberg,machine learning,Statistics and Data,DataMining,Both AI & ML
2025,Stuttgart,Baden-Württemberg,architecture,Occupational Attributes,Hardware,Both AI & ML
2025,Stuttgart,Baden-Württemberg,design,Decision Making and Analytical,DecisionMaking,Both AI & ML
2025,Stuttgart,Baden-Württemberg,c + +,Occupational Attributes,Programming,Both AI & ML
2025,Stuttgart,Baden-Württemberg,java,Occupational Attributes,Programming,Both AI & ML
2025,Stuttgart,Baden-Württemberg,javascript,Occupational Attributes,Programming,Both AI & ML
2025,Stuttgart,Baden-Württemberg,scala,Occupational Attributes,Programming,Both AI & ML
2025,Gaimersheim,Bayern,implementation,Decision Making and Analytical,DecisionMaking,Both AI & ML
2025,Gaimersheim,Bayern,datenanalyse,General,Research,Both AI & ML
2025,Gaimersheim,Bayern,projektmanagement,Occupational Attributes,ProjectManagement,Both AI & ML
2025,Gaimersheim,Bayern,planung,Data Engineering,Orchestration,Both AI & ML
2025,Berlin,Berlin,machine learning,Statistics and Data,DataMining,Both AI & ML
2025,Berlin,Berlin,reliable,Employee Attributes,Other,Both AI & ML
2025,Berlin,Berlin,aws,Cloud Platforms,AWS,Both AI & ML
2025,Berlin,Berlin,aws,Cloud Platforms,AWS,Both AI & ML
2025,Berlin,Berlin,python,Occupational Attributes,Programming,Both AI & ML
2025,Berlin,Berlin,design,Decision Making and Analytical,DecisionMaking,Both AI & ML
2025,Köln,Nordrhein-Westfalen,machine learning,Statistics and Data,DataMining,Both AI & ML
2025,Köln,Nordrhein-Westfalen,machine learning,Statistics and Data,DataMining,Both AI & ML
2025,Köln,Nordrhein-Westfalen,modeling,Decision Making and Analytical,DecisionMaking,Both AI & ML
2025,Köln,Nordrhein-Westfalen,analysis,Decision Making and Analytical,DecisionMaking,Both AI & ML
2025,Köln,Nordrhein-Westfalen,machine learning,Statistics and Data,DataMining,Both AI & ML
2025,Köln,Nordrhein-Westfalen,modeling,Decision Making and Analytical,DecisionMaking,Both AI & ML
2025,Köln,Nordrhein-Westfalen,analysis,Decision Making and Analytical,DecisionMaking,Both AI & ML
2025,Köln,Nordrhein-Westfalen,collaboration,Decision Making and Analytical,Interpersonal,Both AI & ML
2025,Köln,Nordrhein-Westfalen,statistics,Statistics and Data,Statistics,Both AI & ML
2025,Köln,Nordrhein-Westfalen,machine learning,Statistics and Data,DataMining,Both AI & ML
2025,Köln,Nordrhein-Westfalen,python,Occupational Attributes,Programming,Both AI & ML
2025,Köln,Nordrhein-Westfalen,analysis,Decision Making and Analytical,DecisionMaking,Both AI & ML
2025,Köln,Nordrhein-Westfalen,docker,MLOps,Tools,Both AI & ML
2025,Köln,Nordrhein-Westfalen,competitive,Communication,Generic,Both AI & ML
2025,Düsseldorf,Nordrhein-Westfalen,java,Occupational Attributes,Programming,Both AI & ML
2025,Düsseldorf,Nordrhein-Westfalen,machine learning,Statistics and Data,DataMining,Both AI & ML
2025,Düsseldorf,Nordrhein-Westfalen,java,Occupational Attributes,Programming,Both AI & ML
2025,Düsseldorf,Nordrhein-Westfalen,responsible,Communication,Generic,Both AI & ML
2025,Düsseldorf,Nordrhein-Westfalen,design,Decision Making and Analytical,DecisionMaking,Both AI & ML
2025,Düsseldorf,Nordrhein-Westfalen,reliable,Employee Attributes,Other,Both AI & ML
2025,Düsseldorf,Nordrhein-Westfalen,architecture,Occupational Attributes,Hardware,Both AI & ML
2025,Düsseldorf,Nordrhein-Westfalen,design,Decision Making and Analytical,DecisionMaking,Both AI & ML
2025,Frankfurt am Main,Hessen,skalierung,Generative AI,Serving,Both AI & ML
2025,Frankfurt am Main,Hessen,machine learning,Statistics and Data,DataMining,Both AI & ML
2025,Frankfurt am Main,Hessen,integration,Occupational Attributes,EnterpriseSystem,Both AI & ML
2025,Düsseldorf,Nordrhein-Westfalen,prediction,Statistics and Data,DataMining,Both AI & ML
2025,Düsseldorf,Nordrhein-Westfalen,design,Decision Making and Analytical,DecisionMaking,Both AI & ML
2025,Düsseldorf,Nordrhein-Westfalen,statistics,Statistics and Data,Statistics,Both AI & ML
2025,Düsseldorf,Nordrhein-Westfalen,machine learning,Statistics and Data,DataMining,Both AI & ML
2025,Düsseldorf,Nordrhein-Westfalen,machine learning,Statistics and Data,DataMining,Both AI & ML
2025,Düsseldorf,Nordrhein-Westfalen,machine learning,Statistics and Data,DataMining,Both AI & ML
2025,Düsseldorf,Nordrhein-Westfalen,machine learning,Statistics and Data,DataMining,Both AI & ML
2025,Düsseldorf,Nordrhein-Westfalen,analysis,Decision Making and Analytical,DecisionMaking,Both AI & ML
2025,Düsseldorf,Nordrhein-Westfalen,design,Decision Making and Analytical,DecisionMaking,Both AI & ML
2025,Düsseldorf,Nordrhein-Westfalen,competitive,Communication,Generic,Both AI & ML
2025,Düsseldorf,Nordrhein-Westfalen,report,Communication,Presentation,Both AI & ML
2025,Düsseldorf,Nordrhein-Westfalen,analytical,Decision Making and Analytical,DecisionMaking,Both AI & ML
2025,Düsseldorf,Nordrhein-Westfalen,communication,Decision Making and Analytical,MSOffice,Both AI & ML
2025,Düsseldorf,Nordrhein-Westfalen,english,General,ForeignLanguage,Both AI & ML
2025,Berlin,Berlin,forecasting,Statistics and Data,DataMining,Both AI & ML
2025,Berlin,Berlin,scheduling,Data Engineering,Orchestration,Both AI & ML
2025,Berlin,Berlin,design,Decision Making and Analytical,DecisionMaking,Both AI & ML
2025,Berlin,Berlin,accuracy,Employee Attributes,DetailOriented,Both AI & ML
2025,Berlin,Berlin,forecasting,Statistics and Data,DataMining,Both AI & ML
2025,Berlin,Berlin,scheduling,Data Engineering,Orchestration,Both AI & ML
2025,Berlin,Berlin,collaboration,Decision Making and Analytical,Interpersonal,Both AI & ML
2025,Berlin,Berlin,design,Decision Making and Analytical,DecisionMaking,Both AI & ML
2025,Hamburg,Hamburg,translation,Specialized ML,NLP,Both AI & ML
2025,Hamburg,Hamburg,translation,Specialized ML,NLP,Both AI & ML
2025,Hamburg,Hamburg,translation,Specialized ML,NLP,Both AI & ML
2025,Hamburg,Hamburg,accuracy,Employee Attributes,DetailOriented,Both AI & ML
2025,Hamburg,Hamburg,translation,Specialized ML,NLP,Both AI & ML
2025,Hamburg,Hamburg,transparency,Ethical and Responsible AI,EthicalAI,Both AI & ML
2025,Hamburg,Hamburg,responsible,Communication,Generic,Both AI & ML
2025,Hamburg,Hamburg,design,Decision Making and Analytical,DecisionMaking,Both AI & ML
2025,Hamburg,Hamburg,communication,Decision Making and Analytical,MSOffice,Both AI & ML
2025,München,Bayern,hardware,Occupational Attributes,Hardware,Both AI & ML
2025,München,Bayern,machine learning,Statistics and Data,DataMining,Both AI & ML
2025,München,Bayern,machine learning,Statistics and Data,DataMining,Both AI & ML
2025,München,Bayern,architecture,Occupational Attributes,Hardware,Both AI & ML
2025,München,Bayern,ray,Generative AI,Serving,Both AI & ML
2025,München,Bayern,transformer,Generative AI,LLM,Both AI & ML
2025,München,Bayern,llm,Generative AI,LLM,Both AI & ML
2025,München,Bayern,python,Occupational Attributes,Programming,Both AI & ML
2025,München,Bayern,machine learning,Statistics and Data,DataMining,Both AI & ML
2025,München,Bayern,docker,MLOps,Tools,Both AI & ML
2025,München,Bayern,integration,Occupational Attributes,EnterpriseSystem,Both AI & ML
2025,München,Bayern,english,General,ForeignLanguage,Both AI & ML
2025,München,Bayern,verbal,Communication,Verbal,Both AI & ML
2025,München,Bayern,communication,Decision Making and Analytical,MSOffice,Both AI & ML
2025,Frankfurt am Main,Hessen,communication,Decision Making and Analytical,MSOffice,Both AI & ML
2025,Frankfurt am Main,Hessen,python,Occupational Attributes,Programming,Both AI & ML
2025,Frankfurt am Main,Hessen,communication,Decision Making and Analytical,MSOffice,Both AI & ML
2025,Frankfurt am Main,Hessen,python,Occupational Attributes,Programming,Both AI & ML
2025,Frankfurt am Main,Hessen,sql,Statistics and Data,StructuredData,Both AI & ML
2025,Frankfurt am Main,Hessen,postgresql,Statistics and Data,StructuredData,Both AI & ML
2025,Frankfurt am Main,Hessen,mongodb,Statistics and Data,StructuredData,Both AI & ML
2025,Frankfurt am Main,Hessen,aws,Cloud Platforms,AWS,Both AI & ML
2025,Frankfurt am Main,Hessen,azure,Cloud Platforms,Azure,Both AI & ML
2025,Frankfurt am Main,Hessen,machine learning,Statistics and Data,DataMining,Both AI & ML
2025,Frankfurt am Main,Hessen,communication,Decision Making and Analytical,MSOffice,Both AI & ML
2025,Eppingen,Baden-Württemberg,machine learning,Statistics and Data,DataMining,Both AI & ML
2025,Essen,Nordrhein-Westfalen,planung,Data Engineering,Orchestration,Both AI & ML
2025,Essen,Nordrhein-Westfalen,implementierung,Decision Making and Analytical,DecisionMaking,Both AI & ML
2025,Essen,Nordrhein-Westfalen,analyse,Decision Making and Analytical,DecisionMaking,Both AI & ML
2025,Essen,Nordrhein-Westfalen,integration,Occupational Attributes,EnterpriseSystem,Both AI & ML
2025,Essen,Nordrhein-Westfalen,implementierung,Decision Making and Analytical,DecisionMaking,Both AI & ML
2025,Essen,Nordrhein-Westfalen,projektmanagement,Occupational Attributes,ProjectManagement,Both AI & ML
2025,Essen,Nordrhein-Westfalen,zusammenfassung,Specialized ML,NLP,Both AI & ML
2025,Essen,Nordrhein-Westfalen,mathematik,General,Numeracy,Both AI & ML
2025,Essen,Nordrhein-Westfalen,python,Occupational Attributes,Programming,Both AI & ML
2025,Essen,Nordrhein-Westfalen,pandas,Statistics and Data,Statistics,Both AI & ML
2025,Berlin,Berlin,machine learning,Statistics and Data,DataMining,Both AI & ML
2025,Berlin,Berlin,analysis,Decision Making and Analytical,DecisionMaking,Both AI & ML
2025,Berlin,Berlin,prediction,Statistics and Data,DataMining,Both AI & ML
2025,Berlin,Berlin,design,Decision Making and Analytical,DecisionMaking,Both AI & ML
2025,Berlin,Berlin,accuracy,Employee Attributes,DetailOriented,Both AI & ML
2025,Berlin,Berlin,nlp,Specialized ML,NLP,Both AI & ML
2025,Berlin,Berlin,python,Occupational Attributes,Programming,Both AI & ML
2025,Berlin,Berlin,analysis,Decision Making and Analytical,DecisionMaking,Both AI & ML
2025,Berlin,Berlin,competitive,Communication,Generic,Both AI & ML
2025,Berlin,Berlin,responsible,Communication,Generic,Both AI & ML
2025,Berlin,Berlin,autonomous,Employee Attributes,Independence,Both AI & ML
2025,Berlin,Berlin,kubernetes,MLOps,Tools,Both AI & ML
2025,Berlin,Berlin,machine learning,Statistics and Data,DataMining,Both AI & ML
2025,Eppingen,Baden-Württemberg,machine learning,Statistics and Data,DataMining,Both AI & ML
2025,Eppingen,Baden-Württemberg,bildverarbeitung,Specialized ML,ComputerVision,Both AI & ML
2025,Eppingen,Baden-Württemberg,machine learning,Statistics and Data,DataMining,Both AI & ML
2025,Köln,Nordrhein-Westfalen,motivated,Employee Attributes,Motivation,Both AI & ML
2025,Köln,Nordrhein-Westfalen,implementation,Decision Making and Analytical,DecisionMaking,Both AI & ML
2025,Köln,Nordrhein-Westfalen,hardware,Occupational Attributes,Hardware,Both AI & ML
2025,Köln,Nordrhein-Westfalen,design,Decision Making and Analytical,DecisionMaking,Both AI & ML
2025,Köln,Nordrhein-Westfalen,architecture,Occupational Attributes,Hardware,Both AI & ML
2025,Köln,Nordrhein-Westfalen,hardware,Occupational Attributes,Hardware,Both AI & ML
2025,Köln,Nordrhein-Westfalen,analysis,Decision Making and Analytical,DecisionMaking,Both AI & ML
2025,Köln,Nordrhein-Westfalen,hardware,Occupational Attributes,Hardware,Both AI & ML
2025,Köln,Nordrhein-Westfalen,c + +,Occupational Attributes,Programming,Both AI & ML
2025,Köln,Nordrhein-Westfalen,python,Occupational Attributes,Programming,Both AI & ML
2025,Eppingen,Baden-Württemberg,machine learning,Statistics and Data,DataMining,Both AI & ML
2025,Eppingen,Baden-Württemberg,machine learning,Statistics and Data,DataMining,Both AI & ML
2025,Magdeburg,Sachsen-Anhalt,analyse,Decision Making and Analytical,DecisionMaking,Both AI & ML
2025,Magdeburg,Sachsen-Anhalt,statistik,Statistics and Data,Statistics,Both AI & ML
2025,Freiburg im Breisgau,Baden-Württemberg,integration,Occupational Attributes,EnterpriseSystem,Both AI & ML
2025,Freiburg im Breisgau,Baden-Württemberg,aws,Cloud Platforms,AWS,Both AI & ML
2025,Freiburg im Breisgau,Baden-Württemberg,azure,Cloud Platforms,Azure,Both AI & ML
2025,Freiburg im Breisgau,Baden-Württemberg,datenanalyse,General,Research,Both AI & ML
2025,Stuttgart,Baden-Württemberg,kooperation,Decision Making and Analytical,Interpersonal,Both AI & ML
2025,Stuttgart,Baden-Württemberg,machine learning,Statistics and Data,DataMining,Both AI & ML
2025,München,Bayern,datenanalyse,General,Research,Both AI & ML
2025,München,Bayern,big data,Statistics and Data,BigData,Both AI & ML
2025,München,Bayern,implementierung,Decision Making and Analytical,DecisionMaking,Both AI & ML
2025,München,Bayern,datenanalyse,General,Research,Both AI & ML
2025,München,Bayern,machine learning,Statistics and Data,DataMining,Both AI & ML
2025,München,Bayern,datenanalyse,General,Research,Both AI & ML
2025,München,Bayern,statistik,Statistics and Data,Statistics,Both AI & ML
2025,München,Bayern,python,Occupational Attributes,Programming,Both AI & ML
2025,München,Bayern,aws,Cloud Platforms,AWS,Both AI & ML
2025,München,Bayern,spark,Statistics and Data,BigData,Both AI & ML
2025,München,Bayern,tableau,Occupational Attributes,Visualization,Both AI & ML
2025,Kiel,Schleswig-Holstein,analyse,Decision Making and Analytical,DecisionMaking,Both AI & ML
2025,Kiel,Schleswig-Holstein,analyse,Decision Making and Analytical,DecisionMaking,Both AI & ML
2025,Kiel,Schleswig-Holstein,machine learning,Statistics and Data,DataMining,Both AI & ML
2025,Kiel,Schleswig-Holstein,claude,Generative AI,LLM,Both AI & ML
2025,Kiel,Schleswig-Holstein,mistral,Generative AI,LLM,Both AI & ML
2025,Kiel,Schleswig-Holstein,langchain,Generative AI,Tools,Both AI & ML
2025,Kiel,Schleswig-Holstein,rag,Generative AI,Techniques,Both AI & ML
2025,Kiel,Schleswig-Holstein,python,Occupational Attributes,Programming,Both AI & ML
2025,Kiel,Schleswig-Holstein,fastapi,Generative AI,Serving,Both AI & ML
2025,Kiel,Schleswig-Holstein,pandas,Statistics and Data,Statistics,Both AI & ML
2025,Kiel,Schleswig-Holstein,pinecone,Generative AI,VectorRetrieval,Both AI & ML
2025,Kiel,Schleswig-Holstein,datenanalyse,General,Research,Both AI & ML
2025,Berlin,Berlin,competitive,Communication,Generic,Both AI & ML
2025,Berlin,Berlin,german,General,ForeignLanguage,Both AI & ML
2025,Berlin,Berlin,design,Decision Making and Analytical,DecisionMaking,Both AI & ML
2025,Berlin,Berlin,storage,Occupational Attributes,Hardware,Both AI & ML
2025,Berlin,Berlin,machine learning,Statistics and Data,DataMining,Both AI & ML
2025,Berlin,Berlin,troubleshoot,Decision Making and Analytical,ProblemSolving,Both AI & ML
2025,Bremen,Bremen,python,Occupational Attributes,Programming,ML
2025,Bremen,Bremen,python,Occupational Attributes,Programming,ML
2025,Bremen,Bremen,implementierung,Decision Making and Analytical,DecisionMaking,ML
2025,Bremen,Bremen,analyse,Decision Making and Analytical,DecisionMaking,ML
2025,Bremen,Bremen,implementierung,Decision Making and Analytical,DecisionMaking,ML
2025,Bremen,Bremen,mathematik,General,Numeracy,ML
2025,Bremen,Bremen,machine learning,Statistics and Data,DataMining,ML
2025,Bremen,Bremen,python,Occupational Attributes,Programming,ML
2025,Bremen,Bremen,implementierung,Decision Making and Analytical,DecisionMaking,ML
2025,Bremen,Bremen,gis,Decision Making and Analytical,Analytical,ML
2025,Bremen,Bremen,python,Occupational Attributes,Programming,ML
2025,Bremen,Bremen,modellierung,Decision Making and Analytical,DecisionMaking,ML
2025,Bremen,Bremen,deutsch,General,ForeignLanguage,ML
2025,München,Bayern,azure,Cloud Platforms,Azure,Both AI & ML
2025,München,Bayern,machine learning,Statistics and Data,DataMining,Both AI & ML
2025,München,Bayern,python,Occupational Attributes,Programming,Both AI & ML
2025,München,Bayern,azure,Cloud Platforms,Azure,Both AI & ML
2025,München,Bayern,python,Occupational Attributes,Programming,Both AI & ML
2025,München,Bayern,c #,Occupational Attributes,Programming,Both AI & ML
2025,München,Bayern,machine learning,Statistics and Data,DataMining,Both AI & ML
2025,Coburg,Bayern,mlops,MLOps,Core,Both AI & ML
2025,Coburg,Bayern,aws,Cloud Platforms,AWS,Both AI & ML
2025,Coburg,Bayern,sagemaker,MLOps,Platforms,Both AI & ML
2025,Coburg,Bayern,zusammenarbeit,Decision Making and Analytical,Interpersonal,Both AI & ML
2025,Coburg,Bayern,architektur,Occupational Attributes,Hardware,Both AI & ML
2025,Coburg,Bayern,machine learning,Statistics and Data,DataMining,Both AI & ML
2025,Coburg,Bayern,mlops,MLOps,Core,Both AI & ML
2025,Coburg,Bayern,programmierung,Occupational Attributes,Programming,Both AI & ML
2025,Coburg,Bayern,python,Occupational Attributes,Programming,Both AI & ML
2025,Coburg,Bayern,java,Occupational Attributes,Programming,Both AI & ML
2025,Coburg,Bayern,aws,Cloud Platforms,AWS,Both AI & ML
2025,Coburg,Bayern,azure,Cloud Platforms,Azure,Both AI & ML
2025,Coburg,Bayern,gcp,Cloud Platforms,GCP,Both AI & ML
2025,Coburg,Bayern,kubernetes,MLOps,Tools,Both AI & ML
2025,,,architecture,Occupational Attributes,Hardware,Both AI & ML
2025,,,design,Decision Making and Analytical,DecisionMaking,Both AI & ML
2025,,,architecture,Occupational Attributes,Hardware,Both AI & ML
2025,,,architecture,Occupational Attributes,Hardware,Both AI & ML
2025,,,design,Decision Making and Analytical,DecisionMaking,Both AI & ML
2025,,,design,Decision Making and Analytical,DecisionMaking,Both AI & ML
2025,,,architecture,Occupational Attributes,Hardware,Both AI & ML
2025,,,architecture,Occupational Attributes,Hardware,Both AI & ML
2025,,,architecture,Occupational Attributes,Hardware,Both AI & ML
2025,,,communication,Decision Making and Analytical,MSOffice,Both AI & ML
2025,,,architecture,Occupational Attributes,Hardware,Both AI & ML
2025,,,saas,Occupational Attributes,EnterpriseSystem,Both AI & ML
2025,,,aws,Cloud Platforms,AWS,Both AI & ML
2025,,,azure,Cloud Platforms,Azure,Both AI & ML
2025,,,machine learning,Statistics and Data,DataMining,Both AI & ML
2025,,,proactive,Employee Attributes,Other,Both AI & ML
2025,Hamburg,Hamburg,design,Decision Making and Analytical,DecisionMaking,Both AI & ML
2025,Hamburg,Hamburg,machine learning,Statistics and Data,DataMining,Both AI & ML
2025,Hamburg,Hamburg,integration,Occupational Attributes,EnterpriseSystem,Both AI & ML
2025,Hamburg,Hamburg,machine learning,Statistics and Data,DataMining,Both AI & ML
2025,Hamburg,Hamburg,python,Occupational Attributes,Programming,Both AI & ML
2025,Hamburg,Hamburg,analysis,Decision Making and Analytical,DecisionMaking,Both AI & ML
2025,Hamburg,Hamburg,pandas,Statistics and Data,Statistics,Both AI & ML
2025,Hamburg,Hamburg,sql,Statistics and Data,StructuredData,Both AI & ML
2025,Hamburg,Hamburg,azure,Cloud Platforms,Azure,Both AI & ML
2025,Stuttgart,Baden-Württemberg,programmieren,Occupational Attributes,Programming,Both AI & ML
2025,Stuttgart,Baden-Württemberg,mathematik,General,Numeracy,Both AI & ML
2025,Stuttgart,Baden-Württemberg,englisch,General,ForeignLanguage,Both AI & ML
2025,Stuttgart,Baden-Württemberg,machine learning,Statistics and Data,DataMining,Both AI & ML
2025,Stuttgart,Baden-Württemberg,big data,Statistics and Data,BigData,Both AI & ML
2025,Karlsruhe,Baden-Württemberg,machine learning,Statistics and Data,DataMining,Both AI & ML
2025,Karlsruhe,Baden-Württemberg,javascript,Occupational Attributes,Programming,Both AI & ML
2025,Karlsruhe,Baden-Württemberg,python,Occupational Attributes,Programming,Both AI & ML
2025,München,Bayern,machine learning,Statistics and Data,DataMining,Both AI & ML
2025,München,Bayern,flexible,Employee Attributes,Adaptability,Both AI & ML
2025,München,Bayern,python,Occupational Attributes,Programming,Both AI & ML
2025,München,Bayern,machine learning,Statistics and Data,DataMining,Both AI & ML
2025,München,Bayern,transformers,Generative AI,Tools,Both AI & ML
2025,München,Bayern,motivated,Employee Attributes,Motivation,Both AI & ML
2025,München,Bayern,flexible,Employee Attributes,Adaptability,Both AI & ML
2025,Stuttgart,Baden-Württemberg,big data,Statistics and Data,BigData,Both AI & ML
2025,Stuttgart,Baden-Württemberg,big data,Statistics and Data,BigData,Both AI & ML
2025,Stuttgart,Baden-Württemberg,python,Occupational Attributes,Programming,Both AI & ML
2025,Stuttgart,Baden-Württemberg,databricks,MLOps,Platforms,Both AI & ML
2025,Stuttgart,Baden-Württemberg,tableau,Occupational Attributes,Visualization,Both AI & ML
2025,Stuttgart,Baden-Württemberg,dokumentation,Decision Making and Analytical,MSOffice,Both AI & ML
2025,Stuttgart,Baden-Württemberg,python,Occupational Attributes,Programming,Both AI & ML
2025,Stuttgart,Baden-Württemberg,databricks,MLOps,Platforms,Both AI & ML
2025,Stuttgart,Baden-Württemberg,tableau,Occupational Attributes,Visualization,Both AI & ML
2025,Stuttgart,Baden-Württemberg,machine learning,Statistics and Data,DataMining,Both AI & ML
2025,Stuttgart,Baden-Württemberg,big data,Statistics and Data,BigData,Both AI & ML
2025,Stuttgart,Baden-Württemberg,deutsch,General,ForeignLanguage,Both AI & ML
2025,Frankfurt am Main,Hessen,machine learning,Statistics and Data,DataMining,Both AI & ML
2025,Frankfurt am Main,Hessen,analyse,Decision Making and Analytical,DecisionMaking,Both AI & ML
2025,Ichenhausen,Bayern,kooperation,Decision Making and Analytical,Interpersonal,Both AI & ML
2025,Ichenhausen,Bayern,mathematik,General,Numeracy,Both AI & ML
2025,Ichenhausen,Bayern,mathematik,General,Numeracy,Both AI & ML
2025,Ichenhausen,Bayern,statistik,Statistics and Data,Statistics,Both AI & ML
2025,Ichenhausen,Bayern,machine learning,Statistics and Data,DataMining,Both AI & ML
2025,Ichenhausen,Bayern,datenanalyse,General,Research,Both AI & ML
2025,Ichenhausen,Bayern,mathematik,General,Numeracy,Both AI & ML
2025,Ichenhausen,Bayern,problemlösung,Decision Making and Analytical,ProblemSolving,Both AI & ML
2025,Leipzig,Sachsen,cooperation,Decision Making and Analytical,Interpersonal,Both AI & ML
2025,Frankfurt am Main,Hessen,fairness,Ethical and Responsible AI,EthicalAI,Both AI & ML
2025,Frankfurt am Main,Hessen,transparency,Ethical and Responsible AI,EthicalAI,Both AI & ML
2025,Frankfurt am Main,Hessen,collaboration,Decision Making and Analytical,Interpersonal,Both AI & ML
2025,Berlin,Berlin,machine learning,Statistics and Data,DataMining,Both AI & ML
2025,Berlin,Berlin,analysis,Decision Making and Analytical,DecisionMaking,Both AI & ML
2025,Berlin,Berlin,sql,Statistics and Data,StructuredData,Both AI & ML
2025,Berlin,Berlin,python,Occupational Attributes,Programming,Both AI & ML
2025,Berlin,Berlin,aws,Cloud Platforms,AWS,Both AI & ML
2025,Berlin,Berlin,azure,Cloud Platforms,Azure,Both AI & ML
2025,Berlin,Berlin,machine learning,Statistics and Data,DataMining,Both AI & ML
2025,Berlin,Berlin,communication,Decision Making and Analytical,MSOffice,Both AI & ML
2025,Berlin,Berlin,machine learning,Statistics and Data,DataMining,Both AI & ML
2025,Berlin,Berlin,machine learning,Statistics and Data,DataMining,Both AI & ML
2025,Berlin,Berlin,collaboration,Decision Making and Analytical,Interpersonal,Both AI & ML
2025,Hamburg,Hamburg,machine learning,Statistics and Data,DataMining,Both AI & ML
2025,Hamburg,Hamburg,flexible,Employee Attributes,Adaptability,Both AI & ML
2025,Hamburg,Hamburg,machine learning,Statistics and Data,DataMining,Both AI & ML
2025,Hamburg,Hamburg,machine learning,Statistics and Data,DataMining,Both AI & ML
2025,Hamburg,Hamburg,creative,Decision Making and Analytical,Creativity,Both AI & ML
2025,Hamburg,Hamburg,machine learning,Statistics and Data,DataMining,Both AI & ML
2025,Hamburg,Hamburg,collaboration,Decision Making and Analytical,Interpersonal,Both AI & ML
2025,Hamburg,Hamburg,testing,Decision Making and Analytical,DecisionMaking,Both AI & ML
2025,Hamburg,Hamburg,sql,Statistics and Data,StructuredData,Both AI & ML
2025,Hamburg,Hamburg,python,Occupational Attributes,Programming,Both AI & ML
2025,Hamburg,Hamburg,airflow,MLOps,Tools,Both AI & ML
2025,Hamburg,Hamburg,java,Occupational Attributes,Programming,Both AI & ML
2025,Hamburg,Hamburg,kubernetes,MLOps,Tools,Both AI & ML
2025,Hamburg,Hamburg,kafka,Data Engineering,IngestionStreaming,Both AI & ML
2025,Hamburg,Hamburg,aws,Cloud Platforms,AWS,Both AI & ML
2025,Hamburg,Hamburg,machine learning,Statistics and Data,DataMining,Both AI & ML
2025,Frankfurt am Main,Hessen,fairness,Ethical and Responsible AI,EthicalAI,Both AI & ML
2025,Frankfurt am Main,Hessen,transparency,Ethical and Responsible AI,EthicalAI,Both AI & ML
2025,Frankfurt am Main,Hessen,collaboration,Decision Making and Analytical,Interpersonal,Both AI & ML
2025,Aachen,Nordrhein-Westfalen,computer vision,Specialized ML,ComputerVision,Both AI & ML
2025,Aachen,Nordrhein-Westfalen,c #,Occupational Attributes,Programming,Both AI & ML
2025,Aachen,Nordrhein-Westfalen,python,Occupational Attributes,Programming,Both AI & ML
2025,Aachen,Nordrhein-Westfalen,bildverarbeitung,Specialized ML,ComputerVision,Both AI & ML
2025,Aachen,Nordrhein-Westfalen,bildverarbeitung,Specialized ML,ComputerVision,Both AI & ML
2025,Aachen,Nordrhein-Westfalen,python,Occupational Attributes,Programming,Both AI & ML
2025,Aachen,Nordrhein-Westfalen,c #,Occupational Attributes,Programming,Both AI & ML
2025,Aachen,Nordrhein-Westfalen,integration,Occupational Attributes,EnterpriseSystem,Both AI & ML
2025,Aachen,Nordrhein-Westfalen,machine learning,Statistics and Data,DataMining,Both AI & ML
2025,Aachen,Nordrhein-Westfalen,computer vision,Specialized ML,ComputerVision,Both AI & ML
2025,Aachen,Nordrhein-Westfalen,python,Occupational Attributes,Programming,Both AI & ML
2025,Aachen,Nordrhein-Westfalen,c #,Occupational Attributes,Programming,Both AI & ML
2025,Aachen,Nordrhein-Westfalen,deutsch,General,ForeignLanguage,Both AI & ML
2025,Ramstein-Miesenbach,Rheinland-Pfalz,machine learning,Statistics and Data,DataMining,Both AI & ML
2025,Ramstein-Miesenbach,Rheinland-Pfalz,analytical,Decision Making and Analytical,DecisionMaking,Both AI & ML
2025,Ramstein-Miesenbach,Rheinland-Pfalz,design,Decision Making and Analytical,DecisionMaking,Both AI & ML
2025,Ramstein-Miesenbach,Rheinland-Pfalz,reporting,Decision Making and Analytical,DecisionMaking,Both AI & ML
2025,Ramstein-Miesenbach,Rheinland-Pfalz,python,Occupational Attributes,Programming,Both AI & ML
2025,Ramstein-Miesenbach,Rheinland-Pfalz,sql,Statistics and Data,StructuredData,Both AI & ML
2025,Ramstein-Miesenbach,Rheinland-Pfalz,scala,Occupational Attributes,Programming,Both AI & ML
2025,Ramstein-Miesenbach,Rheinland-Pfalz,spark,Statistics and Data,BigData,Both AI & ML
2025,Ramstein-Miesenbach,Rheinland-Pfalz,hadoop,Statistics and Data,BigData,Both AI & ML
2025,Ramstein-Miesenbach,Rheinland-Pfalz,aws,Cloud Platforms,AWS,Both AI & ML
2025,Ramstein-Miesenbach,Rheinland-Pfalz,emr,Cloud Platforms,AWS,Both AI & ML
2025,Ramstein-Miesenbach,Rheinland-Pfalz,kafka,Data Engineering,IngestionStreaming,Both AI & ML
2025,Ramstein-Miesenbach,Rheinland-Pfalz,tableau,Occupational Attributes,Visualization,Both AI & ML
2025,Ramstein-Miesenbach,Rheinland-Pfalz,arcgis,Decision Making and Analytical,Analytical,Both AI & ML
2025,Frankfurt am Main,Hessen,creative,Decision Making and Analytical,Creativity,Both AI & ML
2025,Frankfurt am Main,Hessen,creative,Decision Making and Analytical,Creativity,Both AI & ML
2025,Neuburg,Mecklenburg-Vorpommern,integration,Occupational Attributes,EnterpriseSystem,Both AI & ML
2025,Neuburg,Mecklenburg-Vorpommern,implementierung,Decision Making and Analytical,DecisionMaking,Both AI & ML
2025,Neuburg,Mecklenburg-Vorpommern,implementierung,Decision Making and Analytical,DecisionMaking,Both AI & ML
2025,Neuburg,Mecklenburg-Vorpommern,machine learning,Statistics and Data,DataMining,Both AI & ML
2025,Neuburg,Mecklenburg-Vorpommern,azure,Cloud Platforms,Azure,Both AI & ML
2025,Bonn,Nordrhein-Westfalen,analyse,Decision Making and Analytical,DecisionMaking,Both AI & ML
2025,Bonn,Nordrhein-Westfalen,machine learning,Statistics and Data,DataMining,Both AI & ML
2025,Bonn,Nordrhein-Westfalen,zusammenarbeit,Decision Making and Analytical,Interpersonal,Both AI & ML
2025,Bonn,Nordrhein-Westfalen,planung,Data Engineering,Orchestration,Both AI & ML
2025,Sailauf,Bayern,design,Decision Making and Analytical,DecisionMaking,Both AI & ML
2025,Sailauf,Bayern,machine learning,Statistics and Data,DataMining,Both AI & ML
2025,Sailauf,Bayern,collaboration,Decision Making and Analytical,Interpersonal,Both AI & ML
2025,Sailauf,Bayern,hardware,Occupational Attributes,Hardware,Both AI & ML
2025,Sailauf,Bayern,machine learning,Statistics and Data,DataMining,Both AI & ML
2025,Sailauf,Bayern,machine learning,Statistics and Data,DataMining,Both AI & ML
2025,Sailauf,Bayern,docker,MLOps,Tools,Both AI & ML
2025,Sailauf,Bayern,kubernetes,MLOps,Tools,Both AI & ML
2025,Stuttgart,Baden-Württemberg,machine learning,Statistics and Data,DataMining,Both AI & ML
2025,Stuttgart,Baden-Württemberg,statistics,Statistics and Data,Statistics,Both AI & ML
2025,Stuttgart,Baden-Württemberg,modeling,Decision Making and Analytical,DecisionMaking,Both AI & ML
2025,Stuttgart,Baden-Württemberg,analysis,Decision Making and Analytical,DecisionMaking,Both AI & ML
2025,Stuttgart,Baden-Württemberg,analysis,Decision Making and Analytical,DecisionMaking,Both AI & ML
2025,Stuttgart,Baden-Württemberg,machine learning,Statistics and Data,DataMining,Both AI & ML
2025,Stuttgart,Baden-Württemberg,statistics,Statistics and Data,Statistics,Both AI & ML
2025,,Baden-Württemberg,machine learning,Statistics and Data,DataMining,Both AI & ML
2025,,Baden-Württemberg,analyse,Decision Making and Analytical,DecisionMaking,Both AI & ML
2025,,Baden-Württemberg,flexible,Employee Attributes,Adaptability,Both AI & ML
2025,Ramstein-Miesenbach,Rheinland-Pfalz,machine learning,Statistics and Data,DataMining,Both AI & ML
2025,Ramstein-Miesenbach,Rheinland-Pfalz,analytical,Decision Making and Analytical,DecisionMaking,Both AI & ML
2025,Ramstein-Miesenbach,Rheinland-Pfalz,design,Decision Making and Analytical,DecisionMaking,Both AI & ML
2025,Ramstein-Miesenbach,Rheinland-Pfalz,python,Occupational Attributes,Programming,Both AI & ML
2025,Ramstein-Miesenbach,Rheinland-Pfalz,scala,Occupational Attributes,Programming,Both AI & ML
2025,Ramstein-Miesenbach,Rheinland-Pfalz,sql,Statistics and Data,StructuredData,Both AI & ML
2025,Ramstein-Miesenbach,Rheinland-Pfalz,reporting,Decision Making and Analytical,DecisionMaking,Both AI & ML
2025,Ramstein-Miesenbach,Rheinland-Pfalz,spark,Statistics and Data,BigData,Both AI & ML
2025,Ramstein-Miesenbach,Rheinland-Pfalz,hadoop,Statistics and Data,BigData,Both AI & ML
2025,Ramstein-Miesenbach,Rheinland-Pfalz,aws,Cloud Platforms,AWS,Both AI & ML
2025,Ramstein-Miesenbach,Rheinland-Pfalz,emr,Cloud Platforms,AWS,Both AI & ML
2025,Ramstein-Miesenbach,Rheinland-Pfalz,tableau,Occupational Attributes,Visualization,Both AI & ML
2025,Ramstein-Miesenbach,Rheinland-Pfalz,arcgis,Decision Making and Analytical,Analytical,Both AI & ML
2025,Köln,Nordrhein-Westfalen,architektur,Occupational Attributes,Hardware,Both AI & ML
2025,Köln,Nordrhein-Westfalen,zusammenarbeit,Decision Making and Analytical,Interpersonal,Both AI & ML
2025,Köln,Nordrhein-Westfalen,integration,Occupational Attributes,EnterpriseSystem,Both AI & ML
2025,Kissing,Bayern,bildverarbeitung,Specialized ML,ComputerVision,Both AI & ML
2025,Kissing,Bayern,programmierung,Occupational Attributes,Programming,Both AI & ML
2025,Kissing,Bayern,c + +,Occupational Attributes,Programming,Both AI & ML
2025,Kissing,Bayern,computervision,Specialized ML,ComputerVision,Both AI & ML
2025,Kissing,Bayern,machine learning,Statistics and Data,DataMining,Both AI & ML
2025,Kissing,Bayern,programmierung,Occupational Attributes,Programming,Both AI & ML
2025,Gaggenau,Baden-Württemberg,machine learning,Statistics and Data,DataMining,Both AI & ML
2025,Gaggenau,Baden-Württemberg,analyse,Decision Making and Analytical,DecisionMaking,Both AI & ML
2025,Gaggenau,Baden-Württemberg,flexible,Employee Attributes,Adaptability,Both AI & ML
2025,Berlin,Berlin,responsible,Communication,Generic,Both AI & ML
2025,Berlin,Berlin,collaboration,Decision Making and Analytical,Interpersonal,Both AI & ML
2025,Berlin,Berlin,responsible,Communication,Generic,Both AI & ML
2025,Berlin,Berlin,machine learning,Statistics and Data,DataMining,Both AI & ML
2025,Berlin,Berlin,responsible,Communication,Generic,Both AI & ML
2025,München,Bayern,responsible,Communication,Generic,Both AI & ML
2025,München,Bayern,design,Decision Making and Analytical,DecisionMaking,Both AI & ML
2025,München,Bayern,nlp,Specialized ML,NLP,Both AI & ML
2025,München,Bayern,accuracy,Employee Attributes,DetailOriented,Both AI & ML
2025,München,Bayern,machine learning,Statistics and Data,DataMining,Both AI & ML
2025,München,Bayern,documentation,Decision Making and Analytical,MSOffice,Both AI & ML
2025,München,Bayern,machine learning,Statistics and Data,DataMining,Both AI & ML
2025,München,Bayern,python,Occupational Attributes,Programming,Both AI & ML
2025,München,Bayern,machine learning,Statistics and Data,DataMining,Both AI & ML
2025,München,Bayern,communication,Decision Making and Analytical,MSOffice,Both AI & ML
2025,Alleshausen,Baden-Württemberg,sql,Statistics and Data,StructuredData,Both AI & ML
2025,Alleshausen,Baden-Württemberg,analyse,Decision Making and Analytical,DecisionMaking,Both AI & ML
2025,Alleshausen,Baden-Württemberg,python,Occupational Attributes,Programming,Both AI & ML
2025,Alleshausen,Baden-Württemberg,dokumentation,Decision Making and Analytical,MSOffice,Both AI & ML
2025,Alleshausen,Baden-Württemberg,mathematik,General,Numeracy,Both AI & ML
2025,Alleshausen,Baden-Württemberg,python,Occupational Attributes,Programming,Both AI & ML
2025,Alleshausen,Baden-Württemberg,deutsch,General,ForeignLanguage,Both AI & ML
2025,Paderborn,Nordrhein-Westfalen,machine learning,Statistics and Data,DataMining,Both AI & ML
2025,Paderborn,Nordrhein-Westfalen,nlp,Specialized ML,NLP,Both AI & ML
2025,Paderborn,Nordrhein-Westfalen,aws,Cloud Platforms,AWS,Both AI & ML
2025,Paderborn,Nordrhein-Westfalen,nlp,Specialized ML,NLP,Both AI & ML
2025,Paderborn,Nordrhein-Westfalen,aws,Cloud Platforms,AWS,Both AI & ML
2025,Paderborn,Nordrhein-Westfalen,databricks,MLOps,Platforms,Both AI & ML
2025,Paderborn,Nordrhein-Westfalen,aws,Cloud Platforms,AWS,Both AI & ML
2025,Paderborn,Nordrhein-Westfalen,sql,Statistics and Data,StructuredData,Both AI & ML
2025,Paderborn,Nordrhein-Westfalen,deutsch,General,ForeignLanguage,Both AI & ML
2025,Paderborn,Nordrhein-Westfalen,englisch,General,ForeignLanguage,Both AI & ML
2025,Paderborn,Nordrhein-Westfalen,nlp,Specialized ML,NLP,Both AI & ML
2025,Paderborn,Nordrhein-Westfalen,python,Occupational Attributes,Programming,Both AI & ML
2025,Paderborn,Nordrhein-Westfalen,sql,Statistics and Data,StructuredData,Both AI & ML
2025,Paderborn,Nordrhein-Westfalen,mongodb,Statistics and Data,StructuredData,Both AI & ML
2025,Paderborn,Nordrhein-Westfalen,selbstständig,Employee Attributes,Independence,Both AI & ML
2025,Potsdam,Brandenburg,machine learning,Statistics and Data,DataMining,Both AI & ML
2025,Potsdam,Brandenburg,analysis,Decision Making and Analytical,DecisionMaking,Both AI & ML
2025,Potsdam,Brandenburg,association,Statistics and Data,DataMining,Both AI & ML
2025,Potsdam,Brandenburg,german,General,ForeignLanguage,Both AI & ML
2025,Potsdam,Brandenburg,collaboration,Decision Making and Analytical,Interpersonal,Both AI & ML
2025,Potsdam,Brandenburg,machine learning,Statistics and Data,DataMining,Both AI & ML
2025,Potsdam,Brandenburg,analysis,Decision Making and Analytical,DecisionMaking,Both AI & ML
2025,Potsdam,Brandenburg,prediction,Statistics and Data,DataMining,Both AI & ML
2025,Potsdam,Brandenburg,prediction,Statistics and Data,DataMining,Both AI & ML
2025,Potsdam,Brandenburg,prediction,Statistics and Data,DataMining,Both AI & ML
2025,Potsdam,Brandenburg,responsible,Communication,Generic,Both AI & ML
2025,Potsdam,Brandenburg,design,Decision Making and Analytical,DecisionMaking,Both AI & ML
2025,Potsdam,Brandenburg,analysis,Decision Making and Analytical,DecisionMaking,Both AI & ML
2025,München,Bayern,machine learning,Statistics and Data,DataMining,Both AI & ML
2025,München,Bayern,llm,Generative AI,LLM,Both AI & ML
2025,München,Bayern,scheduling,Data Engineering,Orchestration,Both AI & ML
2025,München,Bayern,machine learning,Statistics and Data,DataMining,Both AI & ML
2025,München,Bayern,flexible,Employee Attributes,Adaptability,Both AI & ML
2025,München,Bayern,communication,Decision Making and Analytical,MSOffice,Both AI & ML
2025,München,Bayern,python,Occupational Attributes,Programming,Both AI & ML
2025,München,Bayern,testing,Decision Making and Analytical,DecisionMaking,Both AI & ML
2025,München,Bayern,python,Occupational Attributes,Programming,Both AI & ML
2025,München,Bayern,testing,Decision Making and Analytical,DecisionMaking,Both AI & ML
2025,Berlin,Berlin,reporting,Decision Making and Analytical,DecisionMaking,Both AI & ML
2025,Berlin,Berlin,machine learning,Statistics and Data,DataMining,Both AI & ML
2025,Berlin,Berlin,analytical,Decision Making and Analytical,DecisionMaking,Both AI & ML
2025,Berlin,Berlin,responsible,Communication,Generic,Both AI & ML
2025,Berlin,Berlin,transparency,Ethical and Responsible AI,EthicalAI,Both AI & ML
2025,München,Bayern,analysis,Decision Making and Analytical,DecisionMaking,Both AI & ML
2025,München,Bayern,c + +,Occupational Attributes,Programming,Both AI & ML
2025,München,Bayern,python,Occupational Attributes,Programming,Both AI & ML
2025,München,Bayern,devices,Occupational Attributes,Hardware,Both AI & ML
2025,München,Bayern,analysis,Decision Making and Analytical,DecisionMaking,Both AI & ML
2025,München,Bayern,python,Occupational Attributes,Programming,Both AI & ML
2025,München,Bayern,analysis,Decision Making and Analytical,DecisionMaking,Both AI & ML
2025,München,Bayern,modeling,Decision Making and Analytical,DecisionMaking,Both AI & ML
2025,München,Bayern,machine learning,Statistics and Data,DataMining,Both AI & ML
2025,München,Bayern,analytical,Decision Making and Analytical,DecisionMaking,Both AI & ML
2025,München,Bayern,design,Decision Making and Analytical,DecisionMaking,Both AI & ML
2025,München,Bayern,c + +,Occupational Attributes,Programming,Both AI & ML
2025,Dresden,Sachsen,machine learning,Statistics and Data,DataMining,Both AI & ML
2025,Dresden,Sachsen,kommunikation,Decision Making and Analytical,MSOffice,Both AI & ML
2025,Dresden,Sachsen,programmierung,Occupational Attributes,Programming,Both AI & ML
2025,Dresden,Sachsen,machine learning,Statistics and Data,DataMining,Both AI & ML
2025,Dresden,Sachsen,hardware,Occupational Attributes,Hardware,Both AI & ML
2025,Dresden,Sachsen,machine learning,Statistics and Data,DataMining,Both AI & ML
2025,Dresden,Sachsen,implementierung,Decision Making and Analytical,DecisionMaking,Both AI & ML
2025,Dresden,Sachsen,machine learning,Statistics and Data,DataMining,Both AI & ML
2025,Dresden,Sachsen,selbstständig,Employee Attributes,Independence,Both AI & ML
2025,Berlin,Berlin,machine learning,Statistics and Data,DataMining,Both AI & ML
2025,Berlin,Berlin,machine learning,Statistics and Data,DataMining,Both AI & ML
2025,Berlin,Berlin,machine learning,Statistics and Data,DataMining,Both AI & ML
2025,Berlin,Berlin,architecture,Occupational Attributes,Hardware,Both AI & ML
2025,Berlin,Berlin,design,Decision Making and Analytical,DecisionMaking,Both AI & ML
2025,Berlin,Berlin,implementation,Decision Making and Analytical,DecisionMaking,Both AI & ML
2025,Berlin,Berlin,testing,Decision Making and Analytical,DecisionMaking,Both AI & ML
2025,Berlin,Berlin,design,Decision Making and Analytical,DecisionMaking,Both AI & ML
2025,Berlin,Berlin,scaling,Generative AI,Serving,Both AI & ML
2025,Berlin,Berlin,gcp,Cloud Platforms,GCP,Both AI & ML
2025,Berlin,Berlin,aws,Cloud Platforms,AWS,Both AI & ML
2025,Berlin,Berlin,azure,Cloud Platforms,Azure,Both AI & ML
2025,Halle (Saale),Sachsen-Anhalt,machine learning,Statistics and Data,DataMining,Both AI & ML
2025,Halle (Saale),Sachsen-Anhalt,design,Decision Making and Analytical,DecisionMaking,Both AI & ML
2025,Halle (Saale),Sachsen-Anhalt,machine learning,Statistics and Data,DataMining,Both AI & ML
2025,Halle (Saale),Sachsen-Anhalt,design,Decision Making and Analytical,DecisionMaking,Both AI & ML
2025,Halle (Saale),Sachsen-Anhalt,machine learning,Statistics and Data,DataMining,Both AI & ML
2025,Halle (Saale),Sachsen-Anhalt,machine learning,Statistics and Data,DataMining,Both AI & ML
2025,Halle (Saale),Sachsen-Anhalt,design,Decision Making and Analytical,DecisionMaking,Both AI & ML
2025,Halle (Saale),Sachsen-Anhalt,machine learning,Statistics and Data,DataMining,Both AI & ML
2025,Halle (Saale),Sachsen-Anhalt,prediction,Statistics and Data,DataMining,Both AI & ML
2025,Halle (Saale),Sachsen-Anhalt,design,Decision Making and Analytical,DecisionMaking,Both AI & ML
2025,Halle (Saale),Sachsen-Anhalt,creative,Decision Making and Analytical,Creativity,Both AI & ML
2025,Halle (Saale),Sachsen-Anhalt,motivated,Employee Attributes,Motivation,Both AI & ML
2025,Halle (Saale),Sachsen-Anhalt,python,Occupational Attributes,Programming,Both AI & ML
2025,Halle (Saale),Sachsen-Anhalt,c + +,Occupational Attributes,Programming,Both AI & ML
2025,Halle (Saale),Sachsen-Anhalt,machine learning,Statistics and Data,DataMining,Both AI & ML
2025,Halle (Saale),Sachsen-Anhalt,english,General,ForeignLanguage,Both AI & ML
2025,Halle (Saale),Sachsen-Anhalt,independent,Employee Attributes,Independence,Both AI & ML
2025,Düsseldorf,Nordrhein-Westfalen,machine learning,Statistics and Data,DataMining,Both AI & ML
2025,Düsseldorf,Nordrhein-Westfalen,precision,MLOps,Evaluation,Both AI & ML
2025,Düsseldorf,Nordrhein-Westfalen,documentation,Decision Making and Analytical,MSOffice,Both AI & ML
2025,Düsseldorf,Nordrhein-Westfalen,visualization,Occupational Attributes,Visualization,Both AI & ML
2025,Düsseldorf,Nordrhein-Westfalen,transparency,Ethical and Responsible AI,EthicalAI,Both AI & ML
2025,München,Bayern,design,Decision Making and Analytical,DecisionMaking,Both AI & ML
2025,München,Bayern,implementation,Decision Making and Analytical,DecisionMaking,Both AI & ML
2025,München,Bayern,implementation,Decision Making and Analytical,DecisionMaking,Both AI & ML
2025,München,Bayern,machine learning,Statistics and Data,DataMining,Both AI & ML
2025,München,Bayern,analysis,Decision Making and Analytical,DecisionMaking,Both AI & ML
2025,München,Bayern,machine learning,Statistics and Data,DataMining,Both AI & ML
2025,München,Bayern,motivated,Employee Attributes,Motivation,Both AI & ML
2025,München,Bayern,motivated,Employee Attributes,Motivation,Both AI & ML
2025,München,Bayern,proactive,Employee Attributes,Other,Both AI & ML
2025,Berlin,Berlin,crm,Occupational Attributes,EnterpriseSystem,Both AI & ML
2025,Berlin,Berlin,airflow,MLOps,Tools,Both AI & ML
2025,Berlin,Berlin,integration,Occupational Attributes,EnterpriseSystem,Both AI & ML
2025,Berlin,Berlin,tableau,Occupational Attributes,Visualization,Both AI & ML
2025,München,Bayern,machine learning,Statistics and Data,DataMining,Both AI & ML
2025,München,Bayern,design,Decision Making and Analytical,DecisionMaking,Both AI & ML
2025,München,Bayern,machine learning,Statistics and Data,DataMining,Both AI & ML
2025,München,Bayern,nlp,Specialized ML,NLP,Both AI & ML
2025,München,Bayern,transformers,Generative AI,Tools,Both AI & ML
2025,München,Bayern,python,Occupational Attributes,Programming,Both AI & ML
2025,München,Bayern,machine learning,Statistics and Data,DataMining,Both AI & ML
2025,München,Bayern,communication,Decision Making and Analytical,MSOffice,Both AI & ML
2025,München,Bayern,statistics,Statistics and Data,Statistics,Both AI & ML
2025,Langenfeld (Rheinland),Nordrhein-Westfalen,projektmanagement,Occupational Attributes,ProjectManagement,Both AI & ML
2025,Langenfeld (Rheinland),Nordrhein-Westfalen,machine learning,Statistics and Data,DataMining,Both AI & ML
2025,Langenfeld (Rheinland),Nordrhein-Westfalen,analysis,Decision Making and Analytical,DecisionMaking,Both AI & ML
2025,Langenfeld (Rheinland),Nordrhein-Westfalen,statistics,Statistics and Data,Statistics,Both AI & ML
2025,Langenfeld (Rheinland),Nordrhein-Westfalen,motiviert,Employee Attributes,Motivation,Both AI & ML
2025,Langenfeld (Rheinland),Nordrhein-Westfalen,deutsch,General,ForeignLanguage,Both AI & ML
2025,Berlin,Berlin,machine learning,Statistics and Data,DataMining,Both AI & ML
2025,Berlin,Berlin,documentation,Decision Making and Analytical,MSOffice,Both AI & ML
2025,Berlin,Berlin,collaboration,Decision Making and Analytical,Interpersonal,Both AI & ML
2025,Düsseldorf,Nordrhein-Westfalen,machine learning,Statistics and Data,DataMining,Both AI & ML
2025,Düsseldorf,Nordrhein-Westfalen,analytical,Decision Making and Analytical,DecisionMaking,Both AI & ML
2025,Düsseldorf,Nordrhein-Westfalen,insight,Decision Making and Analytical,Analytical,Both AI & ML
2025,Düsseldorf,Nordrhein-Westfalen,analytical,Decision Making and Analytical,DecisionMaking,Both AI & ML
2025,Düsseldorf,Nordrhein-Westfalen,present,Communication,Presentation,Both AI & ML
2025,Düsseldorf,Nordrhein-Westfalen,analytical,Decision Making and Analytical,DecisionMaking,Both AI & ML
2025,Düsseldorf,Nordrhein-Westfalen,design,Decision Making and Analytical,DecisionMaking,Both AI & ML
2025,München,Bayern,reporting,Decision Making and Analytical,DecisionMaking,Both AI & ML
2025,München,Bayern,sap,Occupational Attributes,EnterpriseSystem,Both AI & ML
2025,München,Bayern,communication,Decision Making and Analytical,MSOffice,Both AI & ML
2025,München,Bayern,analysis,Decision Making and Analytical,DecisionMaking,Both AI & ML
2025,München,Bayern,reporting,Decision Making and Analytical,DecisionMaking,Both AI & ML
2025,München,Bayern,reporting,Decision Making and Analytical,DecisionMaking,Both AI & ML
2025,München,Bayern,statistics,Statistics and Data,Statistics,Both AI & ML
2025,München,Bayern,excel,Decision Making and Analytical,MSOffice,Both AI & ML
2025,München,Bayern,sap,Occupational Attributes,EnterpriseSystem,Both AI & ML
2025,München,Bayern,excel,Decision Making and Analytical,MSOffice,Both AI & ML
2025,München,Bayern,python,Occupational Attributes,Programming,Both AI & ML
2025,München,Bayern,analysis,Decision Making and Analytical,DecisionMaking,Both AI & ML
2025,München,Bayern,machine learning,Statistics and Data,DataMining,Both AI & ML
2025,München,Bayern,modeling,Decision Making and Analytical,DecisionMaking,Both AI & ML
2025,Mannheim,Baden-Württemberg,hardware,Occupational Attributes,Hardware,Both AI & ML
2025,Mannheim,Baden-Württemberg,scaling,Generative AI,Serving,Both AI & ML
2025,Mannheim,Baden-Württemberg,collaboration,Decision Making and Analytical,Interpersonal,Both AI & ML
2025,Mannheim,Baden-Württemberg,integration,Occupational Attributes,EnterpriseSystem,Both AI & ML
2025,Mannheim,Baden-Württemberg,analytical,Decision Making and Analytical,DecisionMaking,Both AI & ML
2025,Mannheim,Baden-Württemberg,machine learning,Statistics and Data,DataMining,Both AI & ML
2025,Mannheim,Baden-Württemberg,modeling,Decision Making and Analytical,DecisionMaking,Both AI & ML
2025,Mannheim,Baden-Württemberg,regression,Statistics and Data,Statistics,Both AI & ML
2025,Mannheim,Baden-Württemberg,insight,Decision Making and Analytical,Analytical,Both AI & ML
2025,Mannheim,Baden-Württemberg,communication,Decision Making and Analytical,MSOffice,Both AI & ML
2025,Mannheim,Baden-Württemberg,analysis,Decision Making and Analytical,DecisionMaking,Both AI & ML
2025,Mannheim,Baden-Württemberg,machine learning,Statistics and Data,DataMining,Both AI & ML
2025,Mannheim,Baden-Württemberg,regression,Statistics and Data,Statistics,Both AI & ML
2025,Mannheim,Baden-Württemberg,regression,Statistics and Data,Statistics,Both AI & ML
2025,Mannheim,Baden-Württemberg,sql,Statistics and Data,StructuredData,Both AI & ML
2025,Mannheim,Baden-Württemberg,python,Occupational Attributes,Programming,Both AI & ML
2025,Mannheim,Baden-Württemberg,proactive,Employee Attributes,Other,Both AI & ML
2025,Mannheim,Baden-Württemberg,analytical,Decision Making and Analytical,DecisionMaking,Both AI & ML
2025,Mannheim,Baden-Württemberg,nlp,Specialized ML,NLP,Both AI & ML
2025,Karlsruhe,Baden-Württemberg,machine learning,Statistics and Data,DataMining,Both AI & ML
2025,Karlsruhe,Baden-Württemberg,architecture,Occupational Attributes,Hardware,Both AI & ML
2025,Karlsruhe,Baden-Württemberg,responsible,Communication,Generic,Both AI & ML
2025,Karlsruhe,Baden-Württemberg,design,Decision Making and Analytical,DecisionMaking,Both AI & ML
2025,Karlsruhe,Baden-Württemberg,documentation,Decision Making and Analytical,MSOffice,Both AI & ML
2025,Karlsruhe,Baden-Württemberg,documentation,Decision Making and Analytical,MSOffice,Both AI & ML
2025,Karlsruhe,Baden-Württemberg,python,Occupational Attributes,Programming,Both AI & ML
2025,Karlsruhe,Baden-Württemberg,c + +,Occupational Attributes,Programming,Both AI & ML
2025,Karlsruhe,Baden-Württemberg,opencv,Specialized ML,ComputerVision,Both AI & ML
2025,Wasserburg am Inn,Bayern,zusammenarbeit,Decision Making and Analytical,Interpersonal,Both AI & ML
2025,Wasserburg am Inn,Bayern,implementierung,Decision Making and Analytical,DecisionMaking,Both AI & ML
2025,Wasserburg am Inn,Bayern,zusammenarbeit,Decision Making and Analytical,Interpersonal,Both AI & ML
2025,Wasserburg am Inn,Bayern,integration,Occupational Attributes,EnterpriseSystem,Both AI & ML
2025,Wasserburg am Inn,Bayern,zusammenarbeit,Decision Making and Analytical,Interpersonal,Both AI & ML
2025,Wasserburg am Inn,Bayern,analyse,Decision Making and Analytical,DecisionMaking,Both AI & ML
2025,Wasserburg am Inn,Bayern,implementierung,Decision Making and Analytical,DecisionMaking,Both AI & ML
2025,Wasserburg am Inn,Bayern,machine learning,Statistics and Data,DataMining,Both AI & ML
2025,Wasserburg am Inn,Bayern,azure,Cloud Platforms,Azure,Both AI & ML
2025,Wasserburg am Inn,Bayern,deutsch,General,ForeignLanguage,Both AI & ML
2025,Wasserburg am Inn,Bayern,kooperation,Decision Making and Analytical,Interpersonal,Both AI & ML
2025,Aachen,Nordrhein-Westfalen,analyse,Decision Making and Analytical,DecisionMaking,ML
2025,Berlin,Berlin,forecasting,Statistics and Data,DataMining,Both AI & ML
2025,Berlin,Berlin,collaboration,Decision Making and Analytical,Interpersonal,Both AI & ML
2025,Berlin,Berlin,forecasting,Statistics and Data,DataMining,Both AI & ML
2025,Berlin,Berlin,design,Decision Making and Analytical,DecisionMaking,Both AI & ML
2025,Bremen,Bremen,mysql,Statistics and Data,StructuredData,Both AI & ML
2025,Bremen,Bremen,postgresql,Statistics and Data,StructuredData,Both AI & ML
2025,Bremen,Bremen,python,Occupational Attributes,Programming,Both AI & ML
2025,Bremen,Bremen,sql,Statistics and Data,StructuredData,Both AI & ML
2025,Bremen,Bremen,machine learning,Statistics and Data,DataMining,Both AI & ML
2025,Bremen,Bremen,motiviert,Employee Attributes,Motivation,Both AI & ML
2025,Bremen,Bremen,azure,Cloud Platforms,Azure,Both AI & ML
2025,Freiburg im Breisgau,Baden-Württemberg,architektur,Occupational Attributes,Hardware,Both AI & ML
2025,Freiburg im Breisgau,Baden-Württemberg,zusammenarbeit,Decision Making and Analytical,Interpersonal,Both AI & ML
2025,Freiburg im Breisgau,Baden-Württemberg,kommunikation,Decision Making and Analytical,MSOffice,Both AI & ML
2025,Freiburg im Breisgau,Baden-Württemberg,architektur,Occupational Attributes,Hardware,Both AI & ML
2025,Freiburg im Breisgau,Baden-Württemberg,java,Occupational Attributes,Programming,Both AI & ML
2025,Freiburg im Breisgau,Baden-Württemberg,java,Occupational Attributes,Programming,Both AI & ML
2025,Freiburg im Breisgau,Baden-Württemberg,aws,Cloud Platforms,AWS,Both AI & ML
2025,Freiburg im Breisgau,Baden-Württemberg,azure,Cloud Platforms,Azure,Both AI & ML
2025,Freiburg im Breisgau,Baden-Württemberg,gcp,Cloud Platforms,GCP,Both AI & ML
2025,Freiburg im Breisgau,Baden-Württemberg,architektur,Occupational Attributes,Hardware,Both AI & ML
2025,Ettlingen,Baden-Württemberg,implementierung,Decision Making and Analytical,DecisionMaking,Both AI & ML
2025,Ettlingen,Baden-Württemberg,machine learning,Statistics and Data,DataMining,Both AI & ML
2025,Ettlingen,Baden-Württemberg,machine learning,Statistics and Data,DataMining,Both AI & ML
2025,Ettlingen,Baden-Württemberg,rag,Generative AI,Techniques,Both AI & ML
2025,Ettlingen,Baden-Württemberg,llm,Generative AI,LLM,Both AI & ML
2025,Ettlingen,Baden-Württemberg,analyse,Decision Making and Analytical,DecisionMaking,Both AI & ML
2025,Ettlingen,Baden-Württemberg,implementierung,Decision Making and Analytical,DecisionMaking,Both AI & ML
2025,Ettlingen,Baden-Württemberg,zusammenarbeit,Decision Making and Analytical,Interpersonal,Both AI & ML
2025,Ettlingen,Baden-Württemberg,zusammenarbeit,Decision Making and Analytical,Interpersonal,Both AI & ML
2025,Ettlingen,Baden-Württemberg,mathematik,General,Numeracy,Both AI & ML
2025,Ettlingen,Baden-Württemberg,python,Occupational Attributes,Programming,Both AI & ML
2025,München,Bayern,machine learning,Statistics and Data,DataMining,Both AI & ML
2025,München,Bayern,english,General,ForeignLanguage,Both AI & ML
2025,München,Bayern,machine learning,Statistics and Data,DataMining,Both AI & ML
2025,München,Bayern,aws,Cloud Platforms,AWS,Both AI & ML
2025,München,Bayern,testing,Decision Making and Analytical,DecisionMaking,Both AI & ML
2025,München,Bayern,accuracy,Employee Attributes,DetailOriented,Both AI & ML
2025,Ochsenhausen,Baden-Württemberg,mathematik,General,Numeracy,Both AI & ML
2025,Ochsenhausen,Baden-Württemberg,statistik,Statistics and Data,Statistics,Both AI & ML
2025,Ochsenhausen,Baden-Württemberg,machine learning,Statistics and Data,DataMining,Both AI & ML
2025,Ochsenhausen,Baden-Württemberg,python,Occupational Attributes,Programming,Both AI & ML
2025,Ochsenhausen,Baden-Württemberg,sql,Statistics and Data,StructuredData,Both AI & ML
2025,Ochsenhausen,Baden-Württemberg,projektmanagement,Occupational Attributes,ProjectManagement,Both AI & ML
2025,Ochsenhausen,Baden-Württemberg,deutsch,General,ForeignLanguage,Both AI & ML
2025,Ochsenhausen,Baden-Württemberg,englisch,General,ForeignLanguage,Both AI & ML
2025,Essen,Nordrhein-Westfalen,machine learning,Statistics and Data,DataMining,Both AI & ML
2025,Essen,Nordrhein-Westfalen,python,Occupational Attributes,Programming,Both AI & ML
2025,Essen,Nordrhein-Westfalen,selbstständig,Employee Attributes,Independence,Both AI & ML
2025,Essen,Nordrhein-Westfalen,eigenverantwortlich,Employee Attributes,Attitude,Both AI & ML
2025,Essen,Nordrhein-Westfalen,langgraph,Generative AI,Agents,Both AI & ML
2025,Essen,Nordrhein-Westfalen,sql,Statistics and Data,StructuredData,Both AI & ML
2025,Essen,Nordrhein-Westfalen,spark,Statistics and Data,BigData,Both AI & ML
2025,Essen,Nordrhein-Westfalen,fastapi,Generative AI,Serving,Both AI & ML
2025,Essen,Nordrhein-Westfalen,sas,Statistics and Data,Statistics,Both AI & ML
2025,München,Bayern,motivated,Employee Attributes,Motivation,Both AI & ML
2025,München,Bayern,design,Decision Making and Analytical,DecisionMaking,Both AI & ML
2025,München,Bayern,azure,Cloud Platforms,Azure,Both AI & ML
2025,München,Bayern,azure,Cloud Platforms,Azure,Both AI & ML
2025,München,Bayern,rag,Generative AI,Techniques,Both AI & ML
2025,München,Bayern,llm,Generative AI,LLM,Both AI & ML
2025,München,Bayern,c #,Occupational Attributes,Programming,Both AI & ML
2025,München,Bayern,python,Occupational Attributes,Programming,Both AI & ML
2025,München,Bayern,java,Occupational Attributes,Programming,Both AI & ML
2025,München,Bayern,langchain,Generative AI,Tools,Both AI & ML
2025,München,Bayern,python,Occupational Attributes,Programming,Both AI & ML
2025,München,Bayern,java,Occupational Attributes,Programming,Both AI & ML
2025,München,Bayern,reliable,Employee Attributes,Other,Both AI & ML
2025,München,Bayern,azure,Cloud Platforms,Azure,Both AI & ML
2025,München,Bayern,c #,Occupational Attributes,Programming,Both AI & ML
2025,München,Bayern,sql,Statistics and Data,StructuredData,Both AI & ML
2025,München,Bayern,c #,Occupational Attributes,Programming,Both AI & ML
2025,München,Bayern,python,Occupational Attributes,Programming,Both AI & ML
2025,München,Bayern,machine learning,Statistics and Data,DataMining,Both AI & ML
2025,München,Bayern,nlp,Specialized ML,NLP,Both AI & ML
2025,Berlin,Berlin,machine learning,Statistics and Data,DataMining,Both AI & ML
2025,Berlin,Berlin,collaboration,Decision Making and Analytical,Interpersonal,Both AI & ML
2025,Berlin,Berlin,machine learning,Statistics and Data,DataMining,Both AI & ML
2025,Berlin,Berlin,machine learning,Statistics and Data,DataMining,Both AI & ML
2025,Berlin,Berlin,design,Decision Making and Analytical,DecisionMaking,Both AI & ML
2025,Berlin,Berlin,devices,Occupational Attributes,Hardware,Both AI & ML
2025,Braunschweig,Niedersachsen,machine learning,Statistics and Data,DataMining,Both AI & ML
2025,Braunschweig,Niedersachsen,design,Decision Making and Analytical,DecisionMaking,Both AI & ML
2025,Braunschweig,Niedersachsen,python,Occupational Attributes,Programming,Both AI & ML
2025,Braunschweig,Niedersachsen,reliable,Employee Attributes,Other,Both AI & ML
2025,Braunschweig,Niedersachsen,airflow,MLOps,Tools,Both AI & ML
2025,Braunschweig,Niedersachsen,proactive,Employee Attributes,Other,Both AI & ML
2025,Braunschweig,Niedersachsen,communication,Decision Making and Analytical,MSOffice,Both AI & ML
2025,Braunschweig,Niedersachsen,machine learning,Statistics and Data,DataMining,Both AI & ML
2025,Braunschweig,Niedersachsen,motivated,Employee Attributes,Motivation,Both AI & ML
2025,Braunschweig,Niedersachsen,integration,Occupational Attributes,EnterpriseSystem,Both AI & ML
2025,Braunschweig,Niedersachsen,hadoop,Statistics and Data,BigData,Both AI & ML
2025,Braunschweig,Niedersachsen,spark,Statistics and Data,BigData,Both AI & ML
2025,Braunschweig,Niedersachsen,hadoop,Statistics and Data,BigData,Both AI & ML
2025,Braunschweig,Niedersachsen,sql,Statistics and Data,StructuredData,Both AI & ML
2025,Braunschweig,Niedersachsen,python,Occupational Attributes,Programming,Both AI & ML
2025,Braunschweig,Niedersachsen,scala,Occupational Attributes,Programming,Both AI & ML
2025,Braunschweig,Niedersachsen,docker,MLOps,Tools,Both AI & ML
2025,Braunschweig,Niedersachsen,kubernetes,MLOps,Tools,Both AI & ML
2025,Braunschweig,Niedersachsen,integration,Occupational Attributes,EnterpriseSystem,Both AI & ML
2025,Braunschweig,Niedersachsen,german,General,ForeignLanguage,Both AI & ML
2025,Braunschweig,Niedersachsen,english,General,ForeignLanguage,Both AI & ML
2025,Oldenburg,Niedersachsen,zusammenarbeit,Decision Making and Analytical,Interpersonal,Both AI & ML
2025,Oldenburg,Niedersachsen,zusammenarbeit,Decision Making and Analytical,Interpersonal,Both AI & ML
2025,Berlin,Berlin,implementierung,Decision Making and Analytical,DecisionMaking,Both AI & ML
2025,Berlin,Berlin,design,Decision Making and Analytical,DecisionMaking,Both AI & ML
2025,Berlin,Berlin,zusammenarbeit,Decision Making and Analytical,Interpersonal,Both AI & ML
2025,Berlin,Berlin,skalierung,Generative AI,Serving,Both AI & ML
2025,München,Bayern,implementation,Decision Making and Analytical,DecisionMaking,Both AI & ML
2025,München,Bayern,documentation,Decision Making and Analytical,MSOffice,Both AI & ML
2025,München,Bayern,present,Communication,Presentation,Both AI & ML
2025,München,Bayern,machine learning,Statistics and Data,DataMining,Both AI & ML
2025,München,Bayern,python,Occupational Attributes,Programming,Both AI & ML
2025,München,Bayern,pandas,Statistics and Data,Statistics,Both AI & ML
2025,München,Bayern,creative,Decision Making and Analytical,Creativity,Both AI & ML
2025,München,Bayern,independent,Employee Attributes,Independence,Both AI & ML
2025,München,Bayern,databricks,MLOps,Platforms,Both AI & ML
2025,München,Bayern,flexible,Employee Attributes,Adaptability,Both AI & ML
2025,Jena,Thüringen,azure,Cloud Platforms,Azure,Both AI & ML
2025,Jena,Thüringen,machine learning,Statistics and Data,DataMining,Both AI & ML
2025,Jena,Thüringen,azure,Cloud Platforms,Azure,Both AI & ML
2025,Jena,Thüringen,machine learning,Statistics and Data,DataMining,Both AI & ML
2025,Jena,Thüringen,openai,Generative AI,Tools,Both AI & ML
2025,Jena,Thüringen,zusammenarbeit,Decision Making and Analytical,Interpersonal,Both AI & ML
2025,Jena,Thüringen,azure,Cloud Platforms,Azure,Both AI & ML
2025,Jena,Thüringen,machine learning,Statistics and Data,DataMining,Both AI & ML
2025,Jena,Thüringen,mathematik,General,Numeracy,Both AI & ML
2025,Jena,Thüringen,python,Occupational Attributes,Programming,Both AI & ML
2025,Jena,Thüringen,python,Occupational Attributes,Programming,Both AI & ML
2025,Jena,Thüringen,azure,Cloud Platforms,Azure,Both AI & ML
2025,Jena,Thüringen,azure,Cloud Platforms,Azure,Both AI & ML
2025,Jena,Thüringen,azure,Cloud Platforms,Azure,Both AI & ML
2025,Jena,Thüringen,azure,Cloud Platforms,Azure,Both AI & ML
2025,Jena,Thüringen,llama,Generative AI,LLM,Both AI & ML
2025,Jena,Thüringen,mistral,Generative AI,LLM,Both AI & ML
2025,Jena,Thüringen,analytisch,Decision Making and Analytical,Analytical,Both AI & ML
2025,Hamburg,Hamburg,server,Occupational Attributes,Hardware,Both AI & ML
2025,Hamburg,Hamburg,docker,MLOps,Tools,Both AI & ML
2025,Hamburg,Hamburg,kubernetes,MLOps,Tools,Both AI & ML
2025,Hamburg,Hamburg,netzwerk,Occupational Attributes,Networks,Both AI & ML
2025,Hamburg,Hamburg,zusammenarbeit,Decision Making and Analytical,Interpersonal,Both AI & ML
2025,Hamburg,Hamburg,integration,Occupational Attributes,EnterpriseSystem,Both AI & ML
2025,Hamburg,Hamburg,machine learning,Statistics and Data,DataMining,Both AI & ML
2025,Essen,Nordrhein-Westfalen,machine learning,Statistics and Data,DataMining,Both AI & ML
2025,Essen,Nordrhein-Westfalen,mathematik,General,Numeracy,Both AI & ML
2025,Essen,Nordrhein-Westfalen,big data,Statistics and Data,BigData,Both AI & ML
2025,Essen,Nordrhein-Westfalen,machine learning,Statistics and Data,DataMining,Both AI & ML
2025,Essen,Nordrhein-Westfalen,azure,Cloud Platforms,Azure,Both AI & ML
2025,Essen,Nordrhein-Westfalen,aws,Cloud Platforms,AWS,Both AI & ML
2025,Essen,Nordrhein-Westfalen,deutsch,General,ForeignLanguage,Both AI & ML
2025,Essen,Nordrhein-Westfalen,englisch,General,ForeignLanguage,Both AI & ML
2025,Essen,Nordrhein-Westfalen,machine learning,Statistics and Data,DataMining,Both AI & ML
2025,Essen,Nordrhein-Westfalen,mathematik,General,Numeracy,Both AI & ML
2025,Essen,Nordrhein-Westfalen,python,Occupational Attributes,Programming,Both AI & ML
2025,Essen,Nordrhein-Westfalen,sas,Statistics and Data,Statistics,Both AI & ML
2025,Essen,Nordrhein-Westfalen,c #,Occupational Attributes,Programming,Both AI & ML
2025,Essen,Nordrhein-Westfalen,oracle,Statistics and Data,StructuredData,Both AI & ML
2025,Essen,Nordrhein-Westfalen,sql,Statistics and Data,StructuredData,Both AI & ML
2025,Essen,Nordrhein-Westfalen,server,Occupational Attributes,Hardware,Both AI & ML
2025,Düsseldorf,Nordrhein-Westfalen,zusammenarbeit,Decision Making and Analytical,Interpersonal,Both AI & ML
2025,Düsseldorf,Nordrhein-Westfalen,machine learning,Statistics and Data,DataMining,Both AI & ML
2025,Düsseldorf,Nordrhein-Westfalen,deutsch,General,ForeignLanguage,Both AI & ML
2025,Heilbronn,Baden-Württemberg,projektmanagement,Occupational Attributes,ProjectManagement,Both AI & ML
2025,Heilbronn,Baden-Württemberg,forecasting,Statistics and Data,DataMining,Both AI & ML
2025,Heilbronn,Baden-Württemberg,forecasting,Statistics and Data,DataMining,Both AI & ML
2025,Heilbronn,Baden-Württemberg,verantwortlich,Communication,Generic,Both AI & ML
2025,Heilbronn,Baden-Württemberg,zusammenarbeit,Decision Making and Analytical,Interpersonal,Both AI & ML
2025,Heilbronn,Baden-Württemberg,projektmanagement,Occupational Attributes,ProjectManagement,Both AI & ML
2025,Essen,Nordrhein-Westfalen,analyse,Decision Making and Analytical,DecisionMaking,Both AI & ML
2025,Essen,Nordrhein-Westfalen,hardware,Occupational Attributes,Hardware,Both AI & ML
2025,Essen,Nordrhein-Westfalen,responsible,Communication,Generic,Both AI & ML
2025,Essen,Nordrhein-Westfalen,analyse,Decision Making and Analytical,DecisionMaking,Both AI & ML
2025,Braunschweig,Niedersachsen,modeling,Decision Making and Analytical,DecisionMaking,Both AI & ML
2025,Braunschweig,Niedersachsen,machine learning,Statistics and Data,DataMining,Both AI & ML
2025,Braunschweig,Niedersachsen,spark,Statistics and Data,BigData,Both AI & ML
2025,Braunschweig,Niedersachsen,communication,Decision Making and Analytical,MSOffice,Both AI & ML
2025,Braunschweig,Niedersachsen,hardware,Occupational Attributes,Hardware,Both AI & ML
2025,Braunschweig,Niedersachsen,communication,Decision Making and Analytical,MSOffice,Both AI & ML
2025,Braunschweig,Niedersachsen,independent,Employee Attributes,Independence,Both AI & ML
2025,Braunschweig,Niedersachsen,hadoop,Statistics and Data,BigData,Both AI & ML
2025,Braunschweig,Niedersachsen,storage,Occupational Attributes,Hardware,Both AI & ML
2025,Berlin,Berlin,python,Occupational Attributes,Programming,Both AI & ML
2025,Berlin,Berlin,python,Occupational Attributes,Programming,Both AI & ML
2025,Berlin,Berlin,python,Occupational Attributes,Programming,Both AI & ML
2025,Berlin,Berlin,python,Occupational Attributes,Programming,Both AI & ML
2025,Berlin,Berlin,machine learning,Statistics and Data,DataMining,Both AI & ML
2025,Berlin,Berlin,machine learning,Statistics and Data,DataMining,Both AI & ML
2025,Berlin,Berlin,python,Occupational Attributes,Programming,Both AI & ML
2025,Berlin,Berlin,python,Occupational Attributes,Programming,Both AI & ML
2025,Berlin,Berlin,python,Occupational Attributes,Programming,Both AI & ML
2025,Berlin,Berlin,python,Occupational Attributes,Programming,Both AI & ML
2025,Berlin,Berlin,testing,Decision Making and Analytical,DecisionMaking,Both AI & ML
2025,Berlin,Berlin,python,Occupational Attributes,Programming,Both AI & ML
2025,Berlin,Berlin,storage,Occupational Attributes,Hardware,Both AI & ML
2025,Berlin,Berlin,iceberg,Data Engineering,IngestionStreaming,Both AI & ML
2025,Berlin,Berlin,sql,Statistics and Data,StructuredData,Both AI & ML
2025,Berlin,Berlin,documentation,Decision Making and Analytical,MSOffice,Both AI & ML
2025,Köln,Nordrhein-Westfalen,zusammenarbeit,Decision Making and Analytical,Interpersonal,Both AI & ML
2025,Köln,Nordrhein-Westfalen,integration,Occupational Attributes,EnterpriseSystem,Both AI & ML
2025,Köln,Nordrhein-Westfalen,python,Occupational Attributes,Programming,Both AI & ML
2025,Köln,Nordrhein-Westfalen,python,Occupational Attributes,Programming,Both AI & ML
2025,Köln,Nordrhein-Westfalen,flexible,Employee Attributes,Adaptability,Both AI & ML
2025,Köln,Nordrhein-Westfalen,machine learning,Statistics and Data,DataMining,Both AI & ML
2025,Köln,Nordrhein-Westfalen,python,Occupational Attributes,Programming,Both AI & ML
2025,Köln,Nordrhein-Westfalen,deutsch,General,ForeignLanguage,Both AI & ML
2025,München,Bayern,python,Occupational Attributes,Programming,Both AI & ML
2025,München,Bayern,aws,Cloud Platforms,AWS,Both AI & ML
2025,München,Bayern,docker,MLOps,Tools,Both AI & ML
2025,München,Bayern,kubernetes,MLOps,Tools,Both AI & ML
2025,Vogtei,Thüringen,visualization,Occupational Attributes,Visualization,Both AI & ML
2025,Vogtei,Thüringen,autonomous,Employee Attributes,Independence,Both AI & ML
2025,Vogtei,Thüringen,communication,Decision Making and Analytical,MSOffice,Both AI & ML
2025,Vogtei,Thüringen,scaling,Generative AI,Serving,Both AI & ML
2025,Vogtei,Thüringen,motivated,Employee Attributes,Motivation,Both AI & ML
2025,Vogtei,Thüringen,networking,Decision Making and Analytical,Interpersonal,Both AI & ML
2025,Vogtei,Thüringen,networking,Decision Making and Analytical,Interpersonal,Both AI & ML
2025,Vogtei,Thüringen,analysis,Decision Making and Analytical,DecisionMaking,Both AI & ML
2025,Vogtei,Thüringen,azure,Cloud Platforms,Azure,Both AI & ML
2025,Vogtei,Thüringen,aws,Cloud Platforms,AWS,Both AI & ML
2025,Vogtei,Thüringen,gcp,Cloud Platforms,GCP,Both AI & ML
2025,Vogtei,Thüringen,storage,Occupational Attributes,Hardware,Both AI & ML
2025,Vogtei,Thüringen,communication,Decision Making and Analytical,MSOffice,Both AI & ML
2025,Vogtei,Thüringen,c + +,Occupational Attributes,Programming,Both AI & ML
2025,Vogtei,Thüringen,analysis,Decision Making and Analytical,DecisionMaking,Both AI & ML
2025,Vogtei,Thüringen,design,Decision Making and Analytical,DecisionMaking,Both AI & ML
2025,Berlin,Berlin,crm,Occupational Attributes,EnterpriseSystem,Both AI & ML
2025,Berlin,Berlin,python,Occupational Attributes,Programming,Both AI & ML
2025,Berlin,Berlin,architektur,Occupational Attributes,Hardware,Both AI & ML
2025,Berlin,Berlin,skalierung,Generative AI,Serving,Both AI & ML
2025,Berlin,Berlin,machine learning,Statistics and Data,DataMining,Both AI & ML
2025,Berlin,Berlin,responsible,Communication,Generic,Both AI & ML
2025,Berlin,Berlin,langchain,Generative AI,Tools,Both AI & ML
2025,Berlin,Berlin,pinecone,Generative AI,VectorRetrieval,Both AI & ML
2025,Berlin,Berlin,python,Occupational Attributes,Programming,Both AI & ML
2025,Berlin,Berlin,llm,Generative AI,LLM,Both AI & ML
2025,Berlin,Berlin,architektur,Occupational Attributes,Hardware,Both AI & ML
2025,Heilbronn,Baden-Württemberg,analysis,Decision Making and Analytical,DecisionMaking,Both AI & ML
2025,Heilbronn,Baden-Württemberg,big data,Statistics and Data,BigData,Both AI & ML
2025,Heilbronn,Baden-Württemberg,machine learning,Statistics and Data,DataMining,Both AI & ML
2025,Heilbronn,Baden-Württemberg,analyse,Decision Making and Analytical,DecisionMaking,Both AI & ML
2025,Heilbronn,Baden-Württemberg,big data,Statistics and Data,BigData,Both AI & ML
2025,Heilbronn,Baden-Württemberg,mathematik,General,Numeracy,Both AI & ML
2025,Heilbronn,Baden-Württemberg,deutsch,General,ForeignLanguage,Both AI & ML
2025,Heilbronn,Baden-Württemberg,englisch,General,ForeignLanguage,Both AI & ML
2025,Heilbronn,Baden-Württemberg,deutsch,General,ForeignLanguage,Both AI & ML
2025,Heilbronn,Baden-Württemberg,englisch,General,ForeignLanguage,Both AI & ML
2025,Köln,Nordrhein-Westfalen,proactive,Employee Attributes,Other,Both AI & ML
2025,Köln,Nordrhein-Westfalen,python,Occupational Attributes,Programming,Both AI & ML
2025,Köln,Nordrhein-Westfalen,architecture,Occupational Attributes,Hardware,Both AI & ML
2025,Köln,Nordrhein-Westfalen,design,Decision Making and Analytical,DecisionMaking,Both AI & ML
2025,Köln,Nordrhein-Westfalen,mlops,MLOps,Core,Both AI & ML
2025,Köln,Nordrhein-Westfalen,integration,Occupational Attributes,EnterpriseSystem,Both AI & ML
2025,Köln,Nordrhein-Westfalen,aws,Cloud Platforms,AWS,Both AI & ML
2025,Köln,Nordrhein-Westfalen,azure,Cloud Platforms,Azure,Both AI & ML
2025,Köln,Nordrhein-Westfalen,gcp,Cloud Platforms,GCP,Both AI & ML
2025,Köln,Nordrhein-Westfalen,documentation,Decision Making and Analytical,MSOffice,Both AI & ML
2025,Köln,Nordrhein-Westfalen,flexible,Employee Attributes,Adaptability,Both AI & ML
2025,Köln,Nordrhein-Westfalen,python,Occupational Attributes,Programming,Both AI & ML
2025,Köln,Nordrhein-Westfalen,architecture,Occupational Attributes,Hardware,Both AI & ML
2025,Köln,Nordrhein-Westfalen,machine learning,Statistics and Data,DataMining,Both AI & ML
2025,Köln,Nordrhein-Westfalen,llm,Generative AI,LLM,Both AI & ML
2025,München,Bayern,azure,Cloud Platforms,Azure,Both AI & ML
2025,München,Bayern,spark,Statistics and Data,BigData,Both AI & ML
2025,München,Bayern,azure,Cloud Platforms,Azure,Both AI & ML
2025,München,Bayern,azure,Cloud Platforms,Azure,Both AI & ML
2025,München,Bayern,sql,Statistics and Data,StructuredData,Both AI & ML
2025,München,Bayern,reporting,Decision Making and Analytical,DecisionMaking,Both AI & ML
2025,München,Bayern,azure,Cloud Platforms,Azure,Both AI & ML
2025,München,Bayern,azure,Cloud Platforms,Azure,Both AI & ML
2025,München,Bayern,azure,Cloud Platforms,Azure,Both AI & ML
2025,München,Bayern,databricks,MLOps,Platforms,Both AI & ML
2025,München,Bayern,azure,Cloud Platforms,Azure,Both AI & ML
2025,München,Bayern,machine learning,Statistics and Data,DataMining,Both AI & ML
2025,München,Bayern,modellierung,Decision Making and Analytical,DecisionMaking,Both AI & ML
2025,München,Bayern,azure,Cloud Platforms,Azure,Both AI & ML
2025,München,Bayern,sql,Statistics and Data,StructuredData,Both AI & ML
2025,München,Bayern,spark,Statistics and Data,BigData,Both AI & ML
2025,München,Bayern,selbstständig,Employee Attributes,Independence,Both AI & ML
2025,München,Bayern,fristgerecht,Employee Attributes,TimeManagement,Both AI & ML
2025,München,Bayern,python,Occupational Attributes,Programming,Both AI & ML
2025,München,Bayern,sql,Statistics and Data,StructuredData,Both AI & ML
2025,München,Bayern,reporting,Decision Making and Analytical,DecisionMaking,Both AI & ML
2025,München,Bayern,tableau,Occupational Attributes,Visualization,Both AI & ML
2025,München,Bayern,deutsch,General,ForeignLanguage,Both AI & ML
2025,München,Bayern,german,General,ForeignLanguage,Both AI & ML
2025,Leinefelde-Worbis,Thüringen,competitive,Communication,Generic,Both AI & ML
2025,Leinefelde-Worbis,Thüringen,design,Decision Making and Analytical,DecisionMaking,Both AI & ML
2025,Leinefelde-Worbis,Thüringen,javascript,Occupational Attributes,Programming,Both AI & ML
2025,Leinefelde-Worbis,Thüringen,architecture,Occupational Attributes,Hardware,Both AI & ML
2025,Leinefelde-Worbis,Thüringen,precision,MLOps,Evaluation,Both AI & ML
2025,Leinefelde-Worbis,Thüringen,report,Communication,Presentation,Both AI & ML
2025,Leinefelde-Worbis,Thüringen,javascript,Occupational Attributes,Programming,Both AI & ML
2025,Leinefelde-Worbis,Thüringen,machine learning,Statistics and Data,DataMining,Both AI & ML
2025,Leinefelde-Worbis,Thüringen,design,Decision Making and Analytical,DecisionMaking,Both AI & ML
2025,Leinefelde-Worbis,Thüringen,docker,MLOps,Tools,Both AI & ML
2025,Leinefelde-Worbis,Thüringen,aws,Cloud Platforms,AWS,Both AI & ML
2025,Berlin,Berlin,implementierung,Decision Making and Analytical,DecisionMaking,Both AI & ML
2025,Berlin,Berlin,design,Decision Making and Analytical,DecisionMaking,Both AI & ML
2025,Berlin,Berlin,zusammenarbeit,Decision Making and Analytical,Interpersonal,Both AI & ML
2025,Berlin,Berlin,skalierung,Generative AI,Serving,Both AI & ML
2025,Berlin,Berlin,c #,Occupational Attributes,Programming,Both AI & ML
2025,Berlin,Berlin,python,Occupational Attributes,Programming,Both AI & ML
2025,Berlin,Berlin,server,Occupational Attributes,Hardware,Both AI & ML
2025,Neckarsulm (Kernstadt),Baden-Württemberg,kommunikation,Decision Making and Analytical,MSOffice,Both AI & ML
2025,Neckarsulm (Kernstadt),Baden-Württemberg,machine learning,Statistics and Data,DataMining,Both AI & ML
2025,Köln,Nordrhein-Westfalen,python,Occupational Attributes,Programming,Both AI & ML
2025,Köln,Nordrhein-Westfalen,sql,Statistics and Data,StructuredData,Both AI & ML
2025,Köln,Nordrhein-Westfalen,machine learning,Statistics and Data,DataMining,Both AI & ML
2025,Köln,Nordrhein-Westfalen,deutsch,General,ForeignLanguage,Both AI & ML
2025,Bremen,Bremen,flexible,Employee Attributes,Adaptability,Both AI & ML
2025,Berlin,Berlin,machine learning,Statistics and Data,DataMining,Both AI & ML
2025,Berlin,Berlin,documentation,Decision Making and Analytical,MSOffice,Both AI & ML
2025,Berlin,Berlin,competitive,Communication,Generic,Both AI & ML
2025,Berlin,Berlin,analysis,Decision Making and Analytical,DecisionMaking,Both AI & ML
2025,Berlin,Berlin,kubernetes,MLOps,Tools,Both AI & ML
2025,Berlin,Berlin,kubernetes,MLOps,Tools,Both AI & ML
2025,Berlin,Berlin,communication,Decision Making and Analytical,MSOffice,Both AI & ML
2025,Berlin,Berlin,collaboration,Decision Making and Analytical,Interpersonal,Both AI & ML
2025,Dresden,Sachsen,programmieren,Occupational Attributes,Programming,Both AI & ML
2025,Dresden,Sachsen,python,Occupational Attributes,Programming,Both AI & ML
2025,Dresden,Sachsen,bash,Occupational Attributes,Programming,Both AI & ML
2025,Dresden,Sachsen,analyse,Decision Making and Analytical,DecisionMaking,Both AI & ML
2025,Dresden,Sachsen,berichte,Occupational Attributes,Visualization,Both AI & ML
2025,Leipzig,Sachsen,analyse,Decision Making and Analytical,DecisionMaking,Both AI & ML
2025,Leipzig,Sachsen,analyse,Decision Making and Analytical,DecisionMaking,Both AI & ML
2025,Leipzig,Sachsen,analyse,Decision Making and Analytical,DecisionMaking,Both AI & ML
2025,Leipzig,Sachsen,zusammenarbeit,Decision Making and Analytical,Interpersonal,Both AI & ML
2025,Leipzig,Sachsen,architektur,Occupational Attributes,Hardware,Both AI & ML
2025,München,Bayern,zusammenarbeit,Decision Making and Analytical,Interpersonal,Both AI & ML
2025,München,Bayern,mlops,MLOps,Core,Both AI & ML
2025,München,Bayern,azure,Cloud Platforms,Azure,Both AI & ML
2025,München,Bayern,integration,Occupational Attributes,EnterpriseSystem,Both AI & ML
2025,München,Bayern,implementierung,Decision Making and Analytical,DecisionMaking,Both AI & ML
2025,München,Bayern,spark,Statistics and Data,BigData,Both AI & ML
2025,München,Bayern,kafka,Data Engineering,IngestionStreaming,Both AI & ML
2025,München,Bayern,mlops,MLOps,Core,Both AI & ML
2025,München,Bayern,databricks,MLOps,Platforms,Both AI & ML
2025,München,Bayern,machine learning,Statistics and Data,DataMining,Both AI & ML
2025,München,Bayern,databricks,MLOps,Platforms,Both AI & ML
2025,München,Bayern,spark,Statistics and Data,BigData,Both AI & ML
2025,München,Bayern,kafka,Data Engineering,IngestionStreaming,Both AI & ML
2025,München,Bayern,python,Occupational Attributes,Programming,Both AI & ML
2025,München,Bayern,scala,Occupational Attributes,Programming,Both AI & ML
2025,München,Bayern,java,Occupational Attributes,Programming,Both AI & ML
2025,München,Bayern,sql,Statistics and Data,StructuredData,Both AI & ML
2025,München,Bayern,azure,Cloud Platforms,Azure,Both AI & ML
2025,München,Bayern,aws,Cloud Platforms,AWS,Both AI & ML
2025,München,Bayern,gcp,Cloud Platforms,GCP,Both AI & ML
2025,München,Bayern,airflow,MLOps,Tools,Both AI & ML
2025,München,Bayern,kubernetes,MLOps,Tools,Both AI & ML
2025,München,Bayern,docker,MLOps,Tools,Both AI & ML
2025,München,Bayern,deutsch,General,ForeignLanguage,Both AI & ML
2025,München,Bayern,flexible,Employee Attributes,Adaptability,Both AI & ML
2025,Waiblingen,Baden-Württemberg,datenanalyse,General,Research,Both AI & ML
2025,Waiblingen,Baden-Württemberg,datenanalyse,General,Research,Both AI & ML
2025,Waiblingen,Baden-Württemberg,datenanalyse,General,Research,Both AI & ML
2025,Waiblingen,Baden-Württemberg,mathematik,General,Numeracy,Both AI & ML
2025,Waiblingen,Baden-Württemberg,python,Occupational Attributes,Programming,Both AI & ML
2025,Grasbrunn,Bayern,sql,Statistics and Data,StructuredData,Both AI & ML
2025,Grasbrunn,Bayern,kommunikation,Decision Making and Analytical,MSOffice,Both AI & ML
2025,,Bayern,responsible,Communication,Generic,Both AI & ML
2025,,Bayern,saas,Occupational Attributes,EnterpriseSystem,Both AI & ML
2025,,Bayern,testing,Decision Making and Analytical,DecisionMaking,Both AI & ML
2025,,Bayern,implementation,Decision Making and Analytical,DecisionMaking,Both AI & ML
2025,,Bayern,design,Decision Making and Analytical,DecisionMaking,Both AI & ML
2025,,Bayern,integration,Occupational Attributes,EnterpriseSystem,Both AI & ML
2025,,Bayern,kafka,Data Engineering,IngestionStreaming,Both AI & ML
2025,,Bayern,aws,Cloud Platforms,AWS,Both AI & ML
2025,,Bayern,mongodb,Statistics and Data,StructuredData,Both AI & ML
2025,,Bayern,aws,Cloud Platforms,AWS,Both AI & ML
2025,,Bayern,docker,MLOps,Tools,Both AI & ML
2025,,Bayern,communication,Decision Making and Analytical,MSOffice,Both AI & ML
2025,,Bayern,english,General,ForeignLanguage,Both AI & ML
2025,,Bayern,python,Occupational Attributes,Programming,Both AI & ML
2025,,Bayern,javascript,Occupational Attributes,Programming,Both AI & ML
2025,,Bayern,machine learning,Statistics and Data,DataMining,Both AI & ML
2025,,Bayern,nlp,Specialized ML,NLP,Both AI & ML
2025,,Bayern,competitive,Communication,Generic,Both AI & ML
2025,,Bayern,hardware,Occupational Attributes,Hardware,Both AI & ML
2025,,Bayern,english,General,ForeignLanguage,Both AI & ML
2025,Berlin,Berlin,zusammenarbeit,Decision Making and Analytical,Interpersonal,Both AI & ML
2025,Berlin,Berlin,übersetzung,Specialized ML,NLP,Both AI & ML
2025,Berlin,Berlin,recherche,General,Research,Both AI & ML
2025,Berlin,Berlin,englisch,General,ForeignLanguage,Both AI & ML
2025,Berlin,Berlin,deutsch,General,ForeignLanguage,Both AI & ML
2025,München,Bayern,sap,Occupational Attributes,EnterpriseSystem,Both AI & ML
2025,München,Bayern,sap,Occupational Attributes,EnterpriseSystem,Both AI & ML
2025,München,Bayern,sap,Occupational Attributes,EnterpriseSystem,Both AI & ML
2025,München,Bayern,sap,Occupational Attributes,EnterpriseSystem,Both AI & ML
2025,München,Bayern,sap,Occupational Attributes,EnterpriseSystem,Both AI & ML
2025,München,Bayern,zusammenarbeit,Decision Making and Analytical,Interpersonal,Both AI & ML
2025,München,Bayern,sap,Occupational Attributes,EnterpriseSystem,Both AI & ML
2025,München,Bayern,sap,Occupational Attributes,EnterpriseSystem,Both AI & ML
2025,München,Bayern,sap,Occupational Attributes,EnterpriseSystem,Both AI & ML
2025,München,Bayern,integration,Occupational Attributes,EnterpriseSystem,Both AI & ML
2025,München,Bayern,java,Occupational Attributes,Programming,Both AI & ML
2025,München,Bayern,integration,Occupational Attributes,EnterpriseSystem,Both AI & ML
2025,München,Bayern,sap,Occupational Attributes,EnterpriseSystem,Both AI & ML
2025,München,Bayern,sap,Occupational Attributes,EnterpriseSystem,Both AI & ML
2025,München,Bayern,implementierung,Decision Making and Analytical,DecisionMaking,Both AI & ML
2025,München,Bayern,sap,Occupational Attributes,EnterpriseSystem,Both AI & ML
2025,München,Bayern,machine learning,Statistics and Data,DataMining,Both AI & ML
2025,München,Bayern,machine learning,Statistics and Data,DataMining,Both AI & ML
2025,München,Bayern,big data,Statistics and Data,BigData,Both AI & ML
2025,München,Bayern,sap,Occupational Attributes,EnterpriseSystem,Both AI & ML
2025,München,Bayern,sap,Occupational Attributes,EnterpriseSystem,Both AI & ML
2025,Düsseldorf,Nordrhein-Westfalen,machine learning,Statistics and Data,DataMining,Both AI & ML
2025,Düsseldorf,Nordrhein-Westfalen,implementierung,Decision Making and Analytical,DecisionMaking,Both AI & ML
2025,Düsseldorf,Nordrhein-Westfalen,kommunikation,Decision Making and Analytical,MSOffice,Both AI & ML
2025,Düsseldorf,Nordrhein-Westfalen,implementierung,Decision Making and Analytical,DecisionMaking,Both AI & ML
2025,Düsseldorf,Nordrhein-Westfalen,zusammenarbeit,Decision Making and Analytical,Interpersonal,Both AI & ML
2025,Düsseldorf,Nordrhein-Westfalen,datenanalyse,General,Research,Both AI & ML
2025,Düsseldorf,Nordrhein-Westfalen,kommunikation,Decision Making and Analytical,MSOffice,Both AI & ML
2025,Düsseldorf,Nordrhein-Westfalen,programmierung,Occupational Attributes,Programming,Both AI & ML
2025,Düsseldorf,Nordrhein-Westfalen,forecasting,Statistics and Data,DataMining,Both AI & ML
2025,Düsseldorf,Nordrhein-Westfalen,nlp,Specialized ML,NLP,Both AI & ML
2025,München,Bayern,machine learning,Statistics and Data,DataMining,Both AI & ML
2025,München,Bayern,architektur,Occupational Attributes,Hardware,Both AI & ML
2025,München,Bayern,mathematik,General,Numeracy,Both AI & ML
2025,München,Bayern,statistik,Statistics and Data,Statistics,Both AI & ML
2025,München,Bayern,python,Occupational Attributes,Programming,Both AI & ML
2025,München,Bayern,sql,Statistics and Data,StructuredData,Both AI & ML
2025,München,Bayern,langchain,Generative AI,Tools,Both AI & ML
2025,München,Bayern,openai,Generative AI,Tools,Both AI & ML
2025,München,Bayern,spark,Statistics and Data,BigData,Both AI & ML
2025,München,Bayern,scala,Occupational Attributes,Programming,Both AI & ML
2025,München,Bayern,guardrails,Generative AI,EvaluationMonitoring,Both AI & ML
2025,München,Bayern,classification,Statistics and Data,DataMining,Both AI & ML
2025,München,Bayern,azure,Cloud Platforms,Azure,Both AI & ML
2025,München,Bayern,aws,Cloud Platforms,AWS,Both AI & ML
2025,München,Bayern,deutsch,General,ForeignLanguage,Both AI & ML
2025,München,Bayern,german,General,ForeignLanguage,Both AI & ML
2025,Raunheim,Hessen,machine learning,Statistics and Data,DataMining,Both AI & ML
2025,Raunheim,Hessen,sap,Occupational Attributes,EnterpriseSystem,Both AI & ML
2025,Raunheim,Hessen,sap,Occupational Attributes,EnterpriseSystem,Both AI & ML
2025,Ottobrunn,Bayern,machine learning,Statistics and Data,DataMining,Both AI & ML
2025,Ottobrunn,Bayern,nlp,Specialized ML,NLP,Both AI & ML
2025,Ottobrunn,Bayern,motivated,Employee Attributes,Motivation,Both AI & ML
2025,Ottobrunn,Bayern,machine learning,Statistics and Data,DataMining,Both AI & ML
2025,Ottobrunn,Bayern,accuracy,Employee Attributes,DetailOriented,Both AI & ML
2025,Ottobrunn,Bayern,transparency,Ethical and Responsible AI,EthicalAI,Both AI & ML
2025,Ottobrunn,Bayern,nlp,Specialized ML,NLP,Both AI & ML
2025,Ottobrunn,Bayern,accuracy,Employee Attributes,DetailOriented,Both AI & ML
2025,Ottobrunn,Bayern,analysis,Decision Making and Analytical,DecisionMaking,Both AI & ML
2025,Ottobrunn,Bayern,nlp,Specialized ML,NLP,Both AI & ML
2025,Ottobrunn,Bayern,analysis,Decision Making and Analytical,DecisionMaking,Both AI & ML
2025,Ottobrunn,Bayern,python,Occupational Attributes,Programming,Both AI & ML
2025,Ottobrunn,Bayern,nlp,Specialized ML,NLP,Both AI & ML
2025,Ottobrunn,Bayern,analysis,Decision Making and Analytical,DecisionMaking,Both AI & ML
2025,,Sachsen-Anhalt,scaling,Generative AI,Serving,Both AI & ML
2025,,Sachsen-Anhalt,responsible,Communication,Generic,Both AI & ML
2025,,Sachsen-Anhalt,architecture,Occupational Attributes,Hardware,Both AI & ML
2025,,Sachsen-Anhalt,scaling,Generative AI,Serving,Both AI & ML
2025,,Sachsen-Anhalt,architecture,Occupational Attributes,Hardware,Both AI & ML
2025,München,Bayern,integration,Occupational Attributes,EnterpriseSystem,Both AI & ML
2025,München,Bayern,accuracy,Employee Attributes,DetailOriented,Both AI & ML
2025,Großwallstadt,Bayern,machine learning,Statistics and Data,DataMining,Both AI & ML
2025,Großwallstadt,Bayern,motiviert,Employee Attributes,Motivation,Both AI & ML
2025,Großwallstadt,Bayern,machine learning,Statistics and Data,DataMining,Both AI & ML
2025,Großwallstadt,Bayern,machine learning,Statistics and Data,DataMining,Both AI & ML
2025,Großwallstadt,Bayern,kooperation,Decision Making and Analytical,Interpersonal,Both AI & ML
2025,Großwallstadt,Bayern,analyse,Decision Making and Analytical,DecisionMaking,Both AI & ML
2025,Großwallstadt,Bayern,planung,Data Engineering,Orchestration,Both AI & ML
2025,Stuttgart,Baden-Württemberg,kooperation,Decision Making and Analytical,Interpersonal,Both AI & ML
2025,Stuttgart,Baden-Württemberg,machine learning,Statistics and Data,DataMining,Both AI & ML
2025,Dresden,Sachsen,german,General,ForeignLanguage,Both AI & ML
2025,Dresden,Sachsen,kommunikation,Decision Making and Analytical,MSOffice,Both AI & ML
2025,Dresden,Sachsen,eigenständig,Employee Attributes,Independence,Both AI & ML
2025,Dresden,Sachsen,scraping,Occupational Attributes,Scraping,Both AI & ML
2025,Dresden,Sachsen,machine learning,Statistics and Data,DataMining,Both AI & ML
2025,Berlin,Berlin,python,Occupational Attributes,Programming,Both AI & ML
2025,Berlin,Berlin,machine learning,Statistics and Data,DataMining,Both AI & ML
2025,Berlin,Berlin,creative,Decision Making and Analytical,Creativity,Both AI & ML
2025,Berlin,Berlin,collaboration,Decision Making and Analytical,Interpersonal,Both AI & ML
2025,Berlin,Berlin,proactive,Employee Attributes,Other,Both AI & ML
2025,Berlin,Berlin,confident,Employee Attributes,Confidence,Both AI & ML
2025,Berlin,Berlin,english,General,ForeignLanguage,Both AI & ML
2025,Berlin,Berlin,german,General,ForeignLanguage,Both AI & ML
2025,Berlin,Berlin,motivated,Employee Attributes,Motivation,Both AI & ML
2025,Potsdam,Brandenburg,sap,Occupational Attributes,EnterpriseSystem,Both AI & ML
2025,Potsdam,Brandenburg,collaboration,Decision Making and Analytical,Interpersonal,Both AI & ML
2025,Potsdam,Brandenburg,sap,Occupational Attributes,EnterpriseSystem,Both AI & ML
2025,Potsdam,Brandenburg,machine learning,Statistics and Data,DataMining,Both AI & ML
2025,Potsdam,Brandenburg,creative,Decision Making and Analytical,Creativity,Both AI & ML
2025,Potsdam,Brandenburg,python,Occupational Attributes,Programming,Both AI & ML
2025,Potsdam,Brandenburg,design,Decision Making and Analytical,DecisionMaking,Both AI & ML
2025,Potsdam,Brandenburg,design,Decision Making and Analytical,DecisionMaking,Both AI & ML
2025,Potsdam,Brandenburg,machine learning,Statistics and Data,DataMining,Both AI & ML
2025,Potsdam,Brandenburg,machine learning,Statistics and Data,DataMining,Both AI & ML
2025,Mannheim,Baden-Württemberg,python,Occupational Attributes,Programming,Both AI & ML
2025,Mannheim,Baden-Württemberg,python,Occupational Attributes,Programming,Both AI & ML
2025,Mannheim,Baden-Württemberg,python,Occupational Attributes,Programming,Both AI & ML
2025,Mannheim,Baden-Württemberg,postgresql,Statistics and Data,StructuredData,Both AI & ML
2025,Mannheim,Baden-Württemberg,analyse,Decision Making and Analytical,DecisionMaking,Both AI & ML
2025,Mannheim,Baden-Württemberg,integration,Occupational Attributes,EnterpriseSystem,Both AI & ML
2025,Mannheim,Baden-Württemberg,analyse,Decision Making and Analytical,DecisionMaking,Both AI & ML
2025,Mannheim,Baden-Württemberg,python,Occupational Attributes,Programming,Both AI & ML
2025,Mannheim,Baden-Württemberg,datenanalyse,General,Research,Both AI & ML
2025,Mannheim,Baden-Württemberg,machine learning,Statistics and Data,DataMining,Both AI & ML
2025,Mannheim,Baden-Württemberg,gis,Decision Making and Analytical,Analytical,Both AI & ML
